id,text,foot_notes
1,慈悲あまねく*慈愛深き*アッラー*の御名において。,
2,全創造物の主*、アッラー*に称賛*あれ、,
3,慈悲あまねく慈愛深きお方、,
4,報いの日*の支配者（に）。,
5,私たちはあなただけを崇拝*し，あなただけにお力添えを乞います[1]。 <sup foot_note=>1</sup>,
6,私たちを、まっすぐな道[1]へとお導きください。 <sup foot_note=>1</sup>,
7,あなたが恩恵をお授けになった者たち[1]、つまり、（あなたの）お怒りを受けるでもなく、迷うでもない者たち[2]の道へ。[3] <sup foot_note=>1</sup>,
8,アリフ・ラーム・ミーム。[1] <sup foot_note=>1</sup>,
9,それ（クルアーン*）は疑惑の余地のない啓典、（アッラー*を）畏れる*者たちにとっての導きである。,
10,（彼らは）不可視の世界*を信じ、礼拝を遵守し*、われら*が彼らに授けたものから（施しのために）費やす[1]者たち。 <sup foot_note=>1</sup>,
11,また（使徒*よ）、あなたに下されたもの（クルアーン*）と、あなた以前に下されたもの（啓典）を信じ、来世をこそ確信する者たち。,
12,それらの者たちは、彼らの主*からの導きの上にある者たちである。そしてそれらの者たちこそは、成功者なのだ。,
13,（使徒*よ）本当に、不信仰に陥った*者たちは、あなたが彼らに警告しようと警告しまいと同じことで、信じはしない。,
14,アッラー*は彼らの心と聴覚を塞がれたのであり、彼らの視覚には覆いがかけられている[1]。そして彼らには、厳しい懲罰があるのだ。 <sup foot_note=>1</sup>,
15,また人々の中には、信仰者でもないのに、「私たちはアッラー*と最後の日*を信じる」と言う（偽信）者*がいる。,
16,彼らは、アッラーと信仰する者たちを欺いている（と思っている）。（実際は）気付かずに、自らを欺いているに外ならないのに[1]。 <sup foot_note=>1</sup>,
17,彼らの心の中には病[1]があり、アッラー*は彼らに（その）病を上乗せされた。そして彼らには、彼らが嘘をついていたことゆえの、痛ましい懲罰があるのだ。 <sup foot_note=>1</sup>,
18,また彼らは、「地上で腐敗*を働いてはならない」と言われれば、「私たちは外でもない、改善者だ」と言った。,
19,本当に彼らこそは、腐敗を働く者たちではないか。しかし彼らは、気づいていないのだ。,
20,また彼らは、「人々（信仰者たち）が信仰したように、信仰せよ」と言われると、言った。「愚か者たちが信じたように、私たちも信じると言うのか？」本当に彼らこそ、愚か者なのではないか。しかし彼らには、分からないのだ。,
21,また、彼らは信仰する者たちに会えば、「私たちは信じる」と言った。そして、彼らのシャイターン*達[1]とだけになれば、（彼らにこう）言ったのだ。「本当に私たちは、あなた方と共にある。私たちは、ただ（彼らを）愚弄する者なのである」。 <sup foot_note=>1</sup>,
22,アッラー*が彼らを愚弄されるのだ[1]。そしてかれは、彼らが彷徨うままに、彼らの放埓さに更なる拍車をおかけになる。 <sup foot_note=>1</sup>,
23,それらの者たちは導きと引き換えに、迷妄を買った者たち。そして彼らの売買は実を結ばなかったのであり、彼らは導かれた者ではなかったのである。,
24,彼ら（偽信者*）の状態は、火を灯して（それが）自分の回りを照らしたかと思いきや、アッラー*がその明かりを消し去られ、闇の中に何も見えないまま放置された者のようである。[1] <sup foot_note=>1</sup>,
25,（彼らは真理において）聾で、唖で、盲人[1]であり、（迷妄から信仰へと）戻ることがない。 <sup foot_note=>1</sup>,
26,あるいは（彼らは）、闇と雷鳴[1]と稲光を伴う、天からの大雨（の中にある者たち）のよう。彼らは死を恐れ、電ゆえに指でその耳を塞ぐ[2]。アッラー*は、不信仰者*たちを悉く包囲される*お方。 <sup foot_note=>1</sup>,
27,稲光は、彼らの視覚を奪わんばかり。彼らは（それが）彼らを照らす度に歩を進め、暗闇が彼らを覆うと立ち止まる。そして、もしアッラー*がお望みなら、彼らの聴覚と視覚をお取り去りになったのである。本当にアッラー*は、全てのことがお出来のお方なのだから。,
28,人々よ、あなた方と、それ以前の者たちを創造されたあなた方の主*（アッラー*）を崇拝*するのだ。それはあなた方が、敬虔*になるためである。,
29,あなた方のために大地を敷物とされ、空を屋根とされ、天からは（雨）水をお降らしになり、あなた方の糧とすべく、それにより（様々な）果実を実らせられたお方を。ならば（アッラー*が唯一の主*であり、崇拝*すべきお方だと）知りつつ、アッラー*に同位者を設けて（崇拝*して）はならない。,
30,（不信仰者*たちよ、）もしあなた方が、われら*がわれら*の僕（ムハンマド*）に下したもの（クルアーン*）について疑惑を抱いているのなら、それと同等のスーラ*を一つでもよいから創作し、アッラー*以外のあなた方の証人（の助け）を呼んでみるがいい。もしあなた方が、本当のことを言っているというのならば[1]。 <sup foot_note=>1</sup>,
31,そして、もしそう出来ないのなら——あなた方は絶対にそう出来ないのだが——、（預言者*への信仰とアッラー*への服従によって、）その燃料が人間と石である（地獄の）炎から身を守るのだ[1]。それは不信仰者*たちのために準備されている。 <sup foot_note=>1</sup>,
32,また（使徒*よ）、信仰して正しい行い*を行う者たちには、彼らのために、その下から河川が流れる楽園があるという吉報を伝えよ。かれらはそこで果実の糧を授かるたびに「これは、私たちが以前授かっていたものだ」と言う——彼らには、似たものが授けられるのだ[1]――。またそこには彼らのために、純潔な妻[2]たちがいる。彼らはそこに永遠に住むのである。 <sup foot_note=>1</sup>,
33,本当にアッラー*は、蚊やそれ以上の（取るに足らない）ものでも、譬えとされることを恥じたりはなされない[1]。信仰する者たちはといえば、それが主*からの真理であるということを知る。そして一方、不信仰に陥った*者たちは、「アッラー*は、この譬えで何を望んだのか？」などと言う。かれはそれ（試練）によって多くの者を迷わせ、また多くの者を導かれるのだ。かれが迷わせられるのは、放逸な者たちだけである。 <sup foot_note=>1</sup>,
34,（彼らは）アッラー*との契約[1]をその確約後に破り、アッラー*が繋ぎとめられるよう命じられたものを断って[2]、地上で腐敗*を働く者たち。それらの者たちこそは、損失者である。 <sup foot_note=>1</sup>,
35,（シルク*の徒よ、）あなた方はどうして、アッラー*を否定するのか？かれは、（創造される以前、）死んでいる状態にあったあなた方に生命をお授けけになり、やがてあなた方を死なせ給い、そして（また復活の日*には）あなた方に生をお授けになり、それからあなた方はかれの御許に戻される[1]というのに？ <sup foot_note=>1</sup>,
36,かれは地上にある全てのものをあなた方のために創造され、それから天（の創造）をお望みになり、七層の天を完成されたお方。そしてかれは、全てのことをご存知のお方なのである。,
37,（使徒*よ、）あなたの主*が天使*たちに、「本当にわれは、地上に継承者[1]を置こう」と仰せられた時のこと（を、人々に思い起こさせよ）。彼ら（天使*たち）は申し上げた。「あなたはそこで腐敗を働き、血を流すものを（継承者として）置かれるのですか？私たちはあなたへの称賛*と共に（あなたを）称え*、あなたを神聖なお方として崇めていますのに」。かれは仰せられた。「本当にわれは、あなた方が知らないことを知っているのだ」。 <sup foot_note=>1</sup>,
38,かれはアーダム*に、（物の）名を全てお教えになった。それからそれらを天使*たちに示して、仰せられた。「これらの物の名を、われに告げてみよ。もしあなた方が、真実を語っているというのであれば」。,
39,彼らは申し上げた。「あなたに称え*あれ。あなたが私たちに教えて下さったもの以外、私たちには知識などございません。あなたこそは全知者、英知あふれる*お方なのですから」。,
40,かれらは仰せられた。「アーダム*よ、彼ら（天使*たち）にそれらの名を告げてやるがよい」。そして彼（アーダム*）がそれらを彼らに告げた時、かれは仰せられた。「一体われは、あなた方に言わなかったのか？われこそは諸天と大地における不可視の世界*も、あなた方が露わにすることも隠すことも知っているのだ、ということを」。,
41,われら*が天使*たちに「アーダム*にサジダ*せよ[1]」と言い、そして彼らがサジダ*した時のこと（を思い起こさせよ）。但しイブリース*は、別だった。彼は（サジダ*を）拒絶し、驕り高ぶり、不信仰者*となった。[2] <sup foot_note=>1</sup>,
42,そしてわれら*は言った。「アーダム*よ、あなたとあなたの妻は楽園[1]に住んで、その中のどこでも望む所から快く存分に食べるがよい。そして、この木[2]には近づいて（その実を食べて）はならない。（そうすれば）あなた方は、不正*者になってしまうから」。 <sup foot_note=>1</sup>,
43,するとシャイターン*は、それ（木）で二人を（唆して足を）滑らさせ、彼らがいた場所から追い出してしまった[1]。われら*は言った。「あなた方は（シャイターン*と）互いに敵となって、（楽園から）落ちて行け。そしてあなた方には地上で、暫しの[2]住まいと楽しみがある」。 <sup foot_note=>1</sup>,
44,それからアーダム*は、彼の主*から御言葉[1]を授かった。そして（その御言葉で悔悟し）、かれらはその悔悟をお受け入れになった。本当にかれこそは、よく悔悟をお受け入れになる*お方、慈愛深い*お方なのだから。 <sup foot_note=>1</sup>,
45,われら*は言った、「あなた方は皆、そこ（楽園）から落ちて行け。そして、もしあなた方にわが御許から導き（使徒*と啓典）が到来した時、わが導きに従う者があれば、彼らには恐れもなければ、悲しむこともない[1]。 <sup foot_note=>1</sup>,
46,そして、われら*の御徴[1]を否定し、それを嘘とした者たちは（地獄の）業火の民。かれらはそこに、永遠に留まるのだ」。 <sup foot_note=>1</sup>,
47,イスラーイールの子ら*よ、われがあなた方に授けたわが恩恵を思い起こし、われとの契約を全うせよ[1]。（そうすれば）われも、あなた方との契約を全うしよう[2]。そして、われだけを恐れるのだ。 <sup foot_note=>1</sup>,
48,また、われがあなた方の許にあるものの確証として下したもの（クルアーン*）を、信じよ。それを否定する者たちの先駆けとなってはならない。そして、われの御徴と引き換えに僅かな値打ちのものを買ったりせず、われだけを畏れ*よ。,
49,また、知っていながら、真理に虚妄を紛れさせたり、真理を隠蔽したりしてはならない。,
50,そして礼拝を遵守*し、浄財*を支払い、ルクーゥ*する者たちと一緒にルクーゥ*するのだ。,
51,一体（イスラーイールの子ら*と、その学者たちよ）、あなた方は啓典を読誦しているというのに、人々には善を命じながら、自分たちのことは忘れているのか？一体、あなた方は分別しないのか？,
52,また、忍耐*と礼拝を助力とせよ。それは、（アッラー*に）恭順な者[1]たち以外には困難なことであるが。 <sup foot_note=>1</sup>,
53,（彼らは復活の日*に、）自分たちの主*に拝謁することを、そして自分たちがかれの御許に戻っていくということを、確信する者たち。,
54,イスラーイールの子ら*よ、われがあなた方⁴に授けた、わが恩恵を思い起こすのだ。またわれがあなた方を、外のいかなる者よりも引き立ててやったことを[1]。 <sup foot_note=>1</sup>,
55,そして誰も他人を益することもなければ、いかなる執り成しも受理されず[1]、またどんな代償も受け入れられなければ、彼らが（誰にも）助けられることもない（復活の）日を、恐れよ。 <sup foot_note=>1</sup>,
56,また、われら*があなた方[1]を、フィルアウン*の一族から救い出した時のこと（を思い起こすがよい）。彼らはあなた方に過酷な懲罰を味わわせ、男児は殺しまくり、女児は生かしておいた[2]。そこには、あなた方の主*からの偉大な試練があったのだ。 <sup foot_note=>1</sup>,
57,また、われら*があなた方のために海を分けてあなた方を救い、あなた方の見ている前でフィルアウン*の一族を溺れさせた時[1]のこと（を思い起こせ）。 <sup foot_note=>1</sup>,
58,また、われら*がムーサー*と四十夜を約束した時[1]のこと（を思い起こすのだ）。その後あなた方はあ彼の（立ち去った）後に、不正*にも仔牛を（崇拝*の対象と）なした。[2] <sup foot_note=>1</sup>,
59,そしてその後、われら*はあなた方が感謝するようにと、あなた方を大目に見てやった。,
60,また、あなた方が導かれるようにと、われら*がムーサー*に識別の啓典[1]を授けた時のこと（を思い起こすのだ）。 <sup foot_note=>1</sup>,
61,そして、ムーサー*が彼の民に（こう）言った時のこと（を思い起こすがよい）。「我が民よ、本当にあなた方は仔牛を（崇拝*の対象と）なしたことで、自分自身に不正*を働いた。ならば、あなた方の創生者*に悔悟し、あなた方自身を殺すのだ[1]。それがあなた方にとって、あなた方の創生者の御許でより善いことなのである」。こうして、かれはあなた方から悔悟をお受け入れになった。本当にかれこそは、よく悔悟をお受け入れになる*お方、慈愛深い*お方なのだから。 <sup foot_note=>1</sup>,
62,また、あなた方が（こう）言った時のこと（を思い起こすのだ）。「ムーサー*よ、私たちはアッラー*をこの眼でみるまで、あなたを信じない」。それであなた方の見ている前で、稲妻があなた方を捕らえ（、あなた方は死んでしまっ）た。,
63,それから、われら*はあなた方が感謝するようにと、あなた方が死んだ後に生き返した。,
64,そして、われら*は薄い白雲であなた方の上に日陰を作り、あなた方にマンヌとウズラ[1]を下し（て、言っ）た。「われら*があなた方に授けた、よきものを食べよ」。彼らがあれら*に不正*を働いたのではない。しかし彼らは、自分自身に不正*を働いていたのである。[2] <sup foot_note=>1</sup>,
65,また、われら*が（こう）言った時のこと（を思い起こすのだ）。「この町[1]に入り、どこからでも快く存分に食べよ。そして身を低めて謹んで門に入り、『（私たちが望むのは、罪の）免除です』と言うのだ。（そうすれば）われら*は、あなた方の過ちを赦してやろう。善を尽くす者[2]には、更に（褒美を）上乗せしてやる」。 <sup foot_note=>1</sup>,
66,すると不正*者たちは、御言葉を彼らに言われたのではないものと変えてしまった。そこでわれらはその放逸な振る舞いゆえに、不正*者たちに天から（罰の）制裁を下した。[1] <sup foot_note=>1</sup>,
67,また。ムーサー*がその民のために、水を乞うて祈った時のこと（を思い起こすがよい）。それでわれら*は「あなたの杖で、岩を叩いてみよ」と言った。するとそこから十二の泉があふれ、（彼らの内の）全ての人々[1]は、確かに自分たちの水場を知った。（われら*は言った。）「アッラー*の糧から食べ、飲むがよい。そして腐敗*を働く者となって、地上で退廃を広めてははならない」。 <sup foot_note=>1</sup>,
68,また、あなた方が（こう）言った時のこと（を思い起こすのだ）。「ムーサー*よ、私たちは一種類の食べ物には耐えられない。だからあなたの主*にお願いして、私たちに野菜、キュウリ、穀物、レンズ豆、玉葱といった、大地に育つものを出してもらってくれ」。彼（ムーサー*）は言った。「あなた方はより善いものを、それ以下のものと取り換えるというのか？（この荒野を去って）町に行くがよい。そうすればきっと、あなた方の求めるものがあるだろう」。彼らは屈辱と貧困に付きまとわれ、アッラー*のお怒りと共に戻って来た[1]。それというのも彼らはアッラー*の御徴を否定し、不当にも預言者*たちを殺害していたからである。それは彼らが（アッラー*に）反抗し、（かれの法に反することにおいて）度を越していたためなのだ。[2] <sup foot_note=>1</sup>,
69,本当に、信仰する者たち、ユダヤ教徒*である者たち、キリスト教徒*たち、サービア教徒*たちで、アッラー*と最後の日*を信じて正しい行い*を行う者、彼らには、その主*の御許に褒美がある[1]。そして彼らには怖れもなければ、悲しむこともない[2]。 <sup foot_note=>1</sup>,
70,また（イスラーイールのこら*よ）、われら*があなた方の確約を取った時のこと（を思い起こすのだ）[1]。われらはあなた方の上に山を掲げ（、言っ）た[2]。「われらがあなた方に授けたものを、真摯に受け取るがよい[3]。そして（わが懲罰を）畏れる*べく、その内容を教訓とするのだ」。 <sup foot_note=>1</sup>,
71,そしてその後（再び）、あなた方は背き去った。あなた方に対するアッラー*のご恩寵とご慈悲がなければ、あなた方は損失者となっていたであろう。,
72,またあなた方は、あなた方の（先祖の）内、土曜（の安息）日を破った者たちのことを確かに知った[1]。そしてわれら*は彼らに、「追いやられた惨めな猿になってしまえ」と言った。 <sup foot_note=>1</sup>,
73,こうしてわれら*は、それ（海岸の町）をその時代と、（同様の罪を犯す）それ以後の者たちに対する（見せしめの）罰とし、敬虔な*者たちへの訓戒としたのである。,
74,また（イスラーイールの子ら*よ）、ムーサー*が彼の民にこう言った時のこと（を、思い起こしてみよ）。「本当にアッラー*は、あなた方に一頭の雌牛を屠るよう命じておられる」。彼らは言った。「一体あなたは、私たちを馬鹿にしているのか？」彼（ムーサー*）は言った。「私は自分が無知な（嘲笑）者たちの仲間とならないよう、アッラー*にご加護を祈る」。,
75,彼らは言った。「あなたの主*に、それがどんなものか私たちに明らかにしてくれるよう、お願いしてくれ」。彼（ムーサー*）は言った。「本当にかれは、実にそれが年老いた牛でも仔牛でもなく、丁度その中間にあたる雌牛である、と仰せられる。ならば、命じられたことをせよ」。,
76,彼らは言った。「あなたの主*に、その色について私たちに明らかにしてくれるよう、お願いしてくれ」。彼（ムーサー*）は言った。「本当にかれは、実にそれが見る者を楽しませる、鮮やかな真っ黄色の雌牛である、と仰せられる」。,
77,彼らは言った。「あなたの主*に、それがそんなものか私たちに明らかにしてくれるよう、お願いしてくれ。本当に雌牛は、私たちに似通って見えるのだ。そして本当に私たちは、——アッラー*がお望みならば——必ずや（目的の雌牛に）導かれるから」。,
78,彼（ムーサー*）は言った。「本当にかれは、実にそれが地面を耕したり、農地の灌漑をしたりする卑しめられたものではなく、混じり毛のない無疵の雌牛だ、と仰せられる」。彼らは言った。「あなたは今、ようやく真実を伝えてくれた」。こうして彼らは雌牛を（見つけ、嫌々）屠ったが、それをやり損ねそうなほど（頑迷）であった[1]。 <sup foot_note=>1</sup>,
79,あなた方[1]がある者を殺害し、そのことで（罪を）押し付け合った時のこと（を思い起こせ）[2]——アッラー*は、あなた方が隠蔽していたことを暴露される——。 <sup foot_note=>1</sup>,
80,それでわれら*は言った。「その（雌牛の）一部で、彼（死者）を叩いてみよ（、彼は生き返って犯人を告げるであろう）」。同様にアッラー*は（復活の日*）、死者を生き返らされ、あなた方が分別するよう、あなた方にその御徴[1]をお示しになるのだ」。 <sup foot_note=>1</sup>,
81,そしてその後、あなた方の心は硬くなり、岩のように、またそれ以上に硬くなった。本当に岩の中には、そこから河川が湧き出るものさえある。またその中には、割れて、そこから水が流れる出るものさえもある。またその中には、アッラー*への畏怖から、転げ落ちるものさえもあるのだ[1]。アッラー*はあなた方の行いに迂闊ではあられない。 <sup foot_note=>1</sup>,
82,一体あなた方（信仰者）は、彼ら（ユダヤ教徒*）があなた方（の宗教）を信じるようになることを、所望しているというのか？彼らの内の一部はアッラー*の御言葉を確かに聞き、それを理解した後に知りつつ、それを改竄したというのに。,
83,また、彼ら（ユダヤ教徒*）は信仰する者たちに出会うと、「私たちは（あなた方の宗教を）信じる」と言った。そして仲間内になると、（互いにこう）言ったのだ。「一体あなた方は、アッラー*があなた方に明らかにされたこと[1]を、彼ら（信仰者）に伝えるというのか？それによって彼らが、あなた方の主*の御許であなた方に反証するために？一体、あなた方は分別しないのか？」 <sup foot_note=>1</sup>,
84,一体彼らは、アッラー*が彼らの隠していることも露にしていることも、全てご存知であることを知らないのか？,
85,また、彼ら（ユダヤ教徒*）の中には啓典を知らない文盲もいて、ただ嘘を捏造するだけである。そしてかれらは、憶測しているに過ぎないのだ。,
86,それと引き換えに僅かな代価を得るため、自らの手で啓典を書き、「これは、アッラー*の御許から下されたもの」などと言う者に、災いあれ。そして彼らの手が書いたものゆえに、彼らに災いあれ。また、（そのことで）彼らが稼ぐものゆえに、彼らに災いあれ。,
87,また、彼ら（イスラーイールの子ら*）は言った。「（地獄の）業火が私たちに触れるのは、どうせ数日だけだ[1]」。（使徒*よ、）言ってやれ。「一体あなた方は、アッラー*の御許で（そのような）契約を結んだというのか？そうであるなら、アッラー*は決して契約を反故にはされない。それともあなた方はアッラー*に対し、知りもしないことをいうのか？」 <sup foot_note=>1</sup>,
88,いや、誰でも悪行を稼ぎ、自らの過ちが自分自身をがんじがらめにしてしまった者[1]、それらの者たちは業火の住民であり、彼らは永遠に留まるのだ。 <sup foot_note=>1</sup>,
89,そして信仰し、正しい行い*を行った者たち、それらの者たちは天国の住民であり、彼らはそこに永住する。,
90,また、われら*がイスラーイールの子ら*の（次のような）確約を取った時のこと（を思い起こすがよい）。「アッラー*以外の何ものも崇拝*してはならない。そして両親に孝行し、親戚、孤児、貧者*らにも（善行を尽くせ）。また人々に対しては善い言葉をかけ、礼拝を遵守*し、浄財*を支払うのだ」。（ところが）その後あなた方は、あなた方の内の僅かな者たちを除いて、身を翻し、背を向けた。,
91,また、（イスラーイールの子ら*よ）、われら*があなた方の（次のような）確約を取った時のこと（を思い起こしてみよ）。「あなた方の血を流したり、あなた方自身を住居から追放[1]したりしてはならない」。それからあなた方は（それが正しいことであることを）証言しつつ、承認した。 <sup foot_note=>1</sup>,
92,その後、あなた方という人たちは、罪と侵害をもって互いに（敵と）協力し合いながらあなた方殺し、あなた方の一派をその住居から追放する[1]。そして、もし彼らが捕虜となってあなた方のもとにやって来れば、かれらの追放が（そもそも）違法であるにも関わらず、あなた方は彼らの身代金を払う[2]。一体、あなた方は啓典の一部だけを信じ、他の部分は否定するというのか？ならば、あなた方の内でそのようなことをする者の報いは、現世の生活における屈辱でしかない。復活の日*、彼らはこの上なく厳しい懲罰へと戻されるのだ。アッラー*はあなた方の行いに、決して迂闊ではあられない。 <sup foot_note=>1</sup>,
93,それらの者たちは、来世と引き換えに現世の生活を買った者たち。ゆえに懲罰が、彼らから軽減されることもなければ、彼らが（誰かに）救われることもない。,
94,また、われら*は確かにムーサー*に啓典（トーラー*）を授け、使徒*たちにその後を継がせた[1]。そしてマルヤム*の子イーサー*に明証[2]を与え、聖霊[3]で彼を強めた。一体、使徒*があなた方の気に入らないものを携えてあなた方のもとに来るたびに、あなた方は傲慢になり、ある一派のことは嘘つき呼ばわりし、また別の一派のことは殺害するというのか？ <sup foot_note=>1</sup>,
95,彼ら（イスラーイールの子ら*）は、言った。「私たちの心は覆われている（から、あなたの言うことが分からない）」。いや、アッラー*はその不信仰ゆえに彼らを呪われた[1]のだ。彼らは、僅かばかりしか信仰しないことよ。 <sup foot_note=>1</sup>,
96,彼らは、——かつて、不信仰だった*者たちに対する勝利を求めていたにも関わらず——アッラー*の御許から彼らに、彼らのもとにあるものを確証する啓典がもたらされた時、そして彼らが知っていたものが彼らのもとに到来した時、それを否定したのだ[1]。ならばアッラー*の呪い[2]は、（使徒*ムハンマド*とクルアーン*を否定する全ての）不信仰者*たちの上にある。 <sup foot_note=>1</sup>,
97,彼ら（イスラーイールの子ら*）が、アッラー*が下されたものを妬みゆえに否定することで、自分自身と交換したものの、なんと醜悪なことか。アッラー*はその僕の内、お望みの者（ムハンマド*）にご恩寵を下されるというのに[1]。こうして彼らは（アッラー*の）お怒りの上に、更なるお怒りを買って戻って来た[2]。不信仰者*たちには、屈辱的な懲罰がある。 <sup foot_note=>1</sup>,
98,また彼ら（ユダヤ教徒*）は、「アッラー*が下されたもの（クルアーン*）を信じよ」と言われれば、「私たちは、自分たちに下されたもの（だけ）を信じる」と言った。そしてその後のものは、それが彼らのもとにあるものを確証する真理であるのに、否定するのだ。（使徒*よ）言ってやるがよい。「ならば、なぜあなた方は以前、アッラー*の預言者*たちを殺害したのか？もし、あなた方が（本当に）信仰者だとするならば」。,
99,ムーサー*は明証[1]を携えて、確かにあなた方[2]のもとにやって来た。それから、あなた方は彼の（出発）後、不正*にも仔牛を（崇拝*の対象と）なしたのである。[3] <sup foot_note=>1</sup>,
100,また、われら*があなた方の確約[1]を取った時のこと（を思い出してみよ）。われら*はあなた方の上に山を掲げ（、言っ）た[2]。「われら*があなた方に授けたものを、真摯に受け取り[3]、聴き従うのだ」。（しかし）彼らは言った。「私たちは聞きはするが、逆らおう」。そしてその不信仰ゆえに、彼らの心には仔牛（への愛情）が注ぎ込まれて（沁みこんで）しまったのだ。言ってやるがよい。「あなたがたの信仰があなた方に命じることの、何と醜悪なことか？もし、あなた方が（本当に）信仰者であるというなら」。 <sup foot_note=>1</sup>,
101,（使徒*よ、彼らイスラーイールの子ら*に）言ってやるがよい。「アッラー*の御許での来世の住まい（での恩恵）が、（他の）人々には許されないあなた方の専有であるのなら、死を望んでみたらいかがか？もし、あなた方が真実を語っているというのであれば（、だが）」。[1] <sup foot_note=>1</sup>,
102,彼らは自分たちが行ってきたことゆえ、決してそのようなことを望んだりはしまい。アッラー*は不正*者たちのことをご存知のお方。,
103,また（使徒*よ、）あなたは、彼ら（ユダヤ教徒*）が最も生に執着する人々であり、シルク*を犯している者たちよりもそうであるのを、必ずや見出すであろう。彼らの中には、千年でも生きたいと望む者がいる。（たとえそのように）長生きしたとしても、懲罰から逃れることは叶わないのだが。アッラー*は、彼らの行うことをご覧にな（り、それに対して応報を与えられ）るお方。,
104,言ってやるがよい。「たとえ、ジブリール*に対して敵対する者があろうと（、そのような敵対心には何のいわれもない）、実に彼（ジブリール*）はアッラー*のお許しにより、あなたの心にそれ（クルアーン*）を、それ以前のもの（諸啓典）の確証、信仰者たちにとっての導き、吉報として下した者なのだから[1]。 <sup foot_note=>1</sup>,
105,アッラー*とその天使*たち、その使徒*たち、ジブリール*、ミーカール（ミーカーイール*）に敵対する者があろうと、実にアッラー*は（そのような）不信仰者*たちに対しての敵なのだ」。,
106,（使徒*よ、）われら*は確かに、あなたへ明白な御徴[1]を下した。そしてそれを否定するのは、放逸な者たちのみである。 <sup foot_note=>1</sup>,
107,そして一体、彼ら（イスラーイールの子ら*）が契約を結ぶたび、彼らの内の一派はそれを破棄したというのか？いや、彼らの大半は信じない。,
108,また、アッラー*の御許から、彼らの手許にあるもの（トーラー*）を確証する使徒*（ムハンマド*）が到来した時、啓典を授かっていた民の一派はあたかも何も知らないかのように、アッラー*の書（クルアーン*）を背後に放り棄てたのだ。,
109,また彼ら（ユダヤ教徒*）は、スライマーン*の王権（の時代）について、シャイターン*が語ること[1]に従った。スライマーン*は、不信仰になど陥ってはいない。しかしシャイターン*たちが不信仰（の行い）を犯し、人々に魔術と、バービル（バビロン）でハールートとマールート[2]の両天使に授けられたものを伝授していたのである。両天使は、「私たちは本当に、試練なのだ。だから（魔術を習い、シャイターン*に従うことで）、不信仰に陥ってはいけない」と言ってからでなければ、誰にも教えはしなかった。そして彼らは二人から、夫とその妻の間を裂く術を学んだ——彼らとてアッラー*のお許しがなければ、誰のこともそれで害することなど出来ないのだが——。また彼らは、自分たちを害しはしても、益しはしないものを学んだ。そして彼らは、それ（魔術）を（真理と引き換えに）買ってしまった者などには、来世においていかなる（よき）分け前もないということを、確かに承知していたのだ。それで彼らが自らを売って手に入れたものの、何と実に醜悪なことか[3]。彼らが（そのことを）知っていたら（、そんなことはしなかったろうに）。 <sup foot_note=>1</sup>,
110,彼ら（ユダヤ教徒*）がもし信仰し、（アッラー*を）畏れ*たのなら、アッラー*の御許での褒美こそが（魔術とそれによる利益）より善かったのだ。もし彼らが（そのことを）知っていれば（、信仰したであろうに）。,
111,信仰する者たちよ、「私たちに配慮して下さい」などと言ってはならない。しかし、「私たちを見守って下さい」と言って[1]、（クルアーン*を）聴くのだ。不信仰者*には、痛ましい懲罰がある。 <sup foot_note=>1</sup>,
112,啓典の民*やシルク*の徒という不信仰に陥った*者たちは、あなた方の主*からあなた方のもとに、いかなる善きものが下されることも望まない。アッラー*は、かれがお望みになる者に、そのご慈悲[1]を特別にお授けになる。そしてアッラー*は、偉大な恩寵の主であられる。 <sup foot_note=>1</sup>,
113,アーヤ*を撤回するにせよ、または忘れさせるにせよ、われら*はそれより善いものか、あるいは同等のものをもたらすのである[1]。（預言者*よ、）一体あなた（とその使徒たち）は、アッラー*が全てのことをお出来なのを知らないのか？ <sup foot_note=>1</sup>,
114,（預言者*よ、）一体あなた（とその使徒たち）は、天地の王権がアッラー*のみに属することを知らないのか？あなた方にはアッラー*以外に、いかなる庇護者*も援助者もいないのだ。,
115,いや（人々よ）、一体あなた方は、かつてムーサー*が注文されたように、あなた方の使徒*に注文をつけたいのか？[1]　信仰を不信仰に取り換える者は誰であれ、確かに真っ当な道から迷い去っているのである。 <sup foot_note=>1</sup>,
116,啓典の民*の多くは、彼らに真理が明らかにされた後でも、彼ら自身からの嫉妬ゆえ、あなた方が信仰した後に不信仰者*に戻そうと望んでいる。ならば、アッラー*がご裁決[1]をお下しになるまで彼らを大目に見、見逃してやるがよい。本当にアッラー*は、全てのことをお出来のお方である。 <sup foot_note=>1</sup>,
117,（信仰者たちよ、）礼拝を遵守*し、浄財*を払うのだ。どんな善いことでも、自分自身のために前もって行っておけば、あなた方はそれ（褒美）を、アッラー*の御許で見出すであろう。本当にアッラー*は、あなた方の行うこと（全て）をご覧になるお方なのだから。,
118,彼ら（啓典の民*）は言った。「ユダヤ教徒*かキリスト教徒*である者の他は、決して天国に入れない」。それは彼らの根拠もない願望である。（使徒*よ、）言ってやるのだ。「明証を見せてみよ。もしあなた方が、真実を語っていると言うのなら」。,
119,いや、誰であろうと、善を尽くすものでありつつ、アッラーのみに顔を向けて服従する者[1]、彼にはその主*の御許に褒美がある。そして彼らには怖れもなければ、悲しむこともない[2]。 <sup foot_note=>1</sup>,
120,また、ユダヤ教徒*は「キリスト教徒*（の教え）は、全く（正当な）根拠がない」と言い、キリスト教徒*も「ユダヤ教徒*（の教え）は、全く（正当な）根拠がない」と言った。彼らは、（自分たちの）啓典を読誦しているのに[1]。このように、知らない者たち[2]も、彼らと同様のことを言ったのだ。ならばアッラー*は、復活の日*、彼らが意見を異にしていたことについて、彼らの間を裁かれ（、彼らに応報をお与えにな）る。 <sup foot_note=>1</sup>,
121,アッラー*のマスジド*で、かれの名が唱えられることを阻み、その破壊に努める者たち以上に不正*を働く者があろうか？それらの者たちは、怖気づかずにはそこに入ることが出来ない。彼らには現世で屈辱があり、また彼らには来世において、この上ない懲罰がある。,
122,東も西も（その間のものも全て、）アッラー*のもの。あなた方がどこを向こうとも、そこには、アッラー*の御顔がある[1]。本当にアッラー*は公量な*お方、全知者であられる。 <sup foot_note=>1</sup>,
123,彼ら（啓典の民*や、その他のシルク*の徒）は言った。「アッラー*は御子をもうけられた」かれ（アッラー*）に称え*あれ[1]。いや、かれにこそ、諸天の大地にあるもの（全て）は属する。全ては、かれに従順なのだ。 <sup foot_note=>1</sup>,
124,（アッラー*は）諸天と大地の独創者*。そして、かれが一事をお取決めにな（り、お望みにな）れば、それに「あれ」と仰せられるだけで、それは存在するのである。,
125,また、知らない者たちは言う。「どうしてアッラー*は、私たちに、（あなたが使徒*であることについて、直接）お話しにはならないのか？あるいは、私たちのもとに(あなたの正直さを示す）御徴がやって来ないのか？」同様に、彼ら以前の（不信仰）者*たちも、彼らの言葉と似たようなことを言ったのである——彼らの心は似通っているのだ——。われら*は確信する民に、確かに御徴を明示した。,
126,本当にわれら*はあなたを、、吉報を伝える者、警告を告げる者[1]として、真理と共に遣わしたのである。そして（それを伝えた後、）あなたが火獄の住民について、（責任を）問われることはない。 <sup foot_note=>1</sup>,
127,また、ユダヤ教徒*もキリスト教徒*も、あなたが彼らの宗教に従わない限り、あなたに満足することは決してないであろう。言ってやるがよい。「アッラー*のお導きこそが、（真の）導きである」。（使徒*よ、）もしもあなた[1]が、あなたのもとに（アッラーからの）知識がもたらされた後、彼らの私欲に従うのなら、あなたにはアッラー*（の懲罰）に対するいかなる庇護者*も援助者もない。 <sup foot_note=>1</sup>,
128,われら*が啓典を授け、それを真の読誦で読む[1]者たち[2]、そのような者たちが、彼[3]を信じるのだ。そして誰でも彼を否定する者、それらの者たちこそは損失者である。 <sup foot_note=>1</sup>,
129,イスラーイールの子ら*よ、われがあなた方[1]に授けた、わが恩恵を思い起こすのだ。またわれがあなた方を、外のいかなる者よりも引き立ててやったことを[2]。 <sup foot_note=>1</sup>,
130,そして誰も他人を益することもなければ、いかなる代償も受け入れられず、またどんな執り成しも役に立たなければ、彼らが（誰にも）助けられることもない（復活の）日*を、恐れるのだ。,
131,イブラーヒーム*を、その主*が御言葉（によるご命令）[1]で試みられた時のこと（を思い起こすがよい）。そして彼は、それを成し遂げた。かれ（アッラー*）は仰せられた。「本当にわれは、あなたを人々の導師としよう」。彼（イブラーヒーム*）は申し上げた。「そして、私の子孫からも（、導師をお授け下さい）」。かれは仰せられた。「わが約束[2]は、不正者*たちには及ばない」。 <sup foot_note=>1</sup>,
132,また、われらがこの館（カァバ神殿*）を人々にとっての（不断の）拠り所とし、かつ安全（な場）とした時のこと（を思い起こすがよい）[1]。（われら*は言った。）「イブラーヒーム*の立ち所[2]を、礼拝（の場）とせよ」。われらは、イブラーヒーム*とイスマーイール*に「タワーフ*する者たち、イァティカーフ*する者たち、ルクーゥ*する者たち、サジダ*する者たちのために、わが館を清める[3]のだ」と命じた。 <sup foot_note=>1</sup>,
133,また、イブラーヒーム*が（こう）申し上げた時のこと[1]（を思い起こせ）。「我が主*よ、ここ（マッカ*）を平安なる町とし、その住民、つまり彼らの内、アッラー*と最後の日*を信じた者に、（様々な）果実をお授け下さい」。かれは仰せられた。」そして不信仰に陥った*者、われは彼に（現世で）束の間の楽しみを与えよう。それからわれは、彼を業火の懲罰へと押しやるのだ。その行き先は、何と醜悪なことであろうか」。 <sup foot_note=>1</sup>,
134,また、イブラーヒーム*とイスマーイール*が、その館（カァバ神殿*）の礎を上げ（て建設し）た時のこと（を思い起こさせよ。二人は、こう祈っていた。）「我らが主*よ、私たちから（祈りと行いを）お受け入れ下さい。あなたは本当に、よくお聴きになるお方、全知者であられますから。,
135,我が主*よ、また、私たち二人をあなたに服従する者（ムスリム*）とし、私たちの子孫からあなたに服従する民をもたらして下さい。また、私たちに儀礼[1]のあり方を示し、私たちの悔悟をお受け入れ下さい。本当にあなたは、よく悔悟をお受け入れになる*お方、慈愛深い*お方なのですから。 <sup foot_note=>1</sup>,
136,我らが主*よ、そして彼ら自身の内から彼らの中に、あなたの御徴（アーヤ*）を彼らに読み聞かせ、啓典と英知[1]を教え、彼らを清める[2]一人の使徒[3]*をお遣わし下さい。本当にあなたは偉力ならびない*お方、英知あふれる*お方なのですから」。 <sup foot_note=>1</sup>,
137,一体、愚か者以外の誰が、イブラーヒーム*の宗教を敬遠するというのか？われら*は現世において確かに、彼を選り抜いたのだ。そして彼こそは来世において、必ずや正しい者*の一人となるのである。,
138,彼（イブラーヒーム*）の主*が、彼に「服従（イスラーム*）せよ」と仰せられた時のこと（を思い起こさせよ）。かれは申し上げた。「私は、全創造物の主に服従します」。,
139,またイブラーヒーム*とヤァクーブ*はその息子たちに、それ（イスラーム*の遵守）を勧め（て、言っ）た。「我が子らよ、本当にアッラー*はあなた方のために、この宗教をお選びになられた。だからあなた方は絶対に、服従する者（ムスリム*）としてしか死んではならない」。,
140,いや、（ユダヤ教徒*たちよ、）一体あなた方はヤァクーブ*に死が訪れた時、つまり彼がその息子たちに「私の（死）後、あなた方は何を崇拝*するのか？」と言った時、（その場に）立ち会っていたとでもいうのか？彼らは言ったのだ。「私たちは、あなたの神[1]、そしてあなたの父祖であるイブラーヒーム*、イスマーイール*、イスハーク*の神を、ただ一つの神として、かれだけに服従しつつ崇拝します」。 <sup foot_note=>1</sup>,
141,それは、既に過ぎ去った民のこと。彼らには彼らが稼いだことの報いがあり、あなた方にはあなた方が稼いだことの報いがある。彼らが行っていたことについて、あなた方が問われることはない。,
142,また、かれらは（それぞれ）言った[1]。「ユダヤ教徒*か、キリスト教徒*になるがよい。そうすれば、導かれよう」。（使徒*よ、）言ってやるがいい。「いや、純正な[2]イブラーヒーム*の宗教に（従え）。彼は、シルク*の徒の類などではなかったのだ」。 <sup foot_note=>1</sup>,
143,（信仰者たちよ、）言ってやるがいい。「私たちはアッラー*と、私たちに下されたもの（クルアーン*）、またイブラーヒーム*、イスマーイール*、イスハーク*、ヤァクーブ*及び諸支族[1]に下されたもの、またムーサー*とイーサー*に授けられたものと、預言者*たちが彼らの主*から授けられたものを信じる。私たちは彼らの内の誰も分け隔てせず、かれ（アッラー*）だけに服従する者（ムスリム*）である」。 <sup foot_note=>1</sup>,
144,それでもし彼らが、あなた方が信じるものと同じものを信じるのならば、確かに（真実へと）導かれたことになる。そしてもし背き去るのであれば、まさに彼らは対立[1]の中にある。ならば彼らのことなど、あなたにはアッラー*（のご援助）だけで十分であろう。かれはよくお聴きになるお方、全知者であられる。 <sup foot_note=>1</sup>,
145,アッラー*の色染め（にこそ従え）[1]——アッラー*よりも善い色染めをされるお方があろうか？——。そして（言うのだ）。「私たちが、かれのみを崇拝*する者なのである」。 <sup foot_note=>1</sup>,
146,（使徒*よ、）言ってやるがいい。「一体あなた方はアッラー*について、私たちと口論しようというのか？かれは私たちの主*であり、あなた方の主*である。また、私たちには私たちの行いがあり、あなた方にはあなた方の行いがある。そして私たちはかれにこそ、（崇拝*行為を）真摯に捧げる者なのだ。」,
147,いや、一体あなた方は、「本当にイブラーヒーム*、イスマーイール*、イスハーク*、ヤァクーブ*及び諸支族[1]は、ユダヤ教徒*かキリスト教徒*だった」などと言うのか？（使徒*よ、）言ってやるがいい。「一体あなた方とアッラー*の、どちらが（彼らの宗教について）よりよく知っているというのか？アッラー*から証言を隠蔽する者よりも、ひどい不正*を働く者があろうか？アッラー*はあなた方の行いに、迂闊ではあられない」。 <sup foot_note=>1</sup>,
148,それは、既に過ぎ去った民のこと。彼らには彼らが稼いだことの報いがあり、あなた方にはあなた方が稼いだことの報いがある。彼らが行っていたことについて、あなた方が問われることはない。,
149,人々の中の、愚かな者たちは言うだろう。「それまで向かっていた彼らのキブラ*から、彼ら（ムスリム*たち）を転じさせたものは、何なのか？[1]」（使徒*よ、）言ってやるがよい。「東も西も、アッラー*のもの。かれは、かれがお望みになる者を、まっすぐな道に導かれる」。 <sup foot_note=>1</sup>,
150,また（ムスリム*たちよ、あなた方を導いたのと）同様に、われら*はあなた方を最良の共同体とした。（それは）あなた方が人々に対する証人となり、使徒*（ムハンマド*）があなた方の証人となる[1]ためである。また、われら*が、あなたが以前向かっていたキブラ*（と、その変更）を定めたのは、使徒*に従う者と、後ろへ引き返す者[2]とを如実に表すためであった——それ（キブラ*の変更に従うこと）はアッラー*が導かれた者以外の者にとっては、困難だったのだ——。またアッラー*は、あなた方の信仰[3]を無駄にはなされない。本当にアッラー*は人々に対し実に哀れみ深い*お方、慈愛深い*お方なのだから。 <sup foot_note=>1</sup>,
151,（使徒*よ、）われら*は、あなたの顔が天を何度も仰ぐのを見る。では、われら*はあなたの満足するキブラ*へと、必ずやあなたを向けさせよう。ならば、あなたの顔をハラーム・マスジド*の方向に向けるがよい。また（ムスリム*たちよ）、どこにあろうとも、（礼拝の時は）あなた方の顔をそちらへと向けるのだ。本当に、啓典を授けられた民*は、それ（キブラ*の変更）が彼らの主*からもたらされた真理であるということを、まさしく知っている。そしてアッラー*は、彼らが行っていることに、迂闊ではあられないのだ。,
152,また（使徒*よ）、たとえあなたが、啓典を授けられた民*に全ての御徴[1]を示したとしても、彼らはあなたのキブラ*には従わない——あなたが彼らのキブラ*に従うことはなく、彼らが互いのキブラ*に従うこともない。そして、もしもあなた[2]が（真理の）知識が自分のもとにやってきた後、彼らの私欲に従うのなら、その時本当にあなたは、まさしく不正*者の仲間となってしまうだろう。 <sup foot_note=>1</sup>,
153,われら*が啓典を授けた者たち*は、そのこと[1]を自分の子供のことを知るように、（よく）知っている。そして実に、彼らの内の一派は（そのことを）知りながら、真実をまさに隠蔽しているのだ。 <sup foot_note=>1</sup>,
154,（預言者*よ、あなたへの啓示は、）あなたの主*の御許からの真理。ならば、あなた[1]は絶対に、（そのことにおいて）疑わしく思う者たちの類となってはならない。 <sup foot_note=>1</sup>,
155,それぞれ（の民）には、（礼拝の際に）彼（ら）が向かうべき方向がある。ならば（信仰者たちよ、）善行を競い合うのだ。あなた方がどこにいようとも、アッラー*は（復活の日*、）あなた方全員を連れて来られる。本当にアッラー*は、全てのことがお出来のお方なのだから。,
156,また（預言者*よ）、どこから出かけようとも、（礼拝をする時は）ハラーム・マスジド*の方向へ、顔を向けよ。本当にそれはまさしく、あなたの主*からの真理なのだから。アッラー*は、あなた方が行っていることに迂闊ではあられない。,
157,また（預言者*よ）、どこから出かけようとも、（礼拝をする時は）ハラーム・マスジド*の方向へ顔を向けよ。そして（ムスリム*たちよ）、どこにあろうとも（礼拝をする時は）、あなた方の顔をそちらへと向けるのだ。それは、彼らの内の不正*者たちは別として、人々のあなた方に対する議論の余地を残さぬようにするためであり[1]——ならば彼らを怖れず、われを怖れよ——、われがあなた方へのわが恩恵を全うし、あなた方が導かれるようにするためである。 <sup foot_note=>1</sup>,
158,（あなた方のキブラ*をカァバ神殿*としたのと）同様に、われら*はあなた方に、あなた方の内から一人の使徒*を遣わし（て恩恵を授け）た。彼はあなた方に、われら*の御徴（アーヤ*）を詠み聞かせ、あなた方を清め、またあなた方に啓典と英知とを教える[1]。そしてあなた方が知らなかったことを、あなた方に教示するのだ。 <sup foot_note=>1</sup>,
159,ゆえに、われを思い起すのだ。（そうすれば）われも、あなた方を思い起そう[1]。また、われに感謝し、われ（の恩恵）を蔑ろにするのではない。 <sup foot_note=>1</sup>,
160,信仰する者たちよ、忍耐*と礼拝をもって助力とせよ。本当にアッラー*は、忍耐*ある者たちと共におられるのだから。,
161,そしてアッラー*の道において殺される者を、死人だなどと言ってはならない。いや、彼らは生きているのだ[1]。だがあなた方が、そのことを感じ取れないだけのことである。 <sup foot_note=>1</sup>,
162,われら*は、いくばくかの恐怖や飢え、財産や生命や果実の損失によって、必ずやあなた方を試練[1]にかける。忍耐*する者たちには、吉報を伝えよ。 <sup foot_note=>1</sup>,
163,（彼らは）災難が降りかかれば、「本当に私たちは、アッラー*はにこそ属します。そして必ずや私たちは、かれの御許へと帰り行くのです」と言う者たち。,
164,そのような者たち、彼らの上には、その主*からの賞賛とご慈悲がある。そしてそのような者たちこそは、正しく導かれた者たちなのである。,
165,本当にサファーとマルワ[1]は、アッラー*の聖徴の一つである。誰でも館（カァバ神殿*）へのハッジ*に詣でたり、ウムラ*を行ったりする者は、その間をタワーフ*しても支障はない[2]。そして自ら進んで善行を行う者があれば、実にアッラー*はよく労われる*お方、全知者なのである。 <sup foot_note=>1</sup>,
166,本当にわれら*が下した明証と導きを、われら*が啓典の中で人々に明らかにした後に隠蔽する者たち、そのような者たちは、アッラー*が彼らを呪われ、呪うものたちが彼らを呪う[1]のだ。 <sup foot_note=>1</sup>,
167,しかし悔悟し、（行いを）改め、（隠蔽していた真理を）明らかにする者たちは別である。それらの者たち、われは彼らの悔悟を受け入れるのだから。われはよく悔悟を受け入れる*者、慈愛深い*者である。,
168,本当に、不信仰に陥り、不信仰者*のまま死んだ者たち、それらの者たちの上にはアッラーと天使*たち、そして人々全員の呪い[1]がある。 <sup foot_note=>1</sup>,
169,彼らはその中に永住するのだ。懲罰が彼らから軽減されることもなければ、彼らが猶予されることもない。,
170,あなた方の神は[1]は、ただ一つの神（アッラー*）で、かれ以外には、崇拝*すべきものなどないお方、慈悲あまねき*お方、慈愛深い*お方なのである。 <sup foot_note=>1</sup>,
171,本当に、諸天と大地の創造、夜と昼の交代、人々に役立つものを載せて海を進む船、アッラー*が天からお降らしになった（雨）水——かれはそれで大地を、その死後に息吹かせ[1]、そこに陸を歩くあらゆる生物を散在させられた——、風の変化、天地の間に仕えさせられた雲々の中にはまさしく、分別する民への御徴[2]がある。 <sup foot_note=>1</sup>,
172,また、人々の中には、アッラー*を差しおいて同位者を設け（て崇拝*す）る者たちがいる。彼らはそれらを、あたかもアッラー*への愛情のごとく愛する——信仰する者たちのアッラー*に対する愛情は、（そのような者たちの愛情）より強烈なのだが[1]——。それで、もし（そのような）不正*を働いた者たちが（来世の）懲罰を目の当たりにする時、（それを）見るならば、全ての力はアッラー*にのみ属し、アッラー*は懲罰が厳しいお方である（ことを、思い知っただろう）。 <sup foot_note=>1</sup>,
173,（それは、シルク*において）従われた者たちが、懲罰を目の当たりにして（彼らに）従った者たちを見捨て、彼らの関係[1]が断絶される時。[2] <sup foot_note=>1</sup>,
174,そして彼らに従った者たちは、（こう）言う。「もし（現世に）戻ることが出来るのなら、（今）彼らが私たちを見捨てたように、私たちも彼らと決別するのだが」。同様にアッラー*は、彼らへの悲嘆となる彼らの（虚しい）行いを、彼らにお見せになる。そして、彼らが（地獄の）業火から出ることはない。,
175,人々よ、地上にある合法な善い物の内から、食べるのだ。そしてシャイターン*の歩みに従ってはならない。本当に彼は、あなた方にとって紛れもない敵なのだから。,
176,本当に彼はあなた方に、悪事と醜行[1]、そしてあなた方がアッラー*に関して知りもしないことを語ることを命じるのだ。 <sup foot_note=>1</sup>,
177,また、「アッラー*が下されたものに従え」と言われれば、彼ら（不信仰者*たち）は言った。「いや、私たちは、私たちが見出した自分たちのご先祖様のやり方[1]に従う」。一体、たとえ彼らの先祖が何も弁えてはおらず、導かれてもいなかったとしても、（そうするの）か？ <sup foot_note=>1</sup>,
178,不信仰に陥った*者たち（と、彼らを導きと信仰へと招く者）の様子は、あたかも呼びかけや掛け声しか聞こえないもの（家畜）に喚きちらす者のようである。（彼らは真理において）聾で、唖で、盲人[1]．ゆえに、彼らは分別することがないのだ。 <sup foot_note=>1</sup>,
179,信仰する者たちよ、われら*があなた方に授けた善いものから食べ、アッラー*に感謝せよ。もし、あなた方がかれ（アッラー*）のみを崇拝*しているのなら。,
180,かれはあなた方に、死肉[1]、血液[2]、豚肉、アッラー*以外の名において屠られたもの[3]を、禁じられたのだ。やむを得ない状態にある者は誰でも、法を超えず度を越さない限りにおいて[4]、（それを口にしても）罪はない。本当にアッラー*は、赦し深いお方、慈愛深い*お方なのだから。 <sup foot_note=>1</sup>,
181,本当にアッラー*が下された啓典を隠蔽し、それと引き換えに僅かな代価を得る者たち、それらの者たちが腹の中に食べて（詰め込んで）いるのは、（業火の）炎に外ならない。そしてアッラー*は、復活の日*、彼らに御言葉をかけられることもなければ、彼らを（罪から）清められることもない。また彼らには、痛烈な懲罰があるのだ。,
182,それらの者たちは、導きの代わりに迷妄を、お赦しの代わりに懲罰を買った者たち。彼らは業火（の責め苦）に対して、何と辛抱強いことか[1]。 <sup foot_note=>1</sup>,
183,それというのも、アッラー*が真理と共に啓典を下されたためである[1]。本当に、啓典について異論を唱える者は、（真理から）実に遠い対立のなかにある。 <sup foot_note=>1</sup>,
184,善とは、ただあなた方の顔を東や西に向けることではない[1]。しかし（真の）善（行者）とは、アッラー*、最後の日*、天使*、啓典、預言者*たちを信じ、財産を近親の者、孤児、貧者*、旅路（で苦境）にある者、物乞い、首[2]のために、自らの（それに対する）愛着に関わらず施し、礼拝を遵守*し、浄財*を支払い、約束すればそれを果たす者たちで、困窮と災難、戦いの時に忍耐*ある者たち。そのような者たちこそは、（信仰に）正直な者。そしてそのような者たちこそは、敬虔な*者なのである。 <sup foot_note=>1</sup>,
185,信仰する者たちよ、（故意の）殺人に関して、あなた方にキサース刑[1]が義務づけられた。自由民は自由民、奴隷*は奴隷、女性は女性[2]。（殺人キサース刑が）同胞[3]によって大目に見られ（代償金へと軽減され）た者があれば、（被害者の遺族はその請求にあたって）適切さを守り、（加害者はその支払いにおいて）彼に善を尽くして全うせよ。それはあなた方の主*からの軽減と、ご慈悲である。そして、その後に侵犯したもの[4]があれば、彼には痛ましい懲罰があせるのだ。 <sup foot_note=>1</sup>,
186,そしてキサース刑（の定め）にこそ、あなた方にとって生命（の安全）がある[1]——済んだ理性の持ち主たちよ——。あなた方が（アッラー*を）畏れる*よう（、それは定められたのだ）。 <sup foot_note=>1</sup>,
187,あなた方の誰かが死に面した時、——もし、彼が財産を残したなら——、両親と近親者に対して適切な形で遺言[1]をするよう、あなた方に義務づけられた[2]。（それは）敬虔*な者たちの義務である。 <sup foot_note=>1</sup>,
188,それで、それ（遺言）を聞いた後、それを（勝手に）変更した者があれば、罪はその変更した者にこそある。本当にアッラー*は、よくお聴きになるお方、全知者なのだから。,
189,また、過ちや罪を遺言者に対して怖れる者が、彼らの間を取り持っても罪ではない[1]。本当にアッラー*は赦し深い*お方、慈愛深い*お方なのだから。 <sup foot_note=>1</sup>,
190,信仰する者たちよ、あなた方以前の者たちにも義務づけられたように、あなた方にも斎戒*が義務づけられた。（それは）あなた方が、敬虔*になるようにである。,
191,（ラマダーン月*）一定の日数を（斎戒*せよ）。それであなた方の内、病人や、旅行中の者（で斎戒*しなかった者）は誰でも、別の日々に（その）日数を（斎戒*する）。そしてそれ（斎戒*）を遂行できない者の償いは、貧者*一人への食べ物[1]。また、進んで善行する者ならば、それが彼にとってより善いこと[2]である。そして斎戒*する方が、あなた方にはより善いのだ[3]。もし、あなた方が（その徳を）知っているのなら。 <sup foot_note=>1</sup>,
192,（それは）人々への導きとして、また導きと識別の明証[1]としてクルアーン*が下された、ラマダーン月*。それで誰であろうと、（旅行中ではない）定住者としてその月に立ち会った（健常）者は、斎戒*せよ。そして病人や旅行中の者（で斎戒*しなかった者）は誰でも、別の日々に（その）日数を（斎戒*する）。アッラー*はあなた方に易きを望まれるのであって、困難を望んでおられるのではない。そしてそれは、あなた方が（斎戒*の）日数を全うし、あなた方を導いて下さったことについてアッラー*の偉大さを称揚する*ためであり[2]、あなた方が感謝するようになるためである。 <sup foot_note=>1</sup>,
193,そして（使徒*よ、）わが僕たちが、われについてあなたに尋ねた時には、（われが、こう語っている、と言うのだ。）「本当にわれは、（あなた方の）近くにある。われに祈れば、われは、祈る者の祈願に応えよう。ならば、彼らが正しく導かれるように、われ（の呼びかけ）に応えさせ[1]、われを信仰させるのだ」。 <sup foot_note=>1</sup>,
194,あなた方には、斎戒*の（月の）夜に、妻と交わることが許されている。彼女らはあなた方にとっての衣であり、あなた方は彼女らにとっての衣である[1]。アッラー*は、あなた方が自らを欺いていたこと[2]をご存知であった。そしてかれは、あなた方の悔悟をお受け入れになり、あなた方を大目に見られたのである。今あなた方は、彼女らと交わり、アッラー*があなた方に対して、定められたこと[3]を求めるがよい。そして夜明けの白い糸が黒い糸から明白になるまで[4]、食べ、飲むのだ。それから（太陽が沈んで）夜になるまで、斎戒*を全うせよ。また、マスジド*でイァティカーフ*している時に、彼女ら（自分の妻）と交わってはならない。それは、アッラー*の決まりである。ならば、そこに近づくのではない。このようにアッラー*のは人々に、彼らが敬虔*になるよう、（法規定に関する）かれの御徴を解き明かされるのだ。 <sup foot_note=>1</sup>,
195,あなた方は自分たちの間で、あなた方の財を偽りの手段[1]によって貪ってはならない。また（それが禁じられていることを）知りながら、罪深くも他人の財の一部を貪ろうとして、裁判官にそれ（偽りの申し立て）による訴えをしてもならない。 <sup foot_note=>1</sup>,
196,（預言者*よ、）彼らは新月について、あなたに尋ねる。言うのだ。「それは人々の、そしてハッジ*の時節の目安」。また、あなた方がその上部から家に入るという行為は、善行ではない[1]。しかし善行とは、主*を畏れる*者（の行為）のことをいうのである。戸口から家に入り、あなた方が成功するために、アッラー*を畏れるのだ。 <sup foot_note=>1</sup>,
197,あなた方に戦いを仕掛ける者たちと、アッラー*の道において戦え[1]。そして、度を越してはならない[2]。実にアッラー*は、度を超す者をお好みにならないのだから。 <sup foot_note=>1</sup>,
198,また、捕らえ次第、彼らを殺し、彼らがあなた方を追放した場所（マッカ*）から、彼らを追放せよ。——試練は殺害よりもっと悪い[1]のだ——。そして、彼らがハラーム・マスジド*であなた方に戦いを仕掛けて来るまでは、彼らにそこで戦いを仕掛けてはならない。彼らが（そこで）あなた方に戦いを仕掛けて来るのなら、彼らを（戦って）殺すのだ。不信仰者*たちへの報いは、そのようなものである。 <sup foot_note=>1</sup>,
199,それで彼らがやめる[1]のなら、（アッラー*は彼らをお赦しになろう、）本当にアッラー*は赦し深い*お方、慈愛深い*お方なのだから。 <sup foot_note=>1</sup>,
200,そして試練[1]がなくなり、宗教がアッラー*だけのものとなる[2]まで、彼らと戦え。彼らが辞める[3]のなら、不正*者[4]たち以外に対して侵害してはならない。 <sup foot_note=>1</sup>,
201,神聖月*には神聖月*、神聖さ（の侵犯）には、同様のことで（報いよ）[1]。そして、あなた方を侵害してきたら、彼には、彼があなた方を侵害したような形で、害し返す[2]のだ。アッラー*を畏れ*、アッラー*が敬虔な*者たちと共におられることを、知るがよい。 <sup foot_note=>1</sup>,
202,また、アッラー*の道において（財を）費やせ。そして、自分の手で（自らを）破滅へと追いやってはならない。善を尽くす[1]のだ。本当にアッラー*は、善を尽くす者たちをお好みになるのだから。 <sup foot_note=>1</sup>,
203,ハッジ*とウムラ*を、アッラー*のために全うせよ。それで、もし阻まれてしまった[1]ら、（イフラーム*を解くために、）間単に手に入る供物[2]を（捧げよ）。そして供物がその場に達（し、それを屠殺）するまでは、頭髪を剃ってはいけない[3]。またあなた方の内、（イフラーム*に入った者で、）病人や、（害虫などが原因で）頭部に問題がある者は誰でも（頭髪を剃ってもよいが）、斎戒*、施し、供物の内から償いを（選べ）[4]。また、あなた方が安全になり、ハッジ*（の時期）までウムラ*（で禁じられていたもの）を堪能する[5]のであれば、手頃な供物を（捧げよ）。それで、それ（供物）を入手出来ない者は、ハッジ*（の巡礼*月）に三日間、（家族のもとに）帰った後に七日間の斎戒をせよ。これが完全なる十日間である。それは、ハラーム・マスジド*に家族のない者[6]に関すること。アッラー*を畏れ*、アッラー*が厳しい懲罰を与えられるお方であることを、知っておくがよい。 <sup foot_note=>1</sup>,
204,ハッジ*は、周知の数ヵ月である[1]。それで、その間に（イフラーム*に入って）ハッジ*を自らに課した者は誰でも、そのハッジ*において、淫らな言動や、放逸さや、言い争い[2]に陥ってはならない。そしてあなた方がいかなる善行でもすれば、アッラー*はそれをご存知になるのだ。旅の蓄えを準備せよ。というのも、実に旅の蓄えで最善のものは、敬虔*さなのだから。そして済んだ理性の持ち主たちよ、われを畏れる*のだ。 <sup foot_note=>1</sup>,
205,（ハッジ*中に、）あなた方の主*からの恩寵を求めること[1]は、あなた方にとって罪ではない。それであなた方がアラファート[2]から一斉にやって来たら、聖標[3]でアッラー*を唱念するのだ。そしてかれがあなた方を導かれたように、かれを唱念せよ。本当にあなた方はそれ以前、迷った民だったのだから。 <sup foot_note=>1</sup>,
206,それから、人々が一斉にやって来るところからやって来て、アッラー*に罪のお許しを乞うのだ[1]。本当にアッラー*は赦し深いお方、慈愛深い*お方なのだから。 <sup foot_note=>1</sup>,
207,そして（ハッジ*における）儀式を全うしたら、あなた方の先祖に対する唱念のように、あるいはそれ以上に強い唱念で、アッラー*を唱念せよ[1]。人々の中には（現世のみを望んで）、「我らが主*よ、現世において私たちにお恵み下さい」と言う者がある。そして彼らには、来世における（よき）取り分などないのだ。 <sup foot_note=>1</sup>,
208,また彼らの中には、「我らが主*よ、私たちに現世において善きものと、来世において善きものをお授け下さい。そして、私たちを業火の懲罰からお守り下さい」と言う者がある。,
209,それらの者たち、彼らには、自分たちが稼いだものに対する（よき）取り分があるのだ。アッラー*は、即座に計算される*お方である。,
210,一定の日数[1]、アッラー*を唱念せよ。それで（滞在を）二日間で早めに切り上げても[2]、彼には罪はなく、また（三日目まで滞在を）遅らせても、彼に罪はない。（このお許しは、）敬虔な*者のため。そしてアッラー*を畏れ*、あなた方がかれの御許に召集されるということを知っておくがよい。 <sup foot_note=>1</sup>,
211,（使徒*よ、）人々の中には、（イスラーム*に対する）最も強硬な論客であるにも関わらず、現世においては（上辺だけの）言葉であなたを喜ばせ、自らの胸中についてアッラー*を証人とする者がいる。,
212,また彼は、（あなたのもとを）立ち去れば、地上で腐敗*を広めたり、作物や子孫を損ねたりしようと努める。アッラー*は、腐敗*をお好みにはならないのだ。,
213,また、「アッラー*を畏れ*よ」と言われれば、尊大さが彼を（更なる）罪へと走らせる。彼（の懲罰）には、地獄で十分。そしてその寝床は、何と実に醜悪なことか。,
214,また、人々の中には、アッラー*のご満悦を求めて自らの魂を売る者がいる。アッラー*はその僕たちに対し、哀れみ深い*お方である。,
215,信仰する者たちよ、余すことなく平安の内に入れ[1]。そしてシャイターン*の歩みに従ってはならない。本当に彼はあなた方にとって、紛れもない敵なのだから。 <sup foot_note=>1</sup>,
216,それで、あなた方のもとに明証[1]が到来した後に、あなた方が（真理の道から）逸れるのならば、アッラー*が偉力ならびない*お方、英知あふれる*お方であると知っておくがよい。 <sup foot_note=>1</sup>,
217,彼らはただ、アッラー*が（復活の日*、）薄い白雲のもとに到来する[1]のを、そして天使*たち（の到来）を待っているというのか？（その日、）事は裁決され、全ての物事はかれの御許に帰するのである。 <sup foot_note=>1</sup>,
218,イスラーイールの子ら*に尋ねるがよい、われら*が一体、どれだけ多くの（真実へと導く）明証を彼らに授けたのかを。アッラー*の恩恵（かれの宗教）を、それが到来した後に（不信仰と）取り換えるなら、（アッラー*は彼を罰されよう、）本当にアッラー*は厳しい懲罰を下されるお方なのだから。,
219,現世は不信仰に陥った*者たちにとって煌びやかにされ、彼らは信仰する者たちを嘲笑する。そして敬虔*だった者たちは、復活の日*に彼らの上位にあるのだ。アッラー*は、お望みになる者に、際限なくお恵みになる。,
220,人々は、かつて一つの民であった[1]。それから（宗教において分裂したので、）アッラー*は、吉報を伝え、警告を告げる[2]預言者*たちを遣わされたのである。またかれは、人々の間を、彼らが意見を異にしていたことについて裁くため、彼ら（預言者*たち）と共に真理の啓典をお下しになった。そして、それ[3]に関して意見を異にしたのは、それ[4]を授かった者たちに外ならず、それも数々の明証[5]が到来した後のことであり、彼らが互いに侵犯し合っていた[6]ゆえのことであった。それでアッラー*は、そのお許しにより、信仰する者たちを、彼らが意見を異にしていた真理へとお導きになった。アッラー*は、、かれがお望みになる者を、まっすぐな道にお導きになる。 <sup foot_note=>1</sup>,
221,いや（信仰者たちよ）、一体あなた方は、あなた方以前に滅んだ（信仰）者たちの（遭遇した）ようなものに出逢うことなく、天国に入れるとでも思いこんでいるのか？ひどい困窮や災難が彼らを襲い、（彼らは様々な恐怖に）揺るがされ、使徒*と、彼と共に信仰する者たちが「アッラー*のご援助はいつなのであろうか！？」と言ったほどだった[1]のだ。本当にアッラー*のご援助は、間近なのではないか。 <sup foot_note=>1</sup>,
222,（預言者*よ、）彼ら（教友*たち）はあなたに、何を（誰に対して）費やすべきか、尋ねる。言うがよい。「あなた方が善きものを（施しとして）費やすなら、両親、近親者、孤児、貧者*、旅路（で苦境）にある者のために（費やすがよい）。そして、あなた方がどんな善行をしようと、本当にアッラー*は、それをご存知なのだ。,
223,（信仰者たちよ、）戦いが、あなた方に義務づけられた。そしてそれは、あなた方にとって嫌なもの。あなた方は自分たちにとって善いことを嫌うかもしれないし、自分たちにとって悪いことを好むかもしれない。アッラー*が（あなた方にとって真に良いことを）ご存知なのであり、あなた方は知らないのである。,
224,（使徒*よ、）彼ら（シルク*の徒）はあなたに、神聖月*において戦うことについて尋ねる。言ってやるがいい。「そこ（神聖月*）における戦闘は、重大（な罪）である[1]。そして（人々を）アッラー*の道から阻むこと、かれに対する不信仰、ハラーム・マスジド*（に入ることの妨害）、そこにふさわしい人々をそこから追放することは、アッラー*の御許でより重大（な罪）なのだ。そして試練は、殺害よりも重大なのである[2]」。彼らは、あなた方をあなた方の宗教（イスラーム*）から（不信仰に）戻らせるまで、あなた方と戦い続けることであろう——彼らが、（そう）出来るのならば、だが——。誰であろうと、あなた方の内で自らの宗教から（不信仰へと）戻り、不信仰者*のまま死んだ者、それらの者たちはその（善い）行いが、現世と来世において台無しになってしまったのだ。そして、それらの者たちは（地獄の）業火の住人であり、彼らはそこに永遠に留まるのである。 <sup foot_note=>1</sup>,
225,本当に、信仰する者たちと、移住*し、アッラー*の道において奮闘する者たち、それらの者たちが、アッラー*のご慈悲を熱望しているのである。アッラー*は赦し深い*お方、慈愛深い*お方。,
226,（預言者*よ、）彼ら（ムスリム*たち）は酒*と賭け事について、あなたに尋ねる。言うがいい。「その二つには大きな罪と、人々への益がある。そして、それら二つの罪は益よりも大きい[1]」。また、彼らは何を（施しに）費やすかについて、あなたに尋ねる。言うがよい。「余分なもの[2]を（費やすのだ）」。そのようにアッラー*は、あなた方が熟考するよう、あなた方に（法規定に関する）御徴を明らかにされる。 <sup foot_note=>1</sup>,
227,現世と、来世について（あなた方がじゅ熟考するように）。また（預言者＊よ、）彼らは孤児について、あなたに尋ねる。言ってやるがいい。「彼らのために（状況を）改善してやるのが、より善い。そしてあなた方が彼らと（生活の諸事において）交わるのなら、（彼らは）あなた方の兄弟なのだ[1]」。アッラー*は、腐敗*を働く者を、改善者から（見分けて）ご存知になる。そしてアッラー*がお望みであれば、あなた方に困難を課す[2]こともお出来である。本当にアッラー*は偉力ならびない*お方、英知あふれる*お方なのだ。 <sup foot_note=>1</sup>,
228,（ムスリム*たちよ、）シルク*の徒の女性たちとは、彼女らが信仰するまで結婚してはいけない。本当に信仰者の奴隷*女性の方が、たとえ彼女らがあなた方の気に入ったとしても、シルク*の徒のである女性よりも善いのだから。またシルク*の徒の男性に、（信仰者の女性を）嫁がせるのではない。本当に信仰者の奴隷*男性の方が、たとえ彼らがあなた方の気に入ったとしても、シルク*の徒である男性よりも善いのだから[1]。それらの者たちは、（彼らの伴侶を）業火へと招くのであり、アッラー*はそのお許しにより、（あなた方を）天国とお赦しへとお招きになる。そしてかれは人々に、彼らが教訓を得るようにと、（法規定に関する）その御徴を明らかにされるのだ。 <sup foot_note=>1</sup>,
229,また彼らは月経について、あなたに尋ねる。（預言者*よ、）言うがいい。「それは害である。ならば、月経中の女性（との性交）を避けよ。そして彼女らが清浄な状態になるまで、（性交のために）近づいてはならない。そして彼女らが清浄な状態になったら、アッラー*があなた方に命じられた所から、彼女らと交わるのだ[1]」。本当にアッラー*は、よく悔悟する者たちと、よく自ら（の心身）を清める者をお好みになるのだから。 <sup foot_note=>1</sup>,
230,あなた方の妻たちは、あなた方の耕作の場[1]である。ならば、どこでも望む所[2]から耕作地に赴き、自分自身のために（来世に向けて善行を）しておくのだ。そして、アッラー*を畏れ*よ。あなた方が（復活の日*、）かれにお目にかかるのだということを知り、信仰者たちには吉報を伝えるのだ。 <sup foot_note=>1</sup>,
231,（ムスリム*たちよ、）あなた方はアッラー*を自分たちの宣誓の妨げとしてはならない。つまり、あなた方が善行を行い、（アッラー*を）畏れ*、人々の間を正すことの（妨げとしてはならない）[1]。アッラー*は、よくお聴きになるお方、全知者であられる。 <sup foot_note=>1</sup>,
232,アッラー*は、あなた方を、あなた方の宣誓における軽はずみさ[1]ゆえに、罰せられたりはしない。しかしかれが罰せられるのは、あなた方の心が意図し（た後、それを遂行しなかっ）たものについてである。アッラー*は、赦し深い*お方、寛大*なお方。 <sup foot_note=>1</sup>,
233,自分たちの妻（との性交渉の放棄）に関して誓いを立てる者たち[1]には、四ヶ月の猶予がある。そして（その期限内に妻との関係に）戻ったのなら、本当にアッラー*は、赦し深い*お方、慈愛深い*お方である。 <sup foot_note=>1</sup>,
234,また、もし彼らが離婚の意志を固めたならば、アッラー*こそはよくお聴きになるお方、全知者であられるのだ。,
235,また、離婚された女性は（結婚せずに）独り身のままで、三度の月経を待たなければならない[1]。そして彼女らがアッラー*がその胎内にお創りになられたもの[2]を隠すことは、彼女らに許されない——彼女らが、アッラー*と最後の日*を信じるのであれば——。また彼女らの主人は、その期間中に妻を復縁する権利がある——もし彼らが、（夫婦関係の）修復を望むならば——。また彼女らには、（夫に対する）自分たちの適切な義務と同様の、（夫に対する適切な）権利があるのだ。そして（夫である）男性には、彼女たちに対し、（更なる）位階がある[3]。アッラー*は偉力ならびない*お方、英知あふれる*お方。 <sup foot_note=>1</sup>,
236,離婚は二回（までなら、復縁できる）[1]。そして（離婚後は、彼女を）適切な形で留め置くか、あるいは善を尽くして（結婚関係から）解き放つ[2]のだ。そして彼ら（夫婦）二人が、アッラー*の決まり[3]を遵守出来なそうだと怖れない限り、あなた方（夫）には、彼女たちに贈った財産から何か取り上げることは許されない。そして、もしあなた方[4]が、彼ら二人がアッラー*の決まりを遵守出来そうにないと怖れるのであれば、（夫が）妻からの代償[5]（を受け取ること）において、彼ら二人に問題はない。それは、アッラー*の決まりである。ならば、それを侵してはならない。そして誰であろうとアッラー*の決まりを侵す者、そのような者たちこそは、不正*者なのである。 <sup foot_note=>1</sup>,
237,それで、もし、彼（夫）が彼女（妻）を（三回目に）離婚してしまったら、その後彼女は、彼女が別の夫と結婚（してまた離婚）する[1]まで、彼（元夫）には、（結婚相手として）許されない。それから、もし彼（別の夫）が彼女を離婚した場合、彼ら二人（彼女と元夫）がアッラー*の決まりを遵守できそうだと思うなら、彼らの再婚に罪はない。そしてそれが、アッラー*の決まりなのだ。かれはそれを、知識ある民に明らかにされる。 <sup foot_note=>1</sup>,
238,また、あなた方が女性たち（妻）を離婚した後、彼女たちがその期限に差しかかったならば、彼女たちを適切な形で留め置くか、あるいは善を尽くして（結婚関係から）解き放つのだ[1]。また、（彼女たちの権利を）侵害するために、虐げることを意図して、彼女たちを留め置いてはならない[2]。そうする者は誰でも、まさに自分自身に不正*を働いたのだ。アッラー*の御徴を、嘲笑の的としてはならない[3]。そして、あなた方に対するアッラー*の恩恵とかれがあなた方に下された、啓典と英知[4]を思い起こすのだ。かれはそれで、あなた方に訓戒をお与えになる。アッラー*を畏れ、アッラー*がいかなることもご存知であることを知っておくがよい。 <sup foot_note=>1</sup>,
239,また、あなた方が女性たち（妻）を離婚し[1]、それから彼女たちがその期限（イッダ*）を終えたなら、あなた方[2]は彼女らが、自分たちの（元）夫と結婚することを阻んではならない。（それは、）彼ら（二人）が適切な形[3]で合意した限りにおいて、だが。それは、あなた方の内でアッラー*と最後の日*を信じる者が訓戒を受けるものである。それ[4]があなた方にとって、最も実り多く清いこと。アッラー*こそが（あなた方にとって真に良いことを）ご存知なのであり、あなた方は知らないのである。 <sup foot_note=>1</sup>,
240,授乳を全うさせたい者のため、母親はその子供たちに丸二年間授乳する。そして父親は、彼女らの食事と衣類を適切な形で負担しなければならない。誰も、その能力以上の負担を負うことはないのだ。母親がその子ゆえに害を被ってはならないし、その父親も、その子ゆえに（そうなってはならない）[1]。また相続人にも、それと同様のものが義務づけられる[2]。また、彼ら二人がお互いの合意と話し合いの上で（二年終了前に）離乳を望んでも、彼らには何の罪もない。また（その後）あなた方が、与えるべきものを適切な形で支払う[3]のであれば、自分たちの子供を（実母ではない乳母に）授乳させることを望んでも、あなた方には何の罪もない。そして、アッラー*を畏れ*、かれこそはあなた方の行うことをご覧になるお方だということを知るがよい。 <sup foot_note=>1</sup>,
241,またあなた方の内、妻を残して他界する者があれば、彼女らは独り身のまま四ヶ月と十日の間、待たなければならない[1]。それで彼女らがその期限を終えたら、彼女らが適切な形でその身を処すること[2]に関して、あなた方（彼女らの後継人）に罪はない。アッラー*は、あなた方の行うことに通暁されるお方。 <sup foot_note=>1</sup>,
242,また（男たちよ）、あなた方が（そのような）女性[1]への結婚の申し込みを、それとなく仄めかしたとしても、あるいは自分自身の内に秘めておいたとしても、あなた方に罪はない。——アッラー*は、あなた方が（我慢できず、）彼女たちに（思いを）口にするだろうことを、ご存知である。——そして適切な言葉を用いて話す以外、秘密裏に彼女らと約束したりしてはならない[2]。また定められたもの（イッダ*）が期間を満了するまでは、結婚の契約を決めてもならない。アッラー*こそは、あなた方自身の内にあるものをご存知であることを知るのだ。ならば、かれを警戒せよ。また、アッラー*こそは赦し深い*お方、寛大な*お方であることを知るがよい。 <sup foot_note=>1</sup>,
243,（夫たちよ、）あなた方がまだ彼女らに触れず[1]、また義務の（婚資金*の額）も決定していないのなら、（妻となった）女性を離婚することに、あなた方への罪はない。そして彼女らには、余裕のある者はその程度に応じたものを、貧しい者にもその程度に応じたものをという風に、適切な贈り物を贈るのだ。（それは、）善を尽くす者たちの義務なのである。 <sup foot_note=>1</sup>,
244,また、まだ彼女らに触れ[1]てはいなくても、既に義務（婚資金の額）を決定した後に彼女らを離婚したならば、決定した額の半額を支払うのだ。但し彼女らか、あるいは結婚の契約当事者（夫）が大目に見る[2]のならば、その限りではない。——大目に見てやることこそが、敬虔さ*により近いのだ——。あなた方の間の徳[3]を、忘れてはならない。本当にアッラー*は、あなた方の行うこと全てご覧になっているのだから。 <sup foot_note=>1</sup>,
245,（ムスリム*たちよ、）礼拝を遵守*せよ、そして中間の礼拝[1]を。また、アッラー*に向かい、恭しく（礼拝に）立つのだ。 <sup foot_note=>1</sup>,
246,それで、もしあなた方が（敵を）怖れるのであれば、歩きながら、あるいは（乗り物に）乗りながら（礼拝せよ）。そして安全になったら、（また）アッラー*を唱念する[1]のだ。かれが、（以前）あなた方が知らなかったことを、あなた方に教えて下さったように。 <sup foot_note=>1</sup>,
247,あなた方の内、妻を後に残して他界する者は、（自分の死後）一年間は（住居から）追い出されずに（扶養を）享受していられるよう、妻のために遺言しなければならない。もし彼女らが（その期間を終える前に自ら）出て行き、適切な形でその身を処する[1]にしても、あなた方（故人の相続人たちと妻たち）に罪はない。アッラー*は偉力ならびない*お方、英知あふれる*お方である。[2] <sup foot_note=>1</sup>,
248,離婚した妻には、適切な贈り物[1]を（持たせるのだ）。（それは、）敬虔な、者の義務である。 <sup foot_note=>1</sup>,
249,（これら、子供や女性に関する法規定の説明と）同様にアッラー*は、あなた方が分別するようにと、あなた方に（法規定に関する）かれの御徴を明らかにされるのだ。,
250,（使徒*よ、）死を恐れて故郷から出て行った何千もの人々を、あなたは知らないのか？それでアッラー*は彼らに「死ぬがよい」と仰せられ、（彼らは死んだが、）それから彼らを蘇らせられた。本当にアッラー*は、人々に対する実に（偉大な）恩寵の主であられるが、大半の者たちは感謝しないのだ。,
251,また、アッラー*の道において戦うのだ。そして、アッラー*こそはよくお聴きになるお方、全知者であるということを知っておくがよい。,
252,アッラー*に、よき貸付[1]をする者は誰か？そうすれば、かれはそれを彼のために、何倍にも倍増して下さる。アッラー*は、（そのお恵みをお望みのままに）お控えになり、また（気前よく）与えられるお方。そしてあなた方は、かれの御許へと戻らされるのである。 <sup foot_note=>1</sup>,
253,（使徒*よ、）あなたは、ムーサー*の（時代）後の、イスラーイールの子ら*の長老たちについて知らないのか？彼らが、彼らの預言者*[1]に対してこう言った時のこと。「私たちに王を遣わして下さい。（そうすれば、）アッラー*の道において戦いましょう」。彼（その預言者*）は言った。「あなた方は、自分たちに戦いが命じられても、戦わないのではないか？」彼らは言った。「どうして私たちが、アッラー*の道のために戦わないことがありましょうか？私たちは（敵によって）、故郷や子供たちから引き離されてしまったというのに」。それで、いざ彼らに戦いが命じられると、彼らは彼らの内の少数の者を除き、背き去って（逃げて）しまった。アッラー*は不正*者たちを、よくご存知である。 <sup foot_note=>1</sup>,
254,また、彼らの預言者*は、彼らにこう言った。「本当にアッラー*はあなた方に対し、確かにタールート[1]を王として遣わされた」。彼らは言った。「どうして彼（タールート）に、私たちに対する王権などありましょうか？私たちの方が、彼よりも王権に相応しいくらいですし、彼には財産も十分に授けられていませんのに[2]」。彼（預言者*）は、（彼らにこう）言った。「本当に、アッラー*はあなた方の上に彼（タールート）を選ばれ、知識と体力において彼を豊かにされた。アッラー*は、かれがお望みになる者に王権を授けられるのだ。アッラーは、広量な*お方、全知者であられる」。 <sup foot_note=>1</sup>,
255,また、彼らの預言者*は彼らに言った「実に、彼（タールート）の王権の印は、あなた方のところに聖櫃がやって来ることである。その中にはあなた方の主*からの安らぎと、ムーサーの一族およびハールーン*の一族が残した遺品の一部が納められており、天使*たちがそれを運んで来る。本当にその中にこそ、あなた方への御徴[1]があるのだ。もし、あなた方が信仰者であるのなら（、だが）」。 <sup foot_note=>1</sup>,
256,そして、タールートがその兵士たちを引き連れて（巨人族との戦いに）出かけた時、彼は言った。「本当にアッラー*は、あなた方を川で試される。それで、誰でもそこから飲んだ者は私の仲間ではなく、それを全く味わわなかった者は誰でも、まさしく私の仲間であ（り、私と共に戦うことにな）ろう。但し、片手で一すくいしか掬わなかった者は、その限りではないが」。こうして彼らの内の僅かな者を除き、彼らは（皆）そこから飲んだ。そして彼（タールート）が、信仰する者たちと共に（敵と対峙すべく）そこ（川）を渡った時、彼らは言った。「今日私たちには、ジャールート[1]とその兵士たちに対抗する力が、全くありません[2]」。（来世において）アッラー*に拝謁することを確信する者たちは、言った。「一体どれだけ多くの（信仰深く忍耐*強い）小さな集団が、アッラー*のお許しにより、（不信仰者*の）大集団に勝利したことか？アッラー*は、忍耐*する者たちと共におられるのだ」。 <sup foot_note=>1</sup>,
257,そして、ジャールートとその兵士たちの前に現れ出た時、彼らは言った。「我らが主*よ、私たちに忍耐*をお授け下さい。そして私たちの足を堅固にし[1]、不信仰者*である民に勝利させてください」。 <sup foot_note=>1</sup>,
258,こうして彼ら（タールートと信仰者たち）は、アッラー*のお許しにより彼らを打ち負かし、ダーウード*はジャールートを倒した[1]。またアッラー*は、彼（ダーウード*）に王権と英知[2]を授けられ、お望みのことを伝授された。もしアッラー*がある者たち（信仰者）によって、他の者たち（不信仰者*）を淘汰されることがなかったなら、地上は腐敗*したことであろう。しかしアッラー*は、全創造物に対する恩寵の主なのである。 <sup foot_note=>1</sup>,
259,それらは、われら*が真実をもってあなたに語って聞かせる、アッラー*の御徴[1]。そして（預言者*よ、）本当にあなたは、まさしく使徒*の一人なのだ。 <sup foot_note=>1</sup>,
260,それらの使徒*たち、われら*は彼らのある者を、他のある者よりも特に引き立てた。彼らの中には、アッラー*が（直接）御言葉をかけて下さった者もあるし、またある者は、その位を高められた。また、われらはマルヤム*の子イーサー*に明証を授け、聖霊[1]によって彼を強めた。アッラー*がお望みであったなら、明証が到来した後、彼ら（預言者*たち）の後（の世代）の者たちが争い合うことはなかったのだ。だが彼らは意見を異にし、それで彼らの内のある者は信仰し、またある者は不信仰に陥った。そして、アッラー*がお望みであったなら、彼らは争ったりしなかったのだ。しかしアッラー*は、かれがお望みになることを行われる。 <sup foot_note=>1</sup>,
261,信仰する者たちよ、売買も友愛も執り成しもなくなる日[1]が来る前に、われらがあなた方に授けたものから（施しとして）費やす[2]のだ。不信仰者*たちは、まさしく不正*者なのである。 <sup foot_note=>1</sup>,
262,アッラー*は、かれの外に（真に）崇拝*すべきものがなく、永世する*お方、全てを司る*お方。まどろみも眠りも、かれを捉えることはない。諸天にあるものと、大地にあるものは（全て）、かれに属する。かれのお許しなくして、誰がかれの御許で執り成すことが出来ようか？[1]かれは、彼ら（全存在）の前にあるものも、彼らの背後にあるもの[2]も、ご存知である。そしてかれのお望みになることの外、彼らはかれの御知識について、何も把握することはないのだ。かれの玉座[3]は、諸天と大地に広がり、その二つの護持が、かれを疲れさせることもない。そしてかれは至高の*お方、この上なく偉大な*お方であられる。[4] <sup foot_note=>1</sup>,
263,（この）宗教に強制はない[1]。実に正しさは、誤りから明確に分け隔てられたのだから。それで、ターグート*を否定してアッラー*を信仰する者は誰でも、決して外れることのない堅固な取っ手を確かに握り締めたのである。アッラー*は、よくお聴きになるお方、全知者であられる。 <sup foot_note=>1</sup>,
264,アッラー*は、信仰する者たちの庇護者*。かれは、彼らを闇から光[1]へと導き出して下さる。そして、不信仰に陥った*者たちの庇護者はターグート*。それらは、彼らを光から闇へと引き出してしまう。それらの者たちこそは、業火の民。彼らはその中に永住するのだ。 <sup foot_note=>1</sup>,
265,（使徒*よ、）あなたは、アッラー*が王権をお授けになったことで（高慢になり）、イブラーヒーム*と、彼の主*について言い争った者[1]を知らないのか？[2]イブラーヒーム*が、「我が主*は、生を授け、死を与えられるお方」と言った時のこと。（しかし）彼（王）は、「私は生かし、死を与える[3]」と言った。（そこで、）イブラーヒーム*は言った。「それなら、本当にアッラー*は、太陽を東から昇らせるお方である。ならば、あなたは太陽を西から昇らせてみよ」。すると、この不信仰だった者*は当惑してしまった。アッラー*は、不正*者である民をお導きにはならないのだ。 <sup foot_note=>1</sup>,
266,それとも、屋根ごとに崩れ落ちた[1]廃村を通りかかり、「アッラー*は、どのようにしてこれ（廃村）を、それが（一旦）滅びてしまった後に、蘇らせられるのであろう？」と言ったような者を（知らないのか？）。アッラー*は、彼を百年間死なせ、それから彼を蘇らせられた。かれ（アッラー*）は仰せられた。「あなたは（ここで）、どれだけ過ごしていたのか？」彼は申し上げた。「一日か、一日の一部を過ごしただけです」。かれは仰せられた。「いや、あなたは百年間過ごしたのだ。ならば、あなたの食べ物と飲み物を見よ。それはまだ、変わらぬままであろう。また、あなたのロバを見てみよ。われら*はあなたを、人々への御徴[2]としよう。そして、その骨を見てみるがよい。われら*がどのようにしてそれらを組み立て、それからそれらに肉付けするのかを」。そして、それが彼にとって明らかになった時、彼は申し上げた。「私は、アッラー*こそが全てのことをお出来なのを、存じ上げています」。 <sup foot_note=>1</sup>,
267,また、イブラーヒーム*が（こう）申し上げた時のこと（を、思い出すがよい）。「我が主*よ、あなたがどのようにして死者を生き返らせられるのか、私にお見せ下さい」。かれ（アッラー*）は仰せられた。「一体、あなたは（まだ）信じていないのか？」彼は申し上げた。「いいえ、（ただ）自分の心が（確信で）安らぐために、（それを見たいの）です」。かれは仰せられた。「ならば四羽の鳥を捕まえて、それらをあなたの手許に集め（屠って切り刻み）、そしてそれらの一部を、それぞれの山に置くがよい。それからそれらを呼ぶのだ。（そうすれば）それらは（生き返り）、急いであなたのもとへとやって来るであろう。アッラー*こそが偉力ならびない*お方、英知あふれる*お方であるということを、知るのだ」。,
268,アッラー*の道において自らの財産を費やす者たちの様子は、ちょうど七本の穂を実らせた、一つの種粒のようである。それぞれの穂には、百の種粒がついている。アッラー*は、かれがお望みになる者に、（その褒美を）倍増されるのだ。アッラー*は公量な*お方、全知者であられる。,
269,アッラー*の道において自らの財産を費やし、それから自分が費やしたものに、（施しを費やした相手に対する）恩着せがましさや害[1]を伴わせない者たち、彼らには、その主*の御許に褒美がある。そして彼らには、怖れもなければ、悲しむこともない[2]。 <sup foot_note=>1</sup>,
270,適切な言葉と赦し[1]は、（施した相手に対して）害を伴う施しよりも、ましである。アッラー*は満ち足りておられる*お方、寛大な*お方。 <sup foot_note=>1</sup>,
271,信仰する者たちよ、あなた方の施し（による褒美）を、恩着せがましさや害によって、無効にしてはならない。人々に見せびらかすために自分の財産を費やし[1]、アッラー*も最後の日*も信じてはいない者のように。というのも彼の様子は、あたかも土で覆われた滑らかな岩のようで、あり、そこに大雨が降れば、それを裸にしてしまうからである。彼らは自分たちが稼いだ行いから、何も得ることがない[2]。アッラー*は、不信仰者*である民をお導きにはならないのだ[3]。 <sup foot_note=>1</sup>,
272,また、アッラー*のお喜びを求め、自らの確固とした信念をもって自分の財産を費やす者たち[1]の様子は、まるで大雨が降りかかって倍の収穫物をもたらした、丘陵の農園のようである。たとえ多量の雨が降らなくても、僅かな雨で（十分なのだ）。アッラー*はあなた方が行うことを（全て）ご覧になるお方。 <sup foot_note=>1</sup>,
273,一体あなた方の内で、ナツメヤシや葡萄の農園——その下からは川が流れ、そこには彼のための、あらゆる種類の果実がある——を所有しているが、既に（本人は）年老いてしまい、その子供はまだ幼く、そうしている内に火事を伴う強風が吹いて、ついには（農園が）全焼してしまう、ということを望む者がいるのか？（このような説明と）同様に、アッラー*はあなた方が熟考するようにと、あなた方に（法規定に関する）御徴を明らかにされるのである。,
274,信仰する者たちよ、あなた方が稼いだ善きものと、われら*が大地からあなた方のために大地からわれら*が出し（て生育させ）たものから、（施しとして）費やす[1]のだ。また、そこから費やそうとして、粗悪なものを意図してはならない。あなた方自身でさえ、それに対して目をつぶらずには、手にしようとはしないというのに[2]。アッラー*こそが満ち足りておられる*お方、称賛されるべき*お方であることを知るのだ。 <sup foot_note=>1</sup>,
275,シャイターン*はあなた方に貧困を約束し（て怯えさせ）、醜行[1]を命じ、アッラー*はあなた方に（施しによって、）かれの御許からのお赦しとご恩寵を約束される。そしてアッラー*は、広量な*お方、全知者であられるのだ。 <sup foot_note=>1</sup>,
276,かれは、かれがお望みになる者に英知をお授けになる。誰でも英知を授けられた者は、確かに多くの善を授かったのだ。教訓を得るのは、澄んだ理性の持ち主たちだけである。,
277,また、あなた方が（施しのために）費やしたいかなる出費も、あなた方が誓ったいかなる誓約も、必ずやアッラー*は、ご存知である。不正*者たちには、いかなる援助者もない。,
278,また、あなた方が施しを公然と行えば、それは素晴らしいこと。また、それを秘密裏に困窮者*たちに与えれば、それがあなた方にとって更に善い[1]。かれは、あなた方の悪行の一部を帳消しにして下さる。アッラー*は、あなた方の行うこと（全てに）通暁されているお方。 <sup foot_note=>1</sup>,
279,（使徒*よ、）彼ら（不信仰者*たち）を導くこと[1]は、あなたの義務ではない。しかしアッラー*こそが、かれがお望みになる者をお導きになるのだ。あなた方が何か善いものを（施しとして）費やせば[2]、（それは）あなた方自身のため（となる）。あなた方（信仰者たち）は、アッラー*のお喜びを求めずには、（施しを）費やすことがない。そして、あなた方が何であれ善いものを（施しとして）費やせば、あなた方は不正*を受けることなく、ふんだんに報われるのだ。 <sup foot_note=>1</sup>,
280,（生活の糧を稼ぐために）大地を旅することもできず、アッラー*の道において遮断された状態[1]にある、困窮者たちのために（施すのだ）。無知な者たちは、（彼ら困窮者たちの）遠慮深さゆえ、彼らが裕福であると思い込んでいる。あなたは彼らを、その佇まいによって知るのだが。彼らは人々に、しつこくせがんだりはしない。あなた方が何であれ善いものを（施しとして）費やせば、アッラー*は必ずや、それをご存知なのである。 <sup foot_note=>1</sup>,
281,自分の財産を、夜も昼も（時には）秘密裏に、そして（時には）公然と（施しとして）費やす者たち、彼らには、自分たちの主*の御許でその褒美がある。そして彼らには怖れもなければ、悲しむこともないのだ[1]。 <sup foot_note=>1</sup>,
282,利息*を貪る者たちは、シャイターン*がとり憑いて躓かせる者のような立ち上がり方しかできない[1]。それは彼らが、「本当に売買だって、利息のようなものだ」と言ったためである。そしてアッラー*は売買を合法とされ、利息を禁じられた。自分の主*からの訓戒が到来した後に（利息を）やめるのなら、彼には過ぎ去ったこと（へのお赦し）があり、その前途はアッラー*に委ねられる。そして再び（その罪を）繰り返すのなら、そのような者たちは業火の住民となる。彼らはそこに、永住するのだ。 <sup foot_note=>1</sup>,
283,アッラー*は利息を根絶やしにされ、施し（の褒美）は増幅させられる。そしてアッラー*は、不信心この上なく、罪に溺れた、いかなる者もお好みにはならない。,
284,本当に、信仰して正しい行い*に励み、礼拝を遵守*し、浄財*を支払う者たち、彼らには、その主*の御許に彼らの褒美がある。そして彼らには怖れもなければ、悲しむこともないのだ[1]。 <sup foot_note=>1</sup>,
285,信仰する者たちよ、アッラー*を畏れ*、利息*の残額を帳消しにせよ。もし、あなた方が信仰者であるのなら。,
286,それで、もしそうしないのなら、アッラー*とその使徒*からの戦い（の宣告）を確信せよ。そしてもし悔い改めるのであれば、あなた方には元金（への権利）がある。あなた方は不正*を働くこともなく、不正*を被ることもない[1]。 <sup foot_note=>1</sup>,
287,また、彼（債務者が）が苦境にあるのなら、余裕が出来るまで待ってやるがよい。（債務を帳消しにして）施しとしてしまうことが、あなた方にとってより善いのだ。もし、あなた方が（そのことを）知っているのなら。,
288,そしてあなた方が、アッラー*の御許に帰される（復活の）日を恐れよ。やがて各人は自分が稼いだもの（の報い）を、不正*を受けることもなく、ふんだんに受け取ることになるのだ。[1] <sup foot_note=>1</sup>,
289,信仰する者たちよ、定められた（返済）期限まで借金を貸し借りする際には、それ書面にするのだ[1]。また、（当事者以外の）一人の記録者が、あなた方の間に立ち、公正さをもって記録せよ。そして、アッラー*が彼に（筆記という恩恵を）教えられたように、記録者は筆記（によって他人を益）することを拒んではならない。ならば、彼（記録者）に記録させ、債務者に口述させ、彼の主*であるアッラー*を畏れ*させ、そこ（借りた額）から（口述で故意に）何一つ減らしてはならない。また、債務者が無知[2]であったり、貧弱[3]であったり、あるいは彼が口述することが出来ない状態にあった場合には、その後見人に公正さをもって口述させよ。そしてあなた方の中から、二名の男性[4]の証人に証言を求めるのだ。そして、もし二名の男性でなければ、証人としてあなた方が満足する男性一名と女性二名（が証言する）。（それは）片方の女性が忘れてしまっても、もう一方の女性が（それを）思い出させるようにである。また、証人は（証言をするように）呼ばれた際、（それを）拒んではならない。そして（額の）大小に関わらず、期限が定められたそれ（借金）を記録するのを、面倒がってはならない。そうすることがアッラー*の御許でより公正なことであり、証言をより確立させ、かつ（貸し借りの契約において）あなた方が疑惑を抱くことから、より遠ざけてくれるものなのである。しかし（借金ではなく）、あなた方の間で取り交わす直接の売買取引の場合は別。それを記録しなくても、あなた方に罪はない。あなた方が売買取引する際には、証人を立てるがよい[5]。そして記録者も証人も、侵害してはならない[6]。（そういうことを）すれば、本当にそれはあなた方の放逸さとなるのだ。そして、アッラー*を畏れ*よ。アッラー*はあなた方にお教えになる。アッラー*は全てをご存知のお方。 <sup foot_note=>1</sup>,
290,また、あなた方が旅の途上にあって記録者を見出せないなら、渡すべき担保を（渡せ）[1]。そして、もしあなた方がお互いに信頼し合っている（ゆえに無担保で貸す）のであれば、信用を受けた者にはその信託（債務）を果たさせ、彼の主*であるアッラー*を畏れ*させよ。また、あなた方は証言を隠してはならない[2]。誰でもそれを隠す者、本当に彼は、罪深い心の持ち主なのだから。アッラー*はあなた方の行うこと（全て）をご存知である。 <sup foot_note=>1</sup>,
291,諸天にあるものと、大地にあるものは、アッラー*にこそ属する。そしてあなた方が、自分自身の内にあることを露わにしようと、それを隠そうと、アッラー*は（それをご存知であり、）そのことについてあなた方を清算なされる[1]。かれは、かれがお望みになる者をお赦しになり、また、かれがお望みになる者を罰せられるのだ。アッラー*は、全てのことがお出来のお方。 <sup foot_note=>1</sup>,
292,使徒*は、彼の主*から彼に下された者を信仰する。そして信仰者たちも（同様である）。（彼らは）皆、アッラー*とその天使*たち、諸啓典と使徒*たちを信仰する。（彼らは言う。）「私たちは、かれ（アッラー*）の使徒*たちの間に差別をつけない[1]」そして彼らは言うのだ。「私たちは（あなたのご命令を）聞き、従います。我らが主*よ、あなたのお赦しを（乞います）。そしてあなたの御許こそ、（私たちの）帰り所なのです」。 <sup foot_note=>1</sup>,
293,アッラー*は誰にも、その能力以上のものを負わせられない。人は自ら得たもの（善行）によって自らを益し、自ら稼いだもの（悪行）によって自らを損ねる。（こう祈るがよい。）「我らが主*よ、私たちをお咎めにはならないで下さい。もし私たちが忘れたとしても、また過ちを犯したとしても。我らが主*よ、また、あなたが私たち以前の者たちに課されたような厳しいご命令を、私たちには課さないで下さい。我らが主*よ、そして、私たちが担いきれない重荷を、私たちに負わせないで下さい。また、私たちを大目にご覧になり、私たち（の罪）をお赦しになり、私たちにご慈悲をおかけ下さい。あなたは私たちの庇護者*なのですから。ゆえに不信仰者*である民に対して、私たちを勝利させて下さい」。,
294,アリフ・ラーム・ミーム[1]。 <sup foot_note=>1</sup>,
295,アッラー*はかれの外に真に崇拝*すべきものがなく、永世する*お方、全てを司る*お方。,
296,（使徒*よ、）かれはあなたに、それ以前のもの[1]を確証する啓典（クルアーン*）を、真理をもってお下しになった。また、かれはトーラー*と福音*もお下しになり、 <sup foot_note=>1</sup>,
297,（それらをクルアーン*）以前に人々への導きとして（下し給い）、また（真理と虚妄を分ける）識別[1]を下された。本当にアッラー*の御徴[2]を否定する者たち、彼らには厳しい懲罰がある。アッラー*は偉力ならびない*お方、報復の主*。 <sup foot_note=>1</sup>,
298,本当にアッラー*は、地でも天でも、かれから姿を暗ますことが出来るものなど、何一つない。,
299,かれはお望みのままに、あなた方を（母親の）胎内に形造られるお方。かれの外に、（真に）崇拝*すべきものはない。（かれは）偉力ならびない*お方、英知あふれる*お方である。,
300,かれは、この啓典（クルアーン*）をあなたに下されたお方。その中には、啓典の母[1]である明確なアーヤ*と、（それとは）別の紛らわしいアーヤ*がある。心に歪みがある者たちは（人々の）誘惑を望み、（好き勝手な）解釈を求めて、意味が紛らわしい部分に従うのだ。アッラー*と、「私たちはこれ（クルアーン*）を信じた。（これは）全て我らが主*の御許からのものである」と言う、知識が深く根ざした者たちの外、その（真の）解釈を知るものはないというのに。澄んだ知性の持ち主以外、教訓を受けることはないのだ。 <sup foot_note=>1</sup>,
301,（彼らは、こう言う。）「我らが主*よ、私たちを導かれた後で、私たちの心を歪めないで下さい。そしてあなたの御許から、私たちにご慈悲をお授け下さい。本当にあなたこそは、恵み深い*お方なのですから。,
302,我らが主*よ、本当にあなたは、（その到来に）疑惑の余地がない（復活の）日*に、人々を召集されるお方。本当にアッラー*が、約束を違えられることはありません。,
303,本当に、不信仰に陥った*者たち、彼らにはその財産も子供も、アッラー*（の懲罰）に対しては何の役に立つこともない。それらの者たちこそは、業火の薪なのだ。,
304,（彼らの結末は）フィルアウン*の一族や、それ以前の（不信仰）者*たちの習いと同様である。彼らはわれら*の御徴[1]を嘘よばわりし、アッラー*はその罪ゆえに彼らを（罰で）捕らえられた。アッラー*は、厳しく懲罰されるお方。 <sup foot_note=>1</sup>,
305,（使徒*よ、）不信仰に陥った者*たちに、言ってやるがいい。「あなた方は、じきに打ち負かされて、地獄に集められよう。その寝床は、何と醜悪なことか」。,
306,（ユダヤ教徒*たちよ、バドルの戦い*で）会した二つの集団には、確かにあなた方への御徴[1]があった。（一方は）アッラー*の道において戦う集団であり、不信仰であるもう一方（の集団）には確かに、彼らがその（実際の数の）倍に見えたのだ[2]。アッラー*は、かれがお望みになる者を、かれのご援助でお助けになる。本当にそこにはまさしく、慧眼を有する者たちへの教示があるのだ。 <sup foot_note=>1</sup>,
307,欲望（を誘うものへ）の愛情は、人々に煌びやかにされた。婦女、子供、莫大な金銀財宝、美しい馬[1]、家畜、農地。それらは、現世の生活における楽しみ。そしてアッラー*の御許にこそは、善い帰り所があるのだ。 <sup foot_note=>1</sup>,
308,（使徒*よ、）言ってやるがいい。「あなた方に、それよりも善いものを教えようか？敬虔である*者たちには、彼らの主*の御許に、その下から河川が流れる楽園——彼らはそこに永遠に住む——と、純潔な妻[1]たち、アッラー*からのご満悦がある。アッラー*は、その僕たちをよくご覧になるお方。 <sup foot_note=>1</sup>,
309,（彼らは、こう言う。）「我らが主*よ、私たちは本当に信仰しました。ゆえに、私たちのために私たちの罪をお赦しになり、私たちを業火の懲罰からお救い下さい」。,
310,（彼らは）忍耐*があり、（言動において）正直、（アッラー*の教えに）従順で、（施しのために）よく費やし、夜明け前に（罪の）赦しを乞う者たち。,
311,アッラー*は、公正を行われるかれの外に、崇拝*すべきものがないことを証言された。そして天使*たちも、知識ある者たちも、また（それを証言する）。かれの外に、崇拝*すべきものはない。（かれは）偉力ならびない*お方、英知あふれる*お方。,
312,本当にアッラー*の御許における（真の）宗教[1]はイスラーム*である。そして啓典を授けられた人々が意見を異にしたのは、彼らのもとに知識[2]が到来した後のこと、彼らの間の侵犯[3]ゆえ以外の何ものでもなかった。誰だろうとアッラー*の御徴[4]を否定する者があっても（、アッラー*は彼にその応報を与えられるのであり）、本当にアッラー*は即座に計算されるお方*なのだ。 <sup foot_note=>1</sup>,
313,それで（使徒*よ）、もし彼ら（啓典の民*）があなたに（アッラーの唯一性*について）論争してくるのなら、言ってやるがよい。「私はアッラー*に（のみ）自分の顔を向け、服従した[1]。そして、私に従った者も同様である」。また、啓典を授けられた者*たちと文盲者たち[2]に、（こう）言うのだ。「あなた方は（アッラーの唯一性*において）、服従したのか？[3]」もし服従したならば、彼らは確かに（正しく）導かれたのである。そして、もし彼らが背き去ったとしても、あなたの義務は（啓示の）伝達だけなのだ。アッラー*は、その僕たちをよくご覧になるお方。 <sup foot_note=>1</sup>,
314,本当に、アッラー*の御徴[1]を否定し、預言者*たちを不当に殺害し、人々の内、正義を命じる者たち[2]を殺す者たち[3]、彼らには、痛烈な懲罰の吉報⁴を告げてやるがよい。 <sup foot_note=>1</sup>,
315,それらの者たちは、現世と来世においてその行いが台無しになってしまった者たち。彼らには、いかなる援助者もない。,
316,（使徒*よ、）あなたは、啓典の一部を授けられた者たち（啓典の民*）が、彼らの間に裁決を下すためにアッラー*の啓典（クルアーン*）へと呼びかけられ、それから彼らの一部が、（真理から）身を翻して背を向けるのを見なかったのか？,
317,それというのも、彼らが「（地獄の）業火が私たちに触れるのは、どうせ数日間だけだ[1]」と言っていたからなのだ。彼らがでっち上げていたものが、彼らの宗教において彼らを欺いたのである。 <sup foot_note=>1</sup>,
318,（その到来に）疑惑の余地のない（復活の）日*、われら*が彼らを召集し、各人が不正*を受けることなく、自らが稼いだことをふんだんに報われる時、（彼らの状況は）どうなってしまうだろうか？,
319,（預言者＊よ、祈って）言うがよい。「王権の所有者アッラー*よ、あなたは、あなたがお望みの者に王権をお与えになり、あなたがお望みの者から王権を剥奪されます。また、あなたがお望みの者に権勢をお与えになり、あなたがお望みの者を卑しめられます。あなたの御手にこそ、善きものはあります。本当にあなたは、全てのことがお出来になるお方なのですから。,
320,あなたは夜を昼の中にお入れになり、昼を夜の中にお入れになります[1]。また死から生を取り出され、生から死を取り出されます[2]。そしてあなたは、あなたがお望みの者に、際限なくお恵みになるのです」。 <sup foot_note=>1</sup>,
321,信仰者たちは、（他の）信仰者を差しおいて、不信仰者*たちをその盟友としてはならない。そうする者は、アッラー*から完全に無縁となる[1]。但し、彼ら（の危害）から本当に身を守る[2]場合は、その限りではないが。アッラー*はあなた方に、ご自身（のお怒り）について警告される。かれこそは、あなた方の帰り所なのだ。 <sup foot_note=>1</sup>,
322,（預言者*よ、信仰者たちに）言うがいい。「あなた方が、自分たちの胸中にあることを隠そうが、それを露にしようが、アッラー*はそのことをご存知である。かれは、諸天にあるものと、大地にあるものを（全て）、知っておられるのだ。アッラー*は全てのことがお出来になるお方」。,
323,各人が、自らが（現世で）行った善いことも悪いことも、ありありと目の当たりにする、（復活*の）その日のこと（を思い起こすがよい）。彼は（その時）、自分自身とその（悪事との）間に、遠い時間の隔たりがあったなら、と望むのだ。アッラー*はあなた方に、ご自身（の懲罰）について警告される。アッラー*は、その僕たちに哀れみ深い*お方。,
324,（使徒*よ、）言うのだ。「もし、あなた方がアッラー*のことを（真に）愛しているのなら、私に従うのだ。（そうすれば）アッラー*もあなた方を愛して下さり、あなた方のために、その罪をお赦し下さる。アッラーは赦し深いお方、慈愛深い*お方なのだから」。,
325,（使徒*よ、）言え。「アッラー*と使徒*に従うのだ」。それで、もし彼らが背き去ったならば、本当にアッラー*が不信仰者*たちを愛されることはないのである。,
326,実にアッラー*は、アーダム*、ヌーフ*、イブラーヒーム*の一族、イムラーンの一族[1]を、全創造物の中から選り抜かれた。 <sup foot_note=>1</sup>,
327,互いに繋がり合う子孫として。アッラー*は、よくお聞きになるお方、全知者であられる。,
328,イムラーンの妻が、（祈って、こう）言った時のこと（を思い起こさせよ）。「我が主*よ、本当に私は、自分のお腹に宿っているものを、自由な者[1]としてあなたに捧げると誓いました。ゆえに私から、お受け入れ下さい。本当にあなたは、よくお聞きになるお方、全知者であられますから」。 <sup foot_note=>1</sup>,
329,彼女（マルヤム*）を出産した時、彼女（イムラーンの妻）は言った。「我が主*よ、本当に私は女児を生んでしまいました——アッラー*は、彼女が生んだものを最もよくご存知である——。そして男性は、女性のようではありません[1]。また、本当に私は、彼女をマルヤム*と名付けました。そして実に私は、追放された[2]シャイターンに対し、彼女とその子孫へのあなたのご加護をお祈りします。」 <sup foot_note=>1</sup>,
330,彼女（イムラーンの妻）の主は、彼女を快くお受け入れになり、彼女（マルヤム*）を見事にお育てになった。そしてかれは、ザカリーヤー*に彼女の養育をお任せになった[1]。彼（ザカリーヤー*）は彼女を訪れてミフラーブ[2]に入るたびに、彼女のもとに食べ物[3]があるのを見出した。彼は言った。「マルヤム*よ、一体どこからあなたにこれが？」彼女は（答えて）言った。「これは、アッラー*の御許からです。本当にアッラー*は、かれがお望みの者に、際限なくお恵みになるのです。」 <sup foot_note=>1</sup>,
331,そこでザカリーヤー*は、彼の主*に祈（って言）った。「我が主*よ、あなたの御許から私に、よき子孫をお授け下さい[1]。本当にあなたは、祈りをお聞きになるお方です」。 <sup foot_note=>1</sup>,
332,そして、彼（ザカリーヤー*）がミフラーブで礼拝しつつ立っていると、天使*たちが彼に呼びかけた。「アッラー*はあなたに、ヤヒヤー*（誕生）の吉報をお伝えになる。アッラー*からの御言葉[1]を信じる者、（民の）長、隔てられた者[2]、正しい者*たちの一人である預言者*として（の彼の吉報を）」。 <sup foot_note=>1</sup>,
333,彼（ザカリーヤー*）は言った。「我が主*よ、どうして私に男の子が出来ましょう？私はもう高齢に達し、私の妻は不妊だと言いますのに」。彼（天使*）は言った。「そのように、アッラー*はお望みのことをなされるのだ」。,
334,彼（ザカリーヤー*）は言った。「我が主*よ、私に御徴[1]をお示しください」。彼（天使*）は言った。「あなたへの御徴は、あなたが三日間、身振りによる以外は人々と話すことが出来なくなることである。そして、あなたの主*を多く唱念し、夕に朝に称える*のだ」。 <sup foot_note=>1</sup>,
335,天使*たちが、（こう）言った時[1]のこと（を思い起こさせよ）。「マルヤム*よ、本当にアッラー*はあなたをお選びになり、清められた。そして全世界の女性の中から、あなたを選りすぐられたのである。 <sup foot_note=>1</sup>,
336,マルヤム*よ、あなたの主*に謹んで仕えよ。そして（かれに）サジダ*し、ルクーゥ*する者たちと共にルクーゥ*をするのだ」。,
337,それは（使徒*よ）、われら*があなたに啓示する、不可視の世界*に属する消息の一部である。そして彼らが、誰かマルヤム*を養育するかを決めるために（くじ引きの）筆を投げた時[1]、あなたは彼らの所にはいなかった。また彼らが言い争った時も、あなたは彼らと一緒ではなかったのだ。 <sup foot_note=>1</sup>,
338,天使*たちが、（こう）言った時のこと（を思い起こさせるがよい）。「マルヤム*よ、本当にアッラー*は、ご自身からの御言葉[1]についての吉報を、あなたにお伝えになる。その名はマスィーフ*、マルヤム*の子イーサー*。現世でも来世でも栄誉ある者であり、（アッラー*の御許ではその）側近の一人。 <sup foot_note=>1</sup>,
339,また、彼は揺りかごの中からでも、壮年になってからも人々に語りかけ、正しい者*たちの一人である」。,
340,彼女（マルヤム*）は、（驚いて）言った。「我が主*よ、どうして私に子供が出来ましょうか？今まで誰一人、私に触れたことなどありませんのに」。彼（天使*）は言った。「そのように、アッラー*はお望みのものをお創りになる。かれが一事をお取り決めにな（り、お望みにな）れば、それに『あれ』と仰せられるだけで、それは存在するのである。[1] <sup foot_note=>1</sup>,
341,また、かれ（アッラー*）は書[1]、英知、トーラー*、福音*を、彼（イーサー*）にお教えになる。 <sup foot_note=>1</sup>,
342,そして（彼を）、イスラーイールの子ら*への使徒*と（され、彼にこう言わせられる）。『実に私は、あなた方の主*からの御徴[1]を携えて、あなた方のもとにやって来た。本当に私があなた方のために、泥土で鳥の形のようなものを作り、そこに息を吹き込むと、それはアッラー*のお許しにより（本物の）鳥となる。また、私はアッラー*のお許しにより、生まれつきの盲人やライ病[2]患者を癒し、死人を蘇らせよう。そしてあなた方が家で食べているものと、蓄えているものについて、あなた方に話して聞かそう。本当にそこにこそ、あなた方への御徴があるのだ。もし、あなた方が信仰者であるというのなら。 <sup foot_note=>1</sup>,
343,また（私は）、トーラー*という私以前のもの（の内容）を確証し、あなた方に禁じられたものの一部[1]をあなた方に合法化するために（、あなた方のもとにやって来た）。そして私は、あなた方の主*からの御徴[2]を携えて、あなた方のもとに到来したのである。ゆえにアッラー*を畏れ*、私に従うのだ。 <sup foot_note=>1</sup>,
344,本当にアッラー*は、我が主*であり、あなた方の主*。ならば、かれ（のみ）を崇拝*せよ。これが、まっすぐな道なのだから』」。,
345,（しかし彼らはイーサー*を、嘘つき呼ばわりした。）それでイーサー*は、彼ら[1]の不信仰を察知すると、言った。「アッラー*（の道）への、私の援助者は誰か？」弟子たち[2]は言った。「私たちが、アッラー*の援助者です。私たちはアッラー*を信じました。（イーサー*よ、）私たちこそは服従する者（ムスリム*）である、と証言して下さい」。 <sup foot_note=>1</sup>,
346,（弟子たちは、アッラー*に祈って言った。）「我らが主*よ、私たちは、あなたが下されたものを信じ、使徒*（イーサー*）に従いました。ならば私たちを、証言者たち[1]と共にお書き留め下さい」。 <sup foot_note=>1</sup>,
347,そして彼ら[1]は策謀し、アッラー*も策謀なされた[2]。アッラー*は、最良の策謀者であられる。 <sup foot_note=>1</sup>,
348,アッラー*が、（こう）仰せられた時のこと（を思い起こさせよ）。「イーサー*よ、本当にわれはあなたを召し、あなたをわれの許に上げ、不信仰に陥った者*たちから清める[1]者である。また、あなたに従った者たちを、復活の日*まで不信仰に陥った者*たちに優越させる者である。それから（清算の日）、われにこそ、あなた方の戻り所がある。そしてわれは、あなた方が（イーサー*において）意見を異にしていたことにおいて、あなた方の間に裁定を下すのだ。 <sup foot_note=>1</sup>,
349,それで不信仰だった者*たちはといえば、われは彼らを、現世においても来世においても厳しい懲罰で罰する。そして彼らには、いかなる援助者もない」。,
350,また、信仰して正しい行い*を行った者たち、かれ（アッラー*）は彼らに、余すことなく褒美をお授けになる。アッラーは、不正*者たちを好まれないのだ。,
351,それ[1]は（使徒*よ）、われら*があなたに誦み聞かせる御徴[2]であり、英知にあふれる教訓である。 <sup foot_note=>1</sup>,
352,本当に、アッラー*の御許におけるイーサー*の状況は、まるでアーダム*のようなもの[1]。かれ（アッラー*）が士[2]から彼（アーダム*）を創造され、それに「（人間と）なれ」と仰せられるだけで、それは（そう）なるのである。 <sup foot_note=>1</sup>,
353,（使徒*よ、これは）あなたの主*からの真理。ならば、あなた[1]は絶対に、疑わしく思う者たちの類いとなってはならない。 <sup foot_note=>1</sup>,
354,それで（使徒*よ、イーサー*に関する真実の）知識があなたに下された後、彼についてあなたに議論をしかける者があれば、（こう）言ってやるがいい。「来なさい。私たちの子供とあなた方の子供、私たちの妻たちとあなた方の妻たち、そして私たち自身とあなた方自身を呼び（集め）、それから互いに本気で祈り合い、嘘をついている者にアッラー*の呪い[1]があるとしよう[2]」。 <sup foot_note=>1</sup>,
355,本当にこれこそは、まさしく真実の物語であり、アッラー*の外に崇拝*に値するものなどはない。そして本当にアッラー*こそは、まさに偉力ならびない*お方、英知あふれる*お方であられる。,
356,それで、もし彼らが（あなたを信じることから）背き去ったとしても、アッラー*こそは腐敗*を働く者たちをご存知なお方なのだ。,
357,（使徒*よ、）言え。「啓典の民*よ、私たちとあなた方との間の（共通する）正しい言葉へとやって来なさい。『私たちはアッラー*以外には崇拝*せず、かれに対して何ものをも並べない[1]。またアッラー*を差しおいて、自分たちの内の誰かを主としたりもしない』（という言葉へ）」。もし彼らが（この呼びかけから）背き去ったのなら、（ムスリム*たちよ、こう）言ってやるがいい。「私たちが（アッラー*に）服従する者（ムスリム*）であると、証言せよ[2]」。 <sup foot_note=>1</sup>,
358,啓典の民*よ、トーラー*も福音*もイブラーヒーム*の後に下されたものなのに、どうしてあなた方はイブラーヒーム*のことで議論するのか？一体あなた方は、分別することがないのか？[1] <sup foot_note=>1</sup>,
359,ほら、あなた方という人たちは、自分たちが知識を有していることについてさえ（信じずに）議論しているというのに、なぜ自分たちに知識のないことについて議論するのか？[1]アッラー*がご存知なのであり、あなた方は知らないのだ。 <sup foot_note=>1</sup>,
360,イブラーヒーム*は、ユダヤ教徒*でもキリスト教徒*でもなかった。しかし彼は純正な人[1]であり、服従する者（ムスリム*）であった。そして、シルク*の徒の類いではなかったのだ。 <sup foot_note=>1</sup>,
361,本当に、イブラーヒーム*に最も近しい人々とは、まさしく彼に従った者たちと、この預言者*（ムハンマド*）、そして（彼を）信仰した者たちである。アッラー*は、信仰者たちの庇護者*なのだ。,
362,啓典の民*の一派は、あわよくばあなた方を（イスラーム*から）迷わせようと望んでいる。彼らは気付かずに、自分自身を迷わすだけなのだが。,
363,啓典の民*よ、あなた方はなぜアッラー*の御徴[1]を拒否するのか？あなた方は、（それを）目の当たりにしているというのに。 <sup foot_note=>1</sup>,
364,啓典の民*よ、あなた方はなぜ知っていながら、真理を虚妄で紛らわそうとしたり、真理を隠蔽したりするのか？,
365,啓典の民*の一派は、言った。「一日の始めには信仰する者たちに下されたものを信じ、その（日の）終わりには否定するのだ。恐らく彼らは、（再び不信仰に）戻って来るであろうから。[1] <sup foot_note=>1</sup>,
366,そしてあなた方の宗教に従う者以外は、（本気で）信じてはならない——（使徒*よ、）言ってやれ、本当に導きとはアッラー*のお導きだけである、と——、（それは）あなた方が授かったものと同様のものが誰かに授けられたり、彼らがあなた方の主*の御許であなた方と議論（して勝利）するようなことがないようにするためである[1]」。（使徒*よ、）言ってやるがいい。「実に（全ての）恩寵はアッラー*の御手にあり、かれはそれを、かれがお望みの者にお授けになる。アッラー*は公量な*お方、全知者であられる。 <sup foot_note=>1</sup>,
367,かれは、彼がお望みになる者に、そのご慈悲[1]を特別にお与えになる。アッラー*は、偉大な恩寵の主であられる」。 <sup foot_note=>1</sup>,
368,啓典の民*の中には、あなたが大金を託しても、それをあなたに返済する者がある。また彼らの中には、あなたが一枚の金貨を託しても、常に催促しない限り、返さない者もいる。それは彼らが、「文盲者たち[1]（の権利侵害）において、私たちに（咎めらる）筋合いなどはない」と言っているためである。彼らは知っていながら、アッラー*に対して嘘を語っているのだ。 <sup foot_note=>1</sup>,
369,いや、かれ（アッラー*）との約束を果たし、（かれを）畏れ*る[1]者ならば、本当にアッラー*は（かれを）畏れる*者たちをお好みになる。 <sup foot_note=>1</sup>,
370,本当に、アッラー*との契約と自分たちの誓約と引き換えに、僅かな代価を得る者たち、それらの者たちには来世において何の（善き）取り分もない。そしてアッラー*は復活の日*、彼らに（嬉しい）お言葉をかけても下さらなければ、彼らを（慈悲の目で）ご覧にもならず、彼らを、（罪から）清めて下さることもない。彼らには、痛ましい懲罰があるのだ。,
371,また、本当に彼ら（ユダヤ教徒*）の中には、あなた方がそれを啓典の一部と思い込むようにすべく、啓典（の内容）を口で言い換える一派がある。それは啓典の一部などではないのに。また彼らは、「これはアッラー*の御許からのものだ」などと言う。それは、アッラー*の御許からのものなどではないのに。彼らはアッラー*について、知りつつ嘘を語っているのだ。,
372,アッラー*が人間[1]に、啓典と英知[2]と預言者*としての天分を授けられた後、その者が人々に向かって「アッラー*を差しおいて、私を崇拝*せよ」などと言うことはありえない。しかし（そのような者は、こう命じるのが当然なのだ。）「あなた方は、啓典を教え、自らも学んできたことによって、学識豊かな指導者[3]となるのだ」。 <sup foot_note=>1</sup>,
373,また（そのような者が、）「天使*や預言者*たちを主*とせよ」などと、あなた方に命じることも（、ありえない）。一体、あなた方が服従する者（ムスリム*）となった後、（彼が）あなた方に不信仰を命じることなどがあろうか？,
374,アッラー*が、預言者*たちの確約[1]を受け取られた時のこと（を思い起こさせよ。かれは、こう仰せられた）。「われがあなた方に啓典と英知を授け、その後にあなた方のもとにあるもの（啓典）を確証する使徒*があなた方のところに来たら、あなた方は必ずや彼を信じ、援助するのだ」。（それから）かれは仰せられた。「あなた方は（そのことを）了承し、それについて、わが確約を受け取るか？彼らは申し上げた。「承知しました」。（すると）かれは仰せられた。「それでは証言せよ[2]。われもあなた方と共に、証人となろう」。 <sup foot_note=>1</sup>,
375,誰であれ、その（確約の）後に（イスラーム*への招きから）背き去った者、それらの者たちは放逸な者である。,
376,一体、彼らはアッラー*の宗教（イスラーム*）以外のものを求めるというのか？諸天と大地にいるものは——従順にであろうと、嫌々であろうと——かれに服従し[1]、そして彼らは（復活の日*）、かれの御許にこそ戻らされるというのに。 <sup foot_note=>1</sup>,
377,（使徒*よ、）言ってやるがいい。「私たちはアッラー*、私たちに下されたもの（クルアーン*）、イブラーヒーム*、イスマーイール*、イスハーク*、ヤァクーブ*、諸支族[1]に下されたものを信じる。またムーサー*とイーサー*と、（その他の）預言者*たちが彼らの主*から授けられたものを信じる。私たちは、彼らの内の誰も分け隔てはしない[2]。そして私たちは、かれ（アッラー*）のみに従う者（ムスリム*）なのである」。 <sup foot_note=>1</sup>,
378,誰であれ、イスラーム*以外のものを宗教として望む者は、決してそれを受け入れられない。また来世において、その者は損失者の類となるのである。,
379,信仰に入り、使徒*は真実であると証言した後、自分たちのもとに明証が訪れたにも関わらず不信仰に陥った民を、アッラー*がどうしてお導きになろうか？アッラー*は、不正*者である民をお導きにはならない。,
380,それらの者たちの応報は、アッラー*と天使*たち、そして人々全員の呪いが、彼らの上に注がれること[1]である。 <sup foot_note=>1</sup>,
381,彼らはそこ（地獄の業火）に永住する。彼らは懲罰を軽減されることもなければ、猶予を与えられることもない。,
382,但し、（不信仰の）その後に悔悟し、（誤りを）正した者たちは別であ（り、アッラー*は彼らをお赦しにな）る。本当に、アッラー*は、赦し深いお方、慈愛深い*お方なのだから。,
383,本当に、信仰した後に不信仰に陥り、それから更に不信仰が甚だしくなった者たち、彼らの悔悟は受け入れられない[1]。そしてそれらの者たちこそは、迷い去った者たちなのだ。 <sup foot_note=>1</sup>,
384,本当に不信仰に陥り、不信仰者*のまま死んだ者たち、彼らの誰一人として、大地一杯の黄金さえ受け入れられることはない。たとえ、（復活の日*の懲罰を免じてもらうため、）それで償おうとしても（、受け入れられないのだ）。それらの者たちには痛ましい懲罰があり、彼らにはいかなる援助者もない。,
385,あなた方は自らが欲する物の内から施すまで、（真の）善[1]に到達することはない。そしていかなるものでも、あなた方が施すならば、アッラー*はそれを必ずやご存知になるお方。 <sup foot_note=>1</sup>,
386,トーラー*が下される以前にイスラーイール（ヤァクーブ*）が自ら禁じた者以外は、全ての（善き）食物はイスラーイールの子ら*に許されていた。（使徒*よ、）言ってやるがいい。「トーラー*を持ってきて、（アッラー*がそれを禁じられたという証拠を見せるべく、）それを読誦してみよ。もし、あなた方が真実を語っているのならば。[1] <sup foot_note=>1</sup>,
387,それでその後、アッラー*に対して、嘘を捏造する者があれば、それらの者たちこそは不正*者である」。,
388,（使徒*よ、）言ってやれ。「アッラー*は真実を述べられる。ゆえにシルク*の徒の類ではなかった、純正な[1]イブラーヒーム*の宗教に従うのだ」。 <sup foot_note=>1</sup>,
389,本当に、（アッラー*を崇拝*するため）人々のために最初に建立された館（カァバ神殿*）は、バッカ[1]にあるもの。祝福にあふれ、全世界への導きとして（建立されたものなのだ）。 <sup foot_note=>1</sup>,
390,そこには、数々の明白な御徴[1]がある。（その一つが、）イブラーヒーム*の立ち所[2]。誰でもその中に入る者は、安全なのだ[3]。人々、つまりそこまでの道（を旅行すること）が可能な者⁴には、その館へとハッジ*するというアッラー*への義務がある。そしてそれ（ハッジ*の義務性）を否定する者があっても、実にアッラー*は全世界（のいかなるものへの必要）から、満ち足りた*お方なのだ。 <sup foot_note=>1</sup>,
391,（使徒*よ、）言ってやるがいい。「啓典の民*よ、あなた方はなぜ、アッラー*の御徴[1]を否定するのか？アッラー*は、あなた方が行うことの証人であられるというのに」。 <sup foot_note=>1</sup>,
392,（使徒*よ、）言ってやるがいい。「啓典の民*よ、あなた方はなぜ、信仰する者をアッラー*の道から阻むのか？あなた方は（その道が正しいことの）証人なのに、それ（その道）を捻じ曲げようとして？アッラー*はあなた方の行いに、決して迂闊ではあられない」。,
393,信仰する者たちよ、もしあなた方が啓典を授かった人々の一派に従うならば、彼らはあなた方を信仰の後、不信仰者*へと戻してしまうであろう。,
394,そして（信仰者たちよ）、どうしてあなた方が不信仰となろうか？アッラー*の御徴（アーヤ*）があなた方に読誦され、かれの使徒*は、あなた方の間にいるというのに？アッラー*（の教え）にしがみつく者は、既にまっすぐな道に導かれているのである。,
395,信仰する者たちよ、真の畏怖の念[1]をもってアッラー*を畏れ*よ。そして服従する者（ムスリム*）としてでしか、死んではならない。 <sup foot_note=>1</sup>,
396,また、アッラー*の絆[1]に皆でしっかりとしがみ付き、分裂してはならない。あなた方に対するアッラー*の恩恵を、思い出すのだ。あなた方が（かつて）敵対し合っていた[2]のに、かれがあなた方の心を結び付けられ、あなた方がかれの恩恵によって同胞となった時のことを。（以前）あなた方は業火の穴の淵にいたが、かれはあなた方を（イスラーム*によって）、そこからお救いになったのである。このようにアッラー*は、あなた方が導かれるよう、あなた方に御徴を明らかにされるのだ。 <sup foot_note=>1</sup>,
397,また（信仰者たちよ）、あなた方の内から、善きことへと招き、善事を命じて悪事を禁じる[1]共同体をあらしめよ。それらの者たちこそは、成功者なのである。 <sup foot_note=>1</sup>,
398,そして明証が訪れた後に分裂し、（互いに）意見を異にした者たち[1]のようになってはならない。それらの者たちには、この上ない懲罰がある。 <sup foot_note=>1</sup>,
399,（復活*の）その日、ある（者の）顔は白くなり、また別の（者の）顔は黒くなる[1]。顔が黒くなった者たちといえば、（こう言われる。）「一体あなた方は信仰した後に、不信仰に陥ったというのか？ならば、あなた方が不信仰だったことゆえの懲罰を、味わうがよい」。 <sup foot_note=>1</sup>,
400,また、顔が白くなった者と言えば、アッラー*のご慈悲の中[1]にあり、そこに永遠に留まる。 <sup foot_note=>1</sup>,
401,それは（使徒*よ）、われら*があなたに真理と共に誦み聞かせるアッラー*の御徴（アーヤ*）。アッラー*はいかなる創造物に対しても、不正*をお望みにはならない。,
402,そして諸天にあるものと、大地にあるものはアッラー*にこそ属し、（一切の）物事はアッラー*へと帰される。,
403,（ムハンマド*の共同体よ、）あなた方はもとより、人類へ遣わされた最良の共同体なのだ。あなた方は善事を命じて悪事を禁じ[1]、アッラー*を信仰する。もし啓典の民*が（イスラーム*を）信じたなら、（それが）彼らにとって、より善いことだったのだ。彼らの内には信仰者もいるが、大部分の者は放逸な者たちである。 <sup foot_note=>1</sup>,
404,彼らはあなた方のことをいくらか悩ませる[1]だけで、害することはない。そしてもしあなた方と戦ったとしても、背中を見せ（て敗走す）るのがおちである。それから彼らが、勝利を授かることもないのだ。 <sup foot_note=>1</sup>,
405,アッラー*からの絆と、人々との絆[1]によらない限り、彼らはどこで捕えられようと屈辱に付きまとわれ、アッラー*のお怒りと共に戻って来て[2]は、貧困に付きまとわれる。それというのも彼らはアッラー*の御徴を否定し、不当にも預言者*たちを殺害していた[3]からである。それは彼らが（アッラー*に）反抗し、（かれの法に反することにおいて）度を越していたためなのだ。 <sup foot_note=>1</sup>,
406,彼らは一様ではない。啓典の民*の中にも、正しい一団[1]がある。彼らは夜の刻にサジダ*しつつ、アッラー*の御徴（アーヤ*）を読誦するのだ。 <sup foot_note=>1</sup>,
407,彼らはアッラー*と最後の日*を信じ、善事を命じて悪事を禁じ[1]、善行に急ぐ。それらの者たちは、正しい者*たちの類である。 <sup foot_note=>1</sup>,
408,また、彼らがするいかなる善行も、決して無駄にされることはない。アッラー*は、敬虔な*者たちをご存知なのだ。,
409,本当に、不信仰に陥った者*たち、彼らにはその財産も子供も、アッラー*（の懲罰）に対しては何の役にも立たない。それらの者たちは業火の住人。彼らはその中で永住するのだ。,
410,彼らが現世の生活で施すものの様子は、あたかも酷寒を運ぶ風のようなもの[1]。それは（不信仰とアッラー*への反抗によって）自ら不正*を働いた民の作物を襲い、それを枯らしてしまう。アッラー*が彼らに不正*を働かれたのではない。しかし彼らが、自分自身に不正*を働いたのである。 <sup foot_note=>1</sup>,
411,信仰する者たちよ、あなた方（信仰者たち）を差しおいて、（不信仰者*の）腹心を選んではならない。彼らは、あなた方（の状況）を堕落させることに抜かりない。彼らは、あなた方が苦難に遭うことを望んだのだ。敵意（の印）は、もう彼らの口から明らかになったのであり、彼らが胸中に潜めているものは更に甚だしい。われら*は既に、あなた方に御徴[1]を明らかにした。もしあなた方が、（それを）理解するならば。 <sup foot_note=>1</sup>,
412,ほら、あなた方という人たちは彼らを好いているが、彼らの方ではあなた方を好いてはいない。あなた方は、全ての啓典を信じているというのに[1]。また彼らは、あなた方と会った時には（本音とは裏腹に、）「私たちは信仰する」と言った。そして自分たちだけになると、（ムスリム*たちの団結とイスラーム*の興隆に対する）憤りゆえに、指先を噛んだのだ。（使徒*よ、彼らに）言ってやれ。「憤死するがいい」。本当にアッラー*は、胸中にあるものをご存知になるお方。 <sup foot_note=>1</sup>,
413,（信仰者たちよ、）彼らは、あなた方に善いことが起きれば落胆する。また、あなた方を災難が襲えば、それに歓喜する。そして忍耐して（アッラー*を）畏れる*ならば、彼らの策略は少しもあなた方を害することはない。本当にアッラー*は、彼らの行うことを悉く包囲される*お方。,
414,（使徒*よ、）あなたが信仰者たちを戦闘のための持ち場に配置すべく、早朝に家族のもとを後にした時[1]のこと（を思い起こさせるがよい）。アッラー*はよくお聴きになるお方、全知者であられる。 <sup foot_note=>1</sup>,
415,あなた方の内の二団[1]が、臆病風に吹かれ（退却し）そうになった時のこと（を思い起こすのだ）。アッラー*が彼らの庇護者*だというのに。信仰者たちには、アッラー*にこそ全てを委ねさせよ*。 <sup foot_note=>1</sup>,
416,（信仰者たちよ、）アッラー*は確かに、まだあなた方が弱小であった時、バドル（の戦い*）[1]であなた方に勝利を授けられた[2]。ならば（かれの恩恵に）感謝すべく、アッラー*を畏れる*のだ。 <sup foot_note=>1</sup>,
417,（預言者*よ、）あなたが信仰者たちに、（こう）言った時のこと（を思い出させよ）。「あなた方の主*が、舞い降りる三千の天使*であなた方を増強させられれば、それで十分なのではないか？,
418,いや（、それで十分なのだ）。もし、あなた方が忍耐*して（主*を）畏れ*、彼ら（敵軍）があなた方のもとにそのように逸り立って（襲いかかって）来るならば、あなた方の主は目印をつけた[1]五千の天使*でもって、あなた方を増強させられる」。[2] <sup foot_note=>1</sup>,
419,そしてアッラー*がそうされたのは、（それが）あなた方への吉報となり、それであなた方の心が安らぐために外ならなかった。勝利は、偉力ならびなく*、英知あふれる*アッラー*の御許からのみ、訪れるのだ。,
420,（バドルでの勝利は、アッラー*が）不信仰に陥った者*たちの一部を壊滅させたり、または彼らに苦汁を嘗めさせて、敗北者として撤退させたり、,
421,——（使徒*よ、）そのことについて、あなたには何の権限もない[1]——または彼らの悔悟を受け入れたり、あるいは彼らが不正*者であるがゆえに、彼らを懲らしめたりするためのものだったのだ。 <sup foot_note=>1</sup>,
422,そしてアッラー*にこそ、諸天にあるものと大地にあるものは、属する。かれはかれがお望みになる者をお赦しになり、またお望みになる者を罰される。アッラー*は赦し深いお方、慈愛深い*お方。,
423,信仰する者たちよ、利息*を何倍にも膨らませて、貪ってはならない[1]。また、あなた方が（現世と来世で）成功すべく、アッラー*を畏れ*よ。 <sup foot_note=>1</sup>,
424,そして、不信仰者*たちのために用意されている業火を恐れ、,
425,あなた方がご慈悲を授かるよう、アッラー*と使徒*に従うのだ。,
426,そして、あなた方の主*からのお赦しと天国（の獲得）に、奔走するがよい。（天国の）その広さは諸天と大地ほどもあり、敬虔な*者たちのために用意されている。,
427,（彼ら敬虔な*者たちとは、）順境においても災難の中であっても施し、憤りを抑え[1]、人々を大目に見てやる者たち。アッラー*は善を尽くす者[2]たちを、お好みになる。 <sup foot_note=>1</sup>,
428,また、醜行[1]をしたり、（罪を犯すことで）自らに対して不正*をしたりした時にはアッラー*を思い出し、その罪の赦しを乞う者たち。——アッラー*の外に、誰が罪を赦すことが出来ようか？——そして彼らは、（アッラー*に悔悟すれば、それを受け入れられることを）知った上で、自分のした（悪い）ことに固執し続けることがない。 <sup foot_note=>1</sup>,
429,それらの者たち、その褒美は、彼らの主からのお赦しと、その下から河川が流れる楽園。彼らはそこに永住する。（アッラー*のために、善行に）励む者への褒美は、何と素晴らしいものか。,
430,あなた方以前にも既に、（信仰者が不信仰者*との闘いという試練に遭い、最後には勝利するという）アッラー*の摂理が過ぎ去ってきた。ならば、あなた方は地上を旅して、（アッラー*と使徒*を）嘘呼ばわりした者たちの結末がどのようなものであったか、見てみるがよい。,
431,これ（クルアーン*）は人々への明示であり、敬虔な*者たちへの導きと訓戒である。,
432,（信仰者たちよ、ウフドの戦い*での被害ゆえに、）あなた方は衰弱したり、悲しんだりしてはならない。あなた方は勝利者なのである。もし、あなた方が信仰者であるのなら。,
433,（信仰者たちよ、）たとえあなた方が痛手を負ったとしても、かの民[1]も確かに、（かつてのバドルの戦い*で）同様の痛手を負ったのである[2]。われら*はそれらの日々を、人々の間に交互に配分するのだ[3]。また、（それは）アッラー*が信仰する者たちを如実に表され、あなた方の内から殉教者をお選びになるためである——アッラー*は、不正*者をお好みにはならない——。 <sup foot_note=>1</sup>,
434,また（それは）、アッラー*が信仰する者たちを浄化[1]され、不信仰者*たちを根絶やしにされるためなのである。 <sup foot_note=>1</sup>,
435,いや、（教友*たちよ、）あなた方は、アッラー*があなた方の内の努力奮闘する者たちを如実に表されず、忍耐*ある者たちを露わにされてもいないというのに、天国に入れるとでも思い込んでいたのか？,
436,また（信仰者たちよ）、あなた方は、確かに（ウフドの戦い*以前には、殉教による）死を望んでいたのだ。それ（死）に直面する前には。そして確かに、あなた方はそれをまざまざと、目の当たりにした。[1] <sup foot_note=>1</sup>,
437,ムハンマド*は、一人の使徒*に過ぎない。彼以前にも、使徒*たちが滅び去っていったのである。それでもし彼が死んだり、殺されたりしたら、あなた方は踵を返すのか[1]？踵を返す者があっても、その者が少しもアッラー*を害することはない。アッラー*は（その恩恵に）感謝する者たちに、（善く）お報いになる。 <sup foot_note=>1</sup>,
438,また、定められた期限というアッラー*のお許しなくしては、誰も死ぬことがない。そして誰でも現世の褒美を望む者には、われらがそこ（現世の褒美）から与えよう。また、誰でも来世の褒美を望む者には、われら*がそこ（来世の褒美）から与えよう[1]。われら*は感謝する者たちに、（よく）報いるのだ。 <sup foot_note=>1</sup>,
439,どれだけ多くの預言者*と共に、数多くの使徒[1]が戦ったことであろう。そして彼らは、アッラー*の道において自分たちに降りかかったもの[2]ゆえに衰弱したり、弱体化したり、（敵に対して）屈したりもしなかった。アッラー*は、忍耐*ある者たちをお好みになる。 <sup foot_note=>1</sup>,
440,そして彼ら（忍耐*ある者たち）の言葉は、（こう）言うものでしかなかった。「我らが主*よ、私たちの罪と、自分たちの（宗教上の）事における私たちの行き過ぎ[1]を、お赦し下さい、そして私たちの足を堅固にし、不信仰者*の民に対して勝利をお授け下さい」。 <sup foot_note=>1</sup>,
441,こうしてアッラー*は、彼らに現世の褒美と、来世の素晴らしい褒美[1]を授けられた。アッラー*は、善を尽くす者[2]たちをお好みになる。 <sup foot_note=>1</sup>,
442,信仰する者たちよ、あなた方がもし不信仰に陥った者*たちに従うならば、彼らは（不信仰へと）あなた方の踵を返させ、あなた方は損失者へと舞い戻ってしまうであろう。,
443,いや、アッラー*があなた方の庇護者*なのであり、かれが最善の援助者なのだ。,
444,われら*はじきに、不信仰に陥った者*たちの心に恐怖を投げ込もう。彼らが、アッラー*が（崇拝*における正当性に関する）いかなる根拠も下されなかったものを、かれに並べ（て崇め）たことゆえに。そして彼らの住処は業火なのだ。不正*者たちの住まいは、何と醜悪なことか。,
445,また、あなた方がアッラー*のお許しにより、（ウフドの戦い*で）彼ら（不信仰者*）を討伐していた時、かれは確かにあなた方への（勝利の）約束を果たされた。かれがあなた方の好むもの（である勝利と戦利品*）をお見せになった後、あなた方が尻込みし、命令[1]のことで争い始め、（それに）背くまでは。——あなた方の中には、現世を欲する者もいれば、来世を欲する者もいる[2]——。それからかれ（アッラー*）はあなた方を試されるため、あなた方を彼ら（への勝利）から転じさせられた。そしてかれは、もうあなた方を大目に見て下さったのである。アッラー*は信仰者たちに対する、恩寵の主であられるのだから。 <sup foot_note=>1</sup>,
446,（教友*たちよ、）あなた方が（敵軍から逃げて山を駆け）登り、誰のことも顧みなかった時のこと（を思い出せ）。使徒*は（戦場に留まり）、あなた方のことを後方から呼んでいた。それでかれ（アッラー*）は暗雲に次ぐ暗雲[1]で、あなた方に報われた。（それは）あなた方が逃がしたもの（勝利と戦利品*）や、あなた方に降りかかったこと（恐怖や敗北）について、あなた方が悲しまないようにするためであった[2]。アッラー*は、あなた方の行うこと（全て）に通暁されている。 <sup foot_note=>1</sup>,
447,それからかれはその暗雲の後、あなた方へ安らぎを、つまりまどろみを下された。それは、あなた方の一派（信仰者たち）を包んでくれた。一方、自分たちの身がとても心配であ（り、眠れなか）った（別の）一派（である偽信者*たち）は、アッラー*に対し、不当にもジャーヒリーヤ*の憶測のような憶測[1]をしている。彼らは言うのだ。「私たちにはその事で、どうすることも出来なかったのではないか？[2]」（使徒*よ、彼らにこう）言ってやるがいい。「事は、全てアッラー*に属する」。彼らはあなたに明かしていないことを、胸中に潜めている。彼らは、（こう）言うのだ。「もし私たちに、その事に関して何か出来たなら、こんな所で殺されはしなかったのに」。言ってやるがいい。「たとえあなた方が（出征せずに）家の中に留まったとしても、殺されることを定められている者は、死に場所へと（自ら）出て来るものなのである」。そして（それは）、アッラー*があなた方の胸中にあるものを試され、またあなた方の心中にあるものを浄化[3]されるためであった。アッラー*は、胸中にあるものをご存知になるお方である。 <sup foot_note=>1</sup>,
448,（教友*たちよ、）両軍が会した（ウフドの戦い*の）日、本当にあなた方の内で逃亡した者たちは、彼らが稼いだもの（罪）の一部によって、シャイターン*が滑り落とさせたに外ならない[1]。アッラー*は、もう彼らを大目に見られた。本当にアッラー*は、赦し深い*お方、寛大な*お方なのだから。 <sup foot_note=>1</sup>,
449,信仰する者たちよ。不信仰に陥り、自分たちの同胞に対し、彼らが地上を旅したり、または出征中だったりし（て落命し）た時、（こう）言った者たちのようになってはならない。「もし彼らが私たちのもとに（留まって）いたなら、死んだり、殺されたりすることもなかったのに」。　（それは）アッラー*がそのこと[1]で、彼らの心に（更なる）悲痛をお与えになるためなのだ。アッラー*は、生を与え、死を与えられる。そしてアッラー*は、あなた方の行いを（全て）ご覧になるお方。 <sup foot_note=>1</sup>,
450,（信仰者たちよ、）もしも、あなた方がアッラー*の道において殺されたり、死んだりしたとしても、アッラー*からのお赦しとご慈悲こそは、彼らが（現世で）集めるものよりも優るのだ。,
451,そして、もしもあなた方が死んだり、殺されたりしても、あなた方は必ずや（復活の日*、）アッラー*の御許に召集されるのである。,
452,（預言者*よ、）あなたが彼ら（教友*たち）に優しかったのは、アッラーのご慈悲によるものであった。あなたがもし粗野で硬い心の持ち主だったなら、彼らはあなたの周囲から離れ去っただろう。ならば（預言者*よ、）彼らを大目に見、彼らのために（アッラー*の）お赦しを乞い、また（必要な）諸事においては彼らと相談せよ[1]。そして決意したならば、（その結果は）アッラー*に全てを委ねる*のだ。本当にアッラー*は、全てを（かれに）委ねる*者たちをお好みになるのだから。 <sup foot_note=>1</sup>,
453,もしアッラー*があなた方をお助けになれば、あなた方を打ち負かすものは何一つない。また、もしかれがあなた方を見捨てられれば、かれを差しおいてあなた方を助ける者とは、一体誰なのか？信仰者たちには、アッラー*にこそ全てを委ね*させよ。,
454,預言者*がごまかすなどということは、あり得ない[1]。そしてごまかす者は誰であろうと、復活の日*にその着服したものを携えてやって来る[2]のだ。それから各人は不正*を受けることなく、自らが稼いだもの（の報い）を全うされる。 <sup foot_note=>1</sup>,
455,一体、アッラー*のお喜びを追求し（て服従し）た者は、（不服従ゆえに）アッラー*の激怒と共に戻って来て[1]、その住処が地獄となる者と同じだろうか？その行き先は、何と醜悪であろう。 <sup foot_note=>1</sup>,
456,彼らは、アッラー*の御許において、（様々に異なる）位なのである。アッラー*は、彼らの行いを（一つ残さず）ご覧になるお方。,
457,アッラー*は信仰者たちの上に、確かにお恵みをかけられた。かれが彼ら自身の内から彼らの中に、その御徴（アーヤ*）を彼らに誦み聞かせ、彼らを清め、彼らに啓典と英知[1]を教える一人の使徒*を遣わされた時のこと。（その使徒*が遣わされる）以前、彼らは明白な迷いの中にあったのだ。 <sup foot_note=>1</sup>,
458,一体、（ウフドの戦い*で）あなた方に災難——あなた方は既に（バドルの戦い*で）、その倍の被害を（敵に）与えている[1]——が降りかかった時、あなた方は「これは一体どうしたことか？」などと言うのか？（預言者*よ、）言ってやるがいい。「それは（預言者*の命令[2]に反したことが原因で起きた）、あなた方自身によるものである。本当にアッラー*は、全てのことがお出来のお方」。 <sup foot_note=>1</sup>,
459,また、両軍が会した（ウフドの戦い*の）日にあなた方に降りかかったことは、アッラー*のお許し（定め）によるものであり、そして信仰者たちが如実に評され、,
460,偽の信仰だった者たちが明るみになるためであった。彼ら（偽信者*たち）には、（こう）言われたのだ。「来なさい、アッラー*の道において（私たちと共に）戦うか、または（軍に加勢して人数を増やし、敵を）追い返すのだ」。彼ら（偽信者*たち）は、言った。「もし戦いが（本当にあることが）分かれば、あなた方について行ったのだが[1]」。彼らはその日、信仰よりも不信仰の方に近かった。彼らは自分たちの心にもないことを、口先で言っているのだ。アッラー*は、彼らが隠していることを最もよくご存知である。 <sup foot_note=>1</sup>,
461,（彼ら偽信者*たちは、出征せずに）留まりつつ、彼らの同胞[1]に、「もし彼らが私たちに従っていたら、殺されなかったのに」などと言った者たち。（使徒*よ、）言ってやるがいい。「では、自分自身から死を押しのけてみよ。もし、あなた方が真実を語っているのならば」。 <sup foot_note=>1</sup>,
462,（預言者*よ、）アッラー*の道において殺された者たちを、決して死人だなどと思ってはならない。いや、彼らは、彼らの主*の御許で生きており、糧を授かっているのだ。[1] <sup foot_note=>1</sup>,
463,彼らは、アッラー*がそのご恩寵から彼らにお授けになったものに喜び、その後方でまだ自分たちは追いついてはいない（、アッラー*の道に戦う）者たち（が同様のものを勝ち取ること）に、心躍らされている。彼らには怖れもなければ、悲しむこともないのだ[1]、と。 <sup foot_note=>1</sup>,
464,彼らはアッラー*からの恩恵と恩寵に、そしてアッラー*が信仰者たちへの褒美を決して無駄にされないということに、心躍らせている。,
465,（彼らは戦いで）痛手を負った後でも、アッラー*と使徒*（の呼びかけ）に応えた者たち[1]。彼らの内、善を尽くし[2]敬虔だった*者たちには、この上ない褒美がある。 <sup foot_note=>1</sup>,
466,（彼らは、）人々が彼らに向かって「本当に人々（マッカ*軍）は、あなた方のために既に集結している。だから、彼らを恐れよ」[1]と言った後、（却って）それが彼らの信仰心を増大させ、（こう）言った者たち。「私たちには、アッラー*だけで十分。全てを請け負われる*お方は、何と素晴らしいことか」。 <sup foot_note=>1</sup>,
467,こうして彼らは何の災厄も降りかかることなく、アッラー*からの恩恵と恩寵と共に（マディーナ*に）帰還した。彼らは、アッラー*のお喜びを追求し（て服従し）たのである。アッラー*は、偉大な恩寵の主であられる。,
468,実にあの者[1]は、その盟友に対して（あなた方を）怖気づかせるシャイターン*なのだ。ならば、彼らを、怖れず、われを怖れよ。もし、あなた方が信仰者であるならば。 <sup foot_note=>1</sup>,
469,（使徒*よ、）不信仰に急ぐ者たちが、あなたを悲しませるようであってはならない。本当に彼らは、少しもアッラー*を害することなどないのだから。アッラー*は来世において、彼らに（褒美の）分け前など与えないことをお望みなのである。そして彼らには、この上ない懲罰があるのだ。,
470,本当に、信仰と引き換えに不信仰をか買った者たちは、少しもアッラー*を害することなどない。そして彼らには、痛ましい懲罰がある。,
471,不信仰に陥った者*たちは、われら*が彼らに（懲罰を下さず）猶予を与えてやっていることを、自分たちにとって善いことなどと断じて思ってはならない。われらは、彼らが自分たちに罪を上乗せさせるべく、猶予を与えてやっているに外ならないのだから。そして彼らには、屈辱的な懲罰がある。,
472,アッラー*は、悪質なものを良質なもの[1]から選り分けられるまでは、信仰者たちを（今の）あなた方のような状況のまま、放ったらかしにはされない。また（信仰者たちよ、）アッラー*は不可視の世界*のことを、あなた方に知らせることもされない。だがアッラー*は、ご自身の使徒*たちの中から、かれがお望みになる者を選ばれ（、啓示によってその一部をお教えにな）るのだ[2]。ならばあなた方は、アッラー*とその使徒*たちを信じよ。もしあなた方が信じ、（アッラー*を）畏れる*のなら、あなた方には偉大な褒美がある。 <sup foot_note=>1</sup>,
473,また、アッラー*がそのご恩寵から授けて下さったものを出し惜しみする者は、それが自分たちにとってより善いことだなどと、絶対に思ってはならない。いや、彼らにとって、もっと悪いことである。彼らが出し惜しみしていた物は復活の日*、彼らの首に巻き付けられるのだ[1]。諸天と大地の遺産はアッラー*にこそ属する[2]。そしてアッラー*は、あなた方の行うこと（全て）に通暁されるお方。 <sup foot_note=>1</sup>,
474,「実にアッラー*が貧しく、私たちが豊なのだ」などと言った者たちの言葉を、アッラー*は確かにお聞きになった[1]。われら*は彼らの言ったことと、彼らが預言者*たちを不当に殺害したこと[2]を記録しておこう。そしてわれら*は（来世で、地獄の中にいる彼らに）言うのだ。「烈火の懲罰を味わえ」。 <sup foot_note=>1</sup>,
475,それは、あなた自身が（現世で）行ったことゆえ（の報い）である。そしてアッラー*はその僕たちに対する、不正*者などではないのだ。,
476,（彼らユダヤ教徒*たちは、）「本当に、アッラー*は私たちに（トーラー*の中で）、いかなる使徒*も信じてはならない、と命じられたのだ。その者が私たちのもとに、火が（天から落ちてきて）焼き尽くすことになる、供え物を携えて来ない限りは[1]」と言った者たち。（使徒*よ、彼らに）言ってやるがよい。「私以前にも、使徒*たちは明証[2]とあなた方の言っているものを携えて、確かにあなた方（の先祖）のもとに到来した。それなのに、どうしてあなた方（の先祖）は彼らを殺害したのか？もし、あなた方が本当のことを言っているというのなら」。 <sup foot_note=>1</sup>,
477,そして（使徒*よ）、もし彼ら（ユダヤ教徒*たち）があなたを嘘つき呼ばわりしたとしても、明証や書巻や光明の書[1]を携えてあなた以前に到来した使徒*たちも（また）、確かに嘘つき呼ばわりされたのである。 <sup foot_note=>1</sup>,
478,全ての者は、死を味わう。そして復活の日*、あなた方は（現世での行いに対する）自分たちの褒美を、余すことなく授かるのだ。それで、誰でも（地獄の）業火から遠ざけられ、天国に入れられた者は、確かに（自分が望む最高のものを）勝ち取ったのである。現世の生活は、偽りの楽しみに過ぎない。,
479,（信仰者たちよ、）あなた方は、自分たちの財産やあなた方自身において、必ずや試練を受けよう[1]。また、あなた方以前に啓典を授けられた者*たちや、シルク*を犯す者たちから、多くの聞くに堪えないことを、必ずや耳にしよう。そして、もしあなた方が（それらのことに）忍耐*し、（主*を）畏れる*なら、それこそはあなた方が決意を固めるべき事柄の内のものなのである。 <sup foot_note=>1</sup>,
480,（かつて）アッラー*が、啓典を授けられた者*たちの確約をお取りになった時のこと（を、思い起こしてみよ）。（かれは仰せられた。）「あなた方は必ずや、それ（啓典）を人々に明らかにし、絶対にそれを隠蔽したりしてはならない」。すると彼らはそれを背後に放り捨て、それと引き換えに僅かな代価を買った[1]。彼らが買う物の、何と醜悪なことか。 <sup foot_note=>1</sup>,
481,あなた[1]は絶対に、自分たちが行った（悪）事に有頂天な者たちや、自分たちがしてもいないことにおいて褒められることを喜ぶ者たちのことなどを、考えてはならない。彼らが懲罰を免れるなどとは、決して考えてはならないのだ。彼らには、痛ましい懲罰がある。 <sup foot_note=>1</sup>,
482,諸天と大地の王権は、アッラー*にこそ属する。アッラー*は、全てのことがお出来になるお方。,
483,本当に、諸天と大地の創造と夜と昼の交代の中には、澄んだ知性の持ち主たちへの（、アッラーの唯一性*を示す）御徴がある。,
484,（彼らは）立ち、座り、横になりつつアッラー*を唱念し、諸天と大地の創造を熟考する者たち。（彼らは言う。）「我らが主*よ、あなたはこれらを無意味にお創りになったのではありません[1]——あなたに称え*あれ！——。ゆえに私たちを、（地獄の）業火の懲罰からお守り下さい。 <sup foot_note=>1</sup>,
485,我らが主*よ、本当にあなたが誰かを（その罪ゆえに、地獄の）業火に放り込まれるのなら、あなたは確かにその者を辱められたのです。不正*者たちには（復活の日*）、いかなる援助者もありません。,
486,我らが主*よ、本当に私たちは、信仰へと招く者が、『あなた方の主*を信じよ』と呼びかけるのを聞いて、信仰に入りました。我らが主*よ、ですから私たちのために私たちの罪をお赦しになり、私たちの悪行を帳消しにし、私たちを善行者たちと共にお召し下さい。,
487,我らが主*よ、また、あなたの使徒*たち（の言葉）によって私たちに約束されたもの[1]を、私たちにお授け下さい。そして復活の日*に、私たちを辱めないで下さい。本当にあなたは、約束をお破りにはならないのですから」。 <sup foot_note=>1</sup>,
488,彼らの主*は、彼ら（の祈り）に（こう）お応えになられた。「本当にわれは、男女の別なく、あなた方の内の（正しい）行いをする者の行いを、無駄にはしない——あなた方は、互いに同等なのである——。移住*し、故郷から追放され、わが道のために迫害され、戦い、殺された者たち、われは必ずや彼らのためにその悪行を帳消しにし、その下から河川が流れる楽園に入らせよう。アッラー*の御許からの褒美として。アッラー*の御許にこそ、よき褒美はあるのだ」。,
489,（使徒*よ、）あなた[1]は、不信仰に陥った者*たちが地上で（商売や旅行などに）勤しんでいることに、決して惑わされてはならない。 <sup foot_note=>1</sup>,
490,（それは一時の）僅かな楽しみで、やがて彼らの住処は地獄となるのだから。その寝床は、何と醜悪なことか。,
491,だが、自分たちの主*を畏れる*者たち、彼らにはその下から河川が流れ、そこに永遠に留まることになる楽園がある。アッラー*の御許からの御もてなしとして。アッラー*の御許にあるものは善行者たちにとって、（不信仰者*たちが現世で楽しんでいるもの）より善いものなのだ。,
492,本当に啓典の民*の中にもまさに、アッラー*と、あなた方に下されたもの（クルアーン*）と自分たちに下されたものを、信じる者がいる。彼らはアッラー*に恭順[1]で、アッラー*の御徴と引き換えに僅かな代価を買ったりはしない[2]。それらの者たちには、彼らの主*の御許にその褒美がある。本当にアッラー*は、即座に計算されるお方なのだから。 <sup foot_note=>1</sup>,
493,信仰する者たちよ、（アッラー*への服従において）忍耐*し、（敵との）我慢比べに打ち勝ち、前線を守れ。そしてあなた方が成功するべく、アッラー*を畏れ*るのだ。,
494,人々よ、あなた方を一人の者（アーダム*）から創られ、彼からその妻を創られ、そしてその二人から多くの男女を（創り）広められた、あなた方の主*を畏れる*のだ。そして、あなた方がかれにおいて頼みごとをし合う[1]アッラー*と、親戚の絆（の断絶）を畏れ*よ。本当にアッラー*はもとより、あなた方（の一部始終）を見守られるお方である。 <sup foot_note=>1</sup>,
495,また、孤児に彼らの財産を与えるのだ[1]。そして（あなた方の財産）悪いものと、（孤児の財産の）良いものを取り替えてはならない。また彼らの財産を、あなた方の財産と一緒くたにして貪ってもならない。本当にそれは大きな罪なのだから。 <sup foot_note=>1</sup>,
496,もし、あなた方が（女の）孤児に対して公正を貫けないこと[1]を怖れるのならば、あなた方に合法な女性を二人でも、三人でも、あるいは四人でも娶るがよい。そしてもし（複数の妻を娶ったら、彼女らを）平等に扱えないことを怖れるのなら、妻は一人だけにするか、あるいはあなた方の右手が所有する者（奴隷*の女性）だけに（留めておくのだ）。そうすることが、あなた方が罪を犯さずにいるために、より無難なのである。 <sup foot_note=>1</sup>,
497,そして（夫となる者たちよ、）女性たちには婚資金*を、贈り物として与えるのだ。もし、彼女らがあなた方のために、自ら進んでその一部を譲歩（し、あなた方に贈与）するのなら、それを善く、合法なものとして受け取るがよい。,
498,また、アッラー*があなた方の（生活の）基盤とされた財産を、無分別な者[1]に渡してはならない。そしてそれでもって彼らを扶養し、衣服を与え、適切な言葉で話しかけるのだ。 <sup foot_note=>1</sup>,
499,また、結婚（適齢期）[1]に達するまで、孤児を試すのだ。そして、もし彼らに十分な分別があると認めたならば、彼らの財産を彼らに渡せ。また、彼らが成人する前にそれを浪費したり、先手を取って使い込んだりしてはならない。（後見人が）裕福ならば、（孤児の財産に対して）慎ましくあるようにし、貧乏ならば、（そこから必要に応じて）適度に使うがよい。また、彼ら（孤児）にその財産を返還する時には、彼らに対して証人を立てるのだ。アッラー*だけで、清算者*は十分なのである。 <sup foot_note=>1</sup>,
500,多かれ少なかれ、男性には両親と近親が残したもの（遺産）からの取り分があり、女性にもまた両親と近親が残したもの（遺産）からの取り分がある。定められた取り分として、である。,
501,そして、（遺産の）分配の場に（相続権を有さない）親戚や孤児や貧者*らが現れたら、そこからいくらかものを施してやるのだ。そして彼らには、適切な言葉[1]で話しかけよ。 <sup foot_note=>1</sup>,
502,もし自分たちの（死）後に貧弱な子孫を残せば、彼ら（の身）を案じる者には、（自分の後見下にある孤児らのことも、それと同様に）恐れさせよ。そしてアッラー*を畏れ[1]させ*、的確な言葉を語らせる[2]のだ。 <sup foot_note=>1</sup>,
503,本当に孤児の財産を不正*に貪る者たちは、炎を食べて（、それを）腹の中に詰め込んでいるに外ならない。そして彼らは、（地獄の）烈火の中に入り炙られることになるのだ。,
504,アッラー*はあなた方に、あなた方の子供（の相続）に関して（このように）命じられる：男には、（その姉妹である）女の倍の取り分がある。もし（男がおらず）女が二人以上いる場合、彼女たちには（親の）遺したもの（遺産）の三分の二が（配当分として）ある。そして女一人しかいない場合には、彼女には（遺産の）半分がある。彼（故人）に子供があるならば、その両親には各々、彼の遺産から六分の一がある。彼（故人）に子供がなく、その両親（だけ）が彼を相続した場合、母親には三分の一がある。彼（故人）に複数の兄弟姉妹がいる場合、母親には六分の一である。（これらの分配は、）彼が遺した遺言（の実行）と、（抱えていた）債務の（清算）後に（行われる）。あなた方の父母とあなた方の子供と、どちらがあなた方にとってより有益[1]かを、あなた方は知らないのだ。（これらは）アッラー*からの義務として（定められたもの）。本当にアッラー*はもとより全知者、英知あふれる*お方なのだ。 <sup foot_note=>1</sup>,
505,（男たちよ、亡くなった）あなた方の妻に子供がない場合、あなた方には彼女らの遺した物（遺産）の半分がある。そしてもし彼女らに子供がある場合は、あなた方には彼女らの遺した物の、四分の一がある。（これらの分配は）彼女らが遺した遺言（の実行）と、（抱えていた）債務の（清算）後に（行われる）。また（男たちよ）、あなた方に子供がない場合、彼女ら（あなた方の妻たち）にはあなた方の遺した物の四分の一がある。そしてあなた方に子供がある場合、彼女らにはあなた方の遺した物の八分の一がある。（これらの分配は）あなた方が遺した遺言（の実行）と、（抱えていた）債務の（清算）後に（行われる）。もし男あるいは女が、子供も親もない状態で（亡くなって）遺産を遺す場合、彼（または彼女）に（異父）兄弟か姉妹が一人だけいるのなら、その各々には（遺産の）六分の一がある。そしてもし（その異父兄弟姉妹が）それ（二人）以上であれば、彼らは三分の一を共同で受け取る。（これらの分配は、故人によって）遺された害悪のない遺言（の実行）と、（抱えていた）債務の（清算）後に（行われる）。（これらは）アッラー*からの仰せ付け（としてのもの）。アッラー*は全知者、寛大な*お方であられる。,
506,それらは、アッラー*の決まり。アッラー*とその使徒*に従う者は誰であろうと、かれ（アッラー*）がその下から河川の流れる楽園に、その者をお入れになる。（彼らは）そこに永遠に留まるのだ。それはこの上ない成功なのである。,
507,そして、アッラー*とその使徒*に逆らい、かれ（アッラー*）の決まりを破る者は誰でも、かれ（アッラー*）がその者を地獄にお入れになる。（彼は）そこに永遠に留まるのだ。彼には、屈辱的な懲罰がある。,
508,あなた方の女性の内、醜行[1]を働いた者があれば、あなた方の内から彼女らに対し、（それを証言する）四名の証人を立てよ[2]。もし彼らが（それを）証言したならば、彼女らが天寿を全うするか、あるいはアッラー*が彼女らのために（別の）道[3]をお決めになるまで、彼女らを家の中に拘束するのだ。 <sup foot_note=>1</sup>,
509,そしてあなた方の内、それ（婚外交渉）を犯した二人を害せ[1]。彼らが悔悟して（行いを）正したならば、彼ら（への仕打ち）から身を引くがよい。本当にアッラー*はもとより、よく悔悟を受け入れられるお方、慈愛深き*お方であられるから。 <sup foot_note=>1</sup>,
510,アッラー*が悔悟をお受け入れになるのは、無知ゆえに[1]悪事を犯しても、その後すぐに[2]悔い改める者だけである。そしてそれらの者たちこそ、アッラー*が悔悟をお受け入れになる者たちなのだ。アッラー*はもとより、全知者、英知あふれる*お方。 <sup foot_note=>1</sup>,
511,そして（アッラー*に受け入れられる）悔悟とは、あなた方の内、悪行を行い続け、死が訪れる時になって「私は今、悔い改めました」などと言う者たちや、不信仰者*のままで死を迎える者たちのためのものではない[1]。それらの者たちのためにこそ、われら*は痛ましい懲罰を準備しておいたのである。 <sup foot_note=>1</sup>,
512,信仰する者たちよ、嫌がる女性（自身）を相続すること[1]は、あなた方に許されない。また、あなた方（夫）は、（婚資金*として）妻に贈った物の一部を持ち去ろうとして、彼女らに嫌がらせをしてはならない[2]。但し、彼女らが紛れもない醜行[3]を働いた場合は別である。また妻とは、適切な形で付き合う[4]のだ。もし、あなた方が（何らかの現世的理由ゆえに）彼女らを嫌ったとしても（、忍耐*せよ）[5]。あなた方は、アッラー*がそこに沢山の善きものをご用意下さっているものを、嫌っているのかもしれないのだから。 <sup foot_note=>1</sup>,
513,あなた方が（現）妻を（離婚して、他の）女性と取り替えたいならば、彼女（現妻）に（婚資金*として）大金を贈っていても、そこから一銭たりとも取り返してはならない[1]。あなた方は大嘘と紛れもない罪を犯して、それを取り戻そうというのか？ <sup foot_note=>1</sup>,
514,一体、あなた方はそれ（妻に贈った婚資金*）をいかに取り戻すというのか？あなた方は既に近づき（交わり）合い、彼女らはあなた方から厳粛なる確約[1]を得ているというのに。 <sup foot_note=>1</sup>,
515,あなた方の父が結婚した女性と、結婚してはならない。但し、既に過ぎ去ったこと[1]は問われない。本当にそれは醜行、憎むべきこと[2]であり、何と忌まわしい道であることか。 <sup foot_note=>1</sup>,
516,あなた方（男性）には、（以下の女性を娶ることが）禁じられた：あなた方の母親たち[1]。あなた方の娘たち[2]。あなた方の姉妹たち。あなた方の叔（伯）母たち。あなた方の母方の叔（伯）母たち。兄弟の娘たち[3]。姉妹の娘たち[4]。あなた方に授乳した乳母たち。乳姉妹たち。あなた方の妻の母親たち。あなた方が床入りした妻から（の連れ子）で、あなた方の家で養育された娘たち[5]——もし、あなた方がまだ彼女ら（その母親）と床入りしていなければ、（その娘を娶ることに）罪はない——。あなた方の後背部から出た[6]、あなた方の息子の妻たち。また、姉妹同士を（同時に）娶ること（も禁じられた）。但し過ぎ去ったこと[7]は、問われない。本当にアッラー*はもとより、赦し深いお方、慈愛深い*お方であられる。 <sup foot_note=>1</sup>,
517,また、夫のある女性（もあなた方に禁じられた）。但しあなた方の右手の所有する者（奴隷*女性）は別である[1]。あなた方に対するアッラー*のご命令として（、アッラー*はこれらの女性との結婚を禁止された）。それら以外（の女性）であれば、あなた方が自らの財産（婚資金*）をもって、貞淑に、姦淫を犯すことなく、（彼女らとの結婚を）望むことは、あなた方に許されている。あなた方が彼女らから悦びを得たら、義務として定められた婚資金*を、彼女らに贈れ[2]。義務（である、結婚契約における婚資金*額の合意）の後、あなた方（双方）が合意したものについては、（その額を変更しても）あなた方に罪はない。本当にアッラー*はもとより、全知者、英知あふれる*お方である。 <sup foot_note=>1</sup>,
518,あなた方の内、自由民の信仰者女性を娶る力のない者は、あなた方の右手が所有する信仰者の娘（奴隷*女性）たちから（娶るがよい）——アッラー*は、あなた方の信仰心を最もよくご存知である。あなた方は、お互いに繋がっているのだ[1]——。それであなた方は彼女らの所有者たちの承諾を得て、彼女らと結婚するがよい。そして彼女らに、適切な形[2]で婚資金*を贈るのだ。（彼女らが）貞淑で、（公然と）姦淫を犯すのでもなく、情夫を持ったりもしないように。結婚した後、彼女らが（婚外交渉の）醜行を働いたならば、彼女らには、自由民の女性が課されるもの（罰）の半分[3]が課せられる。それ（奴隷*女性との結婚）は、あなた方の内で苦難[4]を恐れる者のためである。そして（貞節さを保ちつつ、彼女らと結婚せずに）忍耐*する方が、あなた方にとってよりよいのだ[5]。アッラー*は、赦し深いお方、慈愛深い*お方である。 <sup foot_note=>1</sup>,
519,アッラー*は、あなた方に（正しい教えを）明示して、あなた方を以前の者たちの（正しい）道へと導き、あなた方の悔悟をお受け入れになることを望まれている。アッラー*は、全知者、英知あふれる*お方。,
520,アッラー*は、あなた方の悔悟をお受け入れになることをお望みになる。そして欲望に従う者たちは、あなたがたが（正しい宗教から）大きく逸脱(いつだつ)することを望むのだ。,
521,アッラー*は、あなた方（の負担）を慧眼するように望まれる。人間は弱く創られているのだから。,
522,信仰する者たちよ、あなた方の間で自分たちの財産を不当に貪ってはならない。しかし、あなた方の間で合意のもとに行われる商売取引であるなら、別である。そしてあなた方自身を殺してはいけない[1]。本当にアッラー*はもとより、あなた方に対して慈愛深い*お方であられる。 <sup foot_note=>1</sup>,
523,そして、そのようなことを侵害と不正*をもってする者は、われら*が業火に放り込んで炙ってやろう。そのようなことはアッラー*にとって、そもそも容易いいことなのだ。,
524,（信仰者たちよ、）もしあなた方が禁じられている大罪*を避けるのなら、われら*は（それ以外の）あなた方の悪事[1]を帳消しにし、あなた方を栄誉ある入り所（天国）に入らせよう。 <sup foot_note=>1</sup>,
525,アッラー*があなた方のある者に対し、他の者よりも多くお恵みになったものに関して、羨望するのではない。男たちには彼らが稼いだもの（行い）による取り分があり、女たちにも彼女らが稼いだもの（行い）による取り分があるのだ。（羨望する代わりに）アッラー*の恩寵を乞うがよい。本当にアッラー*はもとより、全てのことをご存知であられるお方なのだから。,
526,われら*は各人に、その両親と近親が残すものの相続者たちを定めた。そして、あなた方が、（盟約の）誓いを交わした者にも、その取り分を与えよ[1]。本当アッラー*はもとより、全てのことの証人であられる。 <sup foot_note=>1</sup>,
527,男たちは女たちの監護役である。それはアッラー*が、一方（女たち）よりも多くのものを他方（男たち）にお授けになったためであり、また彼らが（妻たちのために）自らの財産から拠出するためである。正しい*女たちとは従順[1]で、（夫の）不在にもアッラー*のご守護によってよく遵守する[2]者。そしてあなた方が（自分たちに対する）その不従順さを怖れる女たちは、（まずは）彼女らを（よき言葉で）戒め、（それでも効き目がなければ）寝室で彼女らを遠ざけ[3]、そして（それでも効き目がなければ、）叩くのだ[4]。もし彼女らがあなた方に従順にするのなら、彼女らに（それ以上の）咎め立てをするのではない。本当にアッラー*はもとより、至高の*お方、大いなる*お方であられる。 <sup foot_note=>1</sup>,
528,（夫婦それぞれの後見人たちよ、）あなた方が（夫婦）両人の不和を知ったなら、（事情の調査と問題の解決に臨ませるべく、）彼の一族から一人の仲裁人と、彼女の一族から一人の仲裁人を遣わすのだ。もし（仲裁人）両人が（夫婦間の）改善を望むのであれば、アッラー*は（夫婦）両人の間を正しく導いて下さろうから[1]。本当にアッラー*はもとより、全知者、通暁されているお方。 <sup foot_note=>1</sup>,
529,アッラー*を崇拝*し、かれと共に何ものをも並べてはならない[1]。そして両親に孝行し、親戚、孤児、貧者*、誓い隣人、遠い隣人[2]、道連れの仲間[3]、旅路（で苦境）にある者、あなた方の右手が所有する者（奴隷*）にも（、善行を尽くせ）。本当にアッラー*は、尊大ぶった者、高慢ちきな者をお好みにはならない。 <sup foot_note=>1</sup>,
530,（彼らは）けちで、人々にもまた吝嗇を勧め、アッラー*が彼らに授けて下さった恩恵を隠蔽する者たち[1]。われら*は、不信仰者*たちに屈辱的な懲罰を準備しておいた。 <sup foot_note=>1</sup>,
531,また（彼らは、）人々の視線ゆえにその財産を施し、アッラー*も最後の日*も信じない者たち。誰であろうとシャイターン*が自分の相棒である者、それは相棒として何と忌まわしいことか。,
532,もし彼らがアッラー*と最後の日*を信じ、アッラー*が彼らに授けて下さったものから施したところで、一体何（の害）になろうか？アッラー*はもとより彼らを、よくご存知のお方。,
533,本当にアッラー*は、ほんの僅かな重みさえも、不正*に扱われたりはしない[1]。そして（その僅かなものが）善行であるならば、それを何倍にもされ、そしてその御許から、偉大なる褒美をお授けになるのだ。 <sup foot_note=>1</sup>,
534,（使徒*よ、復活の日*、）われら*が各共同体から証人[1]を連れて来たら、そしてあなたをこれらの者たち[2]に対する証人として連れて来たら、（彼らの有様は）いかなるものとなろうか？ <sup foot_note=>1</sup>,
535,その日、不信仰に陥り、使徒*に従わなかった者たちは、大地と共に平らにされ（て土となり、蘇らされることなどなかっ）たなら、と願う。彼らはアッラー*に対して、何一つ黙秘できない[1]のである。 <sup foot_note=>1</sup>,
536,信仰するたちよ、あなた方が酔っ払った時[1]には、自分の言うことが理解出来るようになるまで礼拝に近付いてはならない。また、ジャナーバ*の状態にある時も、ただそこを通過する者[2]以外は、全身沐浴した後で、なければ（礼拝と礼拝所に近付いてはならない）。もし、あなた方が病気[3]や旅行中であったり、あなた方の誰かが窪地から（戻って）来たり[4]、女性と交わったりした後に（穢れを清めるための）水を見つけられなかった時は、清浄な地面へと向かい（それに触れ）、あなた方の顔と両手を撫でよ[5]。本当にアッラー*はもとより、よく寛恕されるお方*、赦し深いお方である。 <sup foot_note=>1</sup>,
537,（使徒*よ、）あなたは、啓典を幾ばくか授けられたにも関わらず（導きを売って）迷妄を贖い[1]、あなた方（信仰者たち）を（も、彼らと共に）道に迷うことを望んでいる者たちを知らなかったのか？ <sup foot_note=>1</sup>,
538,アッラー*はあなた方の敵を、最もよくご存知である。庇護者*としてアッラー*は万全であり、また、援護者としてアッラー*は万全である。,
539,ユダヤ教徒*である者たちの中には、（啓典の）言葉を（本来の）意味合いからすり替え、また（預言者*ムハンマド*に対し）その舌を歪め、宗教を誹謗して（こう）言う（民がいる）。「私たちは（あなたの言葉を）聞きはするが、（あなたの命令には）逆らう」。「聞いてみよ、聞きはしないだろうが」[1]。「私たちに配慮せよ」[2]。もし彼らが「私たちは聞き、従います」「（私たちのことを）聞いてください」「私たちを見守って下さい[3]」と言うのならば、それが彼らにとってより善く、より正しいのである。しかしアッラー*は彼らの不信仰ゆえ、彼らを呪われた[4]。彼らは、僅かばかりしか信仰しないのだから。 <sup foot_note=>1</sup>,
540,啓典を授けられた民*よ、あなた方のもとにあるもの（トーラー*）を確証する、われら*が下したもの（クルアーン*）を信じよ。われら*が（不信仰の報いとして）顔を消し、それを後ろ向きにしてしまう前に。あるいは、われらが土曜日の人々[1]を呪ったように、彼ら[2]を呪ってしまわない前に。アッラー*のご命令はもとより、成し遂げられることになっているのだ。 <sup foot_note=>1</sup>,
541,本当にアッラー*は、かれと共に（何かが）並べられること（シルク*）をお赦しになることはないが、それ以外のことは、御心に適う者にお赦しになる。アッラー*に対してシルク*を犯す者は誰でも、この上ない罪を確かに捏造しているのだ。,
542,（使徒*よ、）あなたは、自分自身の清らかさを主張する者たち[1]を知らなかったのか？いや、アッラー*がその御心に適う者を、お清めになるのだ。そして彼らは、糸くず[2]ほどさえも不正*に扱われることがない。 <sup foot_note=>1</sup>,
543,（使徒*よ、）見よ、彼らがアッラー*に対して、いかに嘘をでっち上げているかを。それだけで十分、明白な罪に値するのだ。,
544,（使徒*よ、）あなたは知らなかったのか？啓典を幾ばくか授けられたにも関わらず、ジブトとターグート[1]を信じ、不信仰者*たちに対して「これらの者たち（不信仰者*）は信仰する者たちよりも、より正しい道に導かれている」と言う者たちを？ <sup foot_note=>1</sup>,
545,それらの者たちは、アッラー*が呪い給うた[1]者たちである。誰であろうとアッラー*が呪い給う者に、あなたはいかなる援助者も見出すことがないのだ。 <sup foot_note=>1</sup>,
546,いや、彼らには、王権の一部でも属しているというのか？[1]では、そうであったとしても、彼らは斑点一つ[2]ほども人々に与えはしないであろう。 <sup foot_note=>1</sup>,
547,いや、彼らはアッラー*がお授けになった恩寵に対して、人々を妬んでいる[1]のか？われら*は確かに、イブラーヒーム*の一族に啓典と英知[2]を授けたのであり、彼らに偉大なる王権を与えたのだ。 <sup foot_note=>1</sup>,
548,それで、彼らの内にはそれ（預言者*ムハンマド*に下った啓示）を信じた者も、それを（自分たちと人々から）阻んだ者もある。（嘘呼ばわりする者たちよ、あなた方には）燃え盛る地獄だけで、十分である。,
549,本当にわれら*の御徴を信じない者は、やがてわれらが業火に入れて炙ってやろう。彼らの皮膚が焼き上がる度、われら*は彼らに別の皮膚を取り替えてやるのだ。彼らが、（ずっと）懲罰を味わうようにするためである。本当にアッラー*は、もとより、偉力ならびない*お方、英知あふれる*お方。,
550,一方、信仰して正しい行い*を行う者たち、われら*は彼らを、その下から川が流れる楽園に入れてやろう。（彼らは）そこにずっと永遠に留まるのだ。そこには彼らのために、純潔な妻[1]たちがいる。そしてわれら*は彼らを、幾重にも重なる陰の中に入れてやるのだ。 <sup foot_note=>1</sup>,
551,本当にアッラー*は、あなた方が信託をその権利主に返すこと[1]を、そしてあなた方が人々の間を裁く時には公正さによって裁くことを、ご命じになる。実にアッラー*は、その訓戒の何とも素晴らしいお方。本当にアッラー*は、もとより、よくお聞きになるお方、よくご覧になるお方である。 <sup foot_note=>1</sup>,
552,信仰する者たちよ、アッラー*に従い、そして使徒*と、あなた方の内の長たち[1]に従え。そして、あなた方が何かで争った時には、それ（についての裁定）をアッラー*と使徒*(ムハンマド*）に返すのだ[2]。もしあなた方が、アッラー*と最後の日*を信仰しているのならば、である。それが最善なのであり、最良の帰結なのだ。 <sup foot_note=>1</sup>,
553,（使徒*よ、）あなたに下されたもの（クルアーン*）と、あなた以前に下されたもの（その他の過去の啓典）を信じたと標榜する（偽信）者*たちを、あなたは知らなかったのか？彼らはそれを拒むよう、確かに命じられたというのに、（自分たちの争いに関して）ターグート*に裁定してもらうことを望んでいる。シャイターン*は、彼らを（正道から）遠く迷い去らせることを欲しているのだ。,
554,また、彼らに向かって「（争いの裁定のために、）アッラー*が下されたものと使徒のもとに来なさい」と告げられた時、あなたは、偽信者*たちが、あなたからそっぽを向いて背き去るのを見たのである。,
555,彼ら（偽信者*たち）が、自分たちが行ったことゆえに災難に遭遇し、それからあなたのもとにやって来て、「私たちが望んだのは、（裁定における）善行と調停に外ならない」とアッラー*に誓う時、（彼らの状況は）どうなるであろう？,
556,それらの者たちは、アッラー*がその心の内にあるもの[1]をご存知である。ならばあなたは彼らを（罰さず）放っておき、戒め、彼らの心に届く言葉で彼らに語りかけるがよい。 <sup foot_note=>1</sup>,
557,われら*が使徒*を遣わしたのは、彼がアッラー*のお許しのもと、（人々に）従われるために外ならなかった。（使徒*よ、）もし彼らが自らに不正[1]を働いた時に、あなたのもとにやって来てアッラー*のお赦しを乞い、そして使徒*が彼らのために（アッラー*の）お赦しを乞うたならば、彼らはアッラー*がよく悔悟をお受け入れになるお方、慈愛深い*お方であることを見出したであろうに。 <sup foot_note=>1</sup>,
558,あなたの主*に誓って。彼らの間の争いに関して、彼らがあなたにその裁定を仰ぎ、それからあなたが裁決したことについて、彼らが自分自身の内に少しの不満も見出さず、完全に受け入れるようになるまでは、彼らは（真に）信仰してはいないのである[1] <sup foot_note=>1</sup>,
559,また、たとえわれら*が彼ら（偽信者*たち）に、「互いに殺し合え[1]」、あるいは「故郷から出て行け」と義務づけたとしても、そうするのは彼らの中の僅かな者たちだけであっただろう。そして、もし彼らが（アッラー*とその使徒*から）忠告されることに従ったならば、それは彼らのためにより善く、（彼らの信仰心を）より堅固にするものだったのだ。 <sup foot_note=>1</sup>,
560,そうすれば、われら*は彼らに、われら*の御許からの偉大な褒美を授けたのだが。,
561,そして、われら*は彼らを、まっすぐな道に導いたのだが。,
562,誰であろうとアッラー*と使徒*（ムハンマド*）に服従する者、それらの者たちは（来世において）預言者*たち、大そうな正直者たち[1]、殉教者、正しい*者たちといった、アッラー*が恩恵をお授けになった者たちと共になろう。それらの者たちは、何と素晴らしい同伴者だろうか。 <sup foot_note=>1</sup>,
563,その恩寵は、アッラー*から（のもの）である。アッラー*は全知者として万全であられる。,
564,信仰するものたちよ、用心せよ。そして分隊で、あるいは総勢で出征するのだ。,
565,本当にあなた方の中には、まさしく（出征にわざと）遅れをとる者がいる。そしてもしあなた方に災難が襲いかかれば、「アッラー*はまさに、私に恩恵を授けて下さった。私は彼らと共に（戦場に）いなかったのだから」などと言う。,
566,そして、もしもアッラー*の恩寵[1]があなた方に降りかかれば、まるであなた方と彼の間に何の愛情もなかったかのように、まさに（こう）言うのだ。「ああ、もし私が彼らと一緒にあったならば。そうすれば、私は大きな収穫[2]を得たのに！」 <sup foot_note=>1</sup>,
567,ならば、現世の生活と引き換えに来世を贖う者は、アッラー*の道において戦え。誰であろうとアッラー*の道において戦う者は、殺されようがあるいは勝利を収めようが、われら*がこの上ない褒美を与えることになるのだ。[1] <sup foot_note=>1</sup>,
568,（信仰者たちよ、）あなた方がアッラー*の道において戦わないのは、一体どういうことか？そして「我らが主*よ、その民が不正*を働いているこの町（マッカ*）から、私たちを（救い）出して下さい。そして私たちに、あなたの御許から庇護者*をお遣わし下さい。私たちに、あなたの御許から援助者をお遣わし下さい」と（祈って）言う、男たちや女たち、子供らといった弱者たち[1]のために（戦わないのは）？ <sup foot_note=>1</sup>,
569,信仰するものたちはアッラー*の道において戦い、不信仰に陥った者*たちはターグート*の道のために戦う。ならば、シャイターン*の盟友[1]と戦え。本当にシャイターン*の策謀は、そもそも脆いものであるから。 <sup foot_note=>1</sup>,
570,（使徒*よ、）あなたは知らなかったのか、「（敵に）手を出すのではない。そして礼拝を遵守し*、浄財*を施すのだ」と言われた者たち[1]を？にも関わらず、彼らに戦闘が義務づけられた時には、どうであろうか、彼らの一派はあたかもアッラー*を恐れるか、あるいはそれよりもっと強い恐怖でもって、人々[2]を恐れるのだ。そして、彼らは（こう）言う。「我らが主*よ。あなたはどうして、私たちに戦闘を義務づけられたのですか？暫しの間、私たちに猶予を与えて下さいませんか？」（使徒*よ、）言ってやるがいい。「現世の享楽は僅かなものであるが、来世の方が敬虔*である者たちにとって、より善いのだ。そしてあなた方は、糸くず[3]ほどさえも不正*に扱われることがない」。 <sup foot_note=>1</sup>,
571,どこにいようと、死はあなた方に降りかかる。たとえあなた方が、堅固な砦の中にいたとしても。彼らは自分たちが善い目に遭えば、「これは、アッラー*からのものだ」と言う。そして悪い目に遭えば、「これはあなたのせいだ」と言う。言ってやれ。「すべてはアッラー*からのものである」。それらの民が、ほとんど話を理解することがないのは、どういうことか？,
572,（人間よ、）あなたに降りかかったいかなる善きものも、アッラー*からのものである。また、あなたに降りかかったいかなる災難も、あなた自身からのものである[1]。（使徒*よ、）われら*はあなたを、人々への使徒*として遣わした。アッラー*は証人として万全なるお方であられる。 <sup foot_note=>1</sup>,
573,誰であろうと使徒*（ムハンマド*）に従う者は、実にアッラー*に従ったのだ。そしてわれらは（使徒*への服従を拒んで）背き去る者に対し、あなたを監視役として遣わしたのではない[1]。 <sup foot_note=>1</sup>,
574,彼らは（あなたの前では）、「（私たちのすべきは）服従です」と言う。そしてあなたのもとから立ち去ると、彼らの一派は（あなたに）言うこととは違うことを、夜中に企むのだ。だがアッラー*は、彼らの夜中の策謀を記録なされる。ならば彼らに背を向け、アッラー*に（全てを）委ねる*のだ。アッラー*こそは、全てを請け負われる*お方として万全であられる。,
575,一体彼らは、クルアーン*を熟慮しないのか？もしそれがアッラー*以外のものに由来するものであったなら、彼らはその中に沢山の相違点を見出したであろうに。,
576,また彼らは、安全や恐怖に関わる諸事[1]（の知らせ）が訪れると、それを言いふらす。もし彼らがそれを使徒*に、そして権威を有する者たち[2]に伝えたなら、彼らの内でそこから（正しい）結論を導き出す（ことの出来る）者は、それ[3]を知ったことであろうに。もし、あなた方に対するアッラー*のご恩寵とご慈悲がなかったならば、僅かな者たちを除き、あなた方はシャイターン*に従ってしまったことであろう。 <sup foot_note=>1</sup>,
577,ならば（預言者*よ）、アッラー*の道において戦うのだ。あなたが課されるのは、自分自身のみ[1]。そして信仰者たちを（戦いへと）激励せよ。きっとアッラー*は、不信仰に陥った者*たちの猛威を阻んで下さろうから。アッラー*は猛威がより厳しく、懲罰がより激しいお方。[2] <sup foot_note=>1</sup>,
578,よい執り成しをする者には誰でも、その（よい褒美の）分け前があろう。また悪い執り成しをする者には誰でも、その（罪の）取り分があろう。アッラー*はもとより、全てのことを看視される*お方。,
579,あなた方が挨拶されたら、それよりもっと丁重な挨拶をするか、あるいはそれ（同様の挨拶）を返すのだ。本当にアッラー*は、もとより、全ての清算者*であられるのだから。,
580,アッラー*は、かれ以外に崇拝*すべきものがないお方。かれは必ずやあなた方を、疑惑の余地のない復活の日*に召集される。一体、アッラー*よりも真実を語るものがあろうか？,
581,（信仰者たちよ、）あなた方は、どうして偽信者*たち[1]（のこと）で二派に分かれるのか？アッラー*は彼らが稼いだ（悪）事ゆえに、彼らを（不信仰と迷妄に）陥れ給うたというのに？あなた方は、アッラー*が迷わせ給うた者を導こうと望んでいるのか？誰であろうとアッラー*が迷わせられた者に、あなたが彼のための（導きの）道を見出すことなど、ないのだ。 <sup foot_note=>1</sup>,
582,彼らは自分たちが不信仰に陥ったように、あなた方も不信仰に陥り、（彼らの）同類になることを望んでいる。ならば、彼らがアッラー*の道において移住*するまでは、彼らの内から盟友を得てはならない。そしてもし彼らが（移住*を拒んで）背を向けたならば、彼らを捕え、見つけ次第、彼らを殺すのだ。彼らの内から盟友も援助者も、得てはらない。,
583,但し、あなた方と盟約を結んでいる民のもとに身を寄せる者たち[1]、あるいはあなた方と戦うことも、自分たちの民と戦うことも嫌がって、あなた方のところへやって来た者たち[2]は別である。もしアッラー*がお望みならば、かれは彼らをあなた方に対して威勢強くさせ、（その結果）彼らは（あなた方の敵と共に）あなた方と戦ったことであろう。もし、彼らがあなた方から身を引いてあなた方と戦わず、あなた方に和平を申し出るならば、アッラー*はあなた方に彼らへの（戦いという）道をお許しにはならない。 <sup foot_note=>1</sup>,
584,あなた方は、あなた方から安全を望み、また（不信仰者*である）自らの民からも安全でありたいと望む、別の者たち[1]を見出すであろう。彼らは（不信仰への）試練に戻される度、そこに転落する。そして、彼らがもしあなた方（との戦い）から身を引かず、あなた方に和平も申し出ず、また（攻撃の）手を止めもしないのなら、彼らを捉え、捕獲し次第、彼らを殺すのだ。それらの者たちに対してこそ、われら*はあなた方に（交戦の）明白な根拠を授けたのである。 <sup foot_note=>1</sup>,
585,信仰者が信仰者を殺めることがあってはならない。但し、過失の場合は別である。それで過失から信仰者を殺めてしまった者には誰でも、信仰者の首一つの解放[1]と、その遺族への代償金[2]（が義務づけられる）。だが、彼ら（被害者の遺族）が（免責を）施してやる場合は別である。また、彼（被害者）があなた方に敵対している民に属する信仰者であったら、信仰者の首一つの解放。また、彼（被害者）があなた方と盟約を結んでいる民に属する者であったら、その遺族への代償金と、信仰者の首一つの解放。そして（信仰者の奴隷*、あるいはそれを解放する財産を）見出せない者は、アッラー*が悔悟をお受け入れになるよう、連続二ヶ月の斎戒*を（義務づけられる）。アッラー*はもとより、全知者、英知あふれる*お方であられる。 <sup foot_note=>1</sup>,
586,一方、誰であろうと信仰者を故意に殺める者、その報いは地獄である。（彼は）そこに永遠に留まる。そしてアッラー*は彼をお怒りになり、彼を呪われ[1]、彼のためにこの上ない懲罰をご用意になる。[2] <sup foot_note=>1</sup>,
587,信仰するものたちよ、あなた方がアッラー*の道に出征する時は、（事を慎重に）見極めるのだ。そしてあなた方に（イスラーム*の）挨拶をする[1]者に向かって、現世の生活のつまらぬ利益を求めつつ、「あなたは信仰者ではない」と言ってはならない。アッラー*の御許にこそ、ふんだんな褒美があるのだから[2]。あなた方もかつてはそうであったのだが、アッラー*があなた方にお恵みを与えて下さったのだ[3]。ならば（慎重に）見極めよ。本当にアッラー*は、もとより、あなた方の行うことに通暁されているお方。 <sup foot_note=>1</sup>,
588,信仰者の内で支障もないのに（出征せずに家に）居残る者たちと、アッラー*の道において自らの財と命をかけて奮闘する者たちは同等ではない。自らの財と命をかけて奮闘する者たちを、アッラー*は（支障ゆえに）居残る者たちよりも、一段階上に置かれた。アッラー*はそのいずれにも、最善のもの[1]をお約束されたのだ。そしてアッラー*は、奮闘する者たちを居残る者たちの上に、偉大な褒美でもって優越させられたのだ。 <sup foot_note=>1</sup>,
589,（それらの褒美とは、）かれからの数々の位[1]と、お赦しと、ご慈悲である。アッラー*はもとより、赦し深いお方、慈愛深い*お方であられる。 <sup foot_note=>1</sup>,
590,本当に、自分自身に不正*を働いた状態のまま、天使*たちに（その魂を）召された者たち[1]（は、破滅した）。（天使*たちは、彼らを咎めて）言う。「あなた方は（生前、宗教に関して）どのような状態にあったのか？」彼らは、（答えて）言う。「私たちは、地上で抑圧されていた者たちでした[2]」。彼ら（天使*たち）は、言う。「アッラー*の地は広大であり、あなた方はそこで移住*することが出来たのではないか？[3]」それらの者たちの住処は地獄である。それは何と悪い還り所であることか。 <sup foot_note=>1</sup>,
591,しかし（移住*する）策も立てられず、道も知らなかった、男たち、女たち、子供たちという弱者たち[1]は別である。 <sup foot_note=>1</sup>,
592,それらの者たちは、アッラー*が大目に見て下さろう。アッラー*はもとより、（罪を）よく寛恕されるお方*、赦し深いお方であられる。,
593,アッラー*の道において移住*する者は誰でも、地上に広い避難所とゆとりを見出すであろう。そして、アッラー*とその使徒*のもとに移住*すべく自分の家を後にし、それから（目的地に到達する前に）死を迎える者は誰でも、その褒美が必ずやアッラー*の御許で確定するのだ。アッラー*はもとより赦し深いお方、慈愛深い*お方。,
594,（信仰者たちよ、）あなた方が地上を旅する時、もし不信仰に陥った者*たちが危害を加えてくる恐れがあるならば、礼拝を短縮してもあなた方に罪はない[1]。本当に不信仰者*らは元来、あなた方にとっての紛れもない敵である。 <sup foot_note=>1</sup>,
595,また（預言者*よ）、あなたが彼らと共に（戦場に）あり、彼らを率いて礼拝する時[1]には、（彼らを二つの集団に分け、その）一団をあなたと共に（礼拝に）立たせ、彼らに自分たちの武器を持たせよ。そして彼らがサジダ*する時には、（別の一団を）あなた方（礼拝中の一団）の後ろにいさせ（て、護衛させ）るのだ。それから、まだ礼拝していないその別の一団に来させて、あなたと共に礼拝させよ[2]。そして用心させ、武器を持たせるのだ。不信仰に陥った者*たちは、あなた方が自分たちの武器や装備品をおろそかにし、それで彼らがあなた方に一斉に襲いかかれたなら、と望んでいる。もし雨による害があったり、あなた方が病気だったりしたら、自分たちの武器を置いても、あなた方に罪はない。用心せよ。本当にアッラー*は不信仰者*たちに、屈辱的な懲罰をご用意なされたのだ。 <sup foot_note=>1</sup>,
596,そしてあなた方が礼拝を終えたならば、立ったまま、座ったまま、横たわったまま、アッラー*を唱念せよ。そして安全になったら、（通常通りの形で）礼拝を遵守*せよ。本当に礼拝はもとより、信仰者に対して帝国に義務づけられているのだから。,
597,あなた方は、敵を追うことに弱気になってはならない。あなた方が苦しかったとしても、本当に彼らも、あなた方が苦しむように苦しんでいるのだから。しかもあなた方は、彼らが期待していはいないもの[1]をアッラー*から期待している。アッラー*はもとより、全知者、英知あふれる*お方。 <sup foot_note=>1</sup>,
598,（使徒*よ、）本当にわれら*は、あなたに真理の啓典を下した。（それは）アッラー*があなたにお示しになったものによって、あなたが人々の間を裁くためである。そして、欺く者たちの弁護者となってはならない[1]。 <sup foot_note=>1</sup>,
599,そしてアッラー*のお赦しを乞うのだ。本当にアッラー*は、もとより、赦し深いお方、慈愛深い*お方なのだから。,
600,そして、（罪を犯すことによって）自らを欺く者たちを弁護してはならない。本当にアッラー*は、欺瞞に満ち、罪に溺れた者をお好みにはならないのだから。,
601,彼らは人々から（自分たちの罪を）隠そうとはするが、アッラー*から隠そうとはしない。彼らが、かれのお喜びにならない言葉を夜中に企む[1]時でも、かれは彼らと共におられる[2]というのに。アッラー*はもとより、彼らの行うことを悉く包囲*されているお方。 <sup foot_note=>1</sup>,
602,ほら、本当にあなた方という人たちは、現世の生活において彼らを弁護した。では誰が復活の日*に、アッラー*に対して彼らを弁護するのか？いや、誰が彼らの代理人となるのか？,
603,悪事を行ったり、自らに不正*を働いたりしても、その後アッラー*に（自分の罪の）お赦しを乞う者は誰でも、アッラー*が赦し深いお方、慈愛深い*お方であるのを見出すであろう。,
604,また、誰であろうと罪を犯す者は、自分自身を害すべくそれ[1]を稼いでいるに外ならない。アッラー*はもとより、全知者、英知あふれる*お方であられる。 <sup foot_note=>1</sup>,
605,そして過ちや罪[1]を犯した後、それを無実の者に擦り付ける者は誰でも、確かに大嘘と紛れもない罪を背負い込んでいるのだ。 <sup foot_note=>1</sup>,
606,（使徒*よ、）もしあなたへのアッラー*の恩寵とご慈悲がなかったならば、彼らの一派は、あなたを迷わそうと思いっ立ったであろう。彼らが迷わせるのは自分自身に外ならず、彼らがあなたを害することなど、少しも出来やしないのだが。アッラー*はあなたに啓典と英知[1]を下し、あなたが（かつて）知らなかったことを教示された。そして、あなたに対するアッラー*のご恩寵はもとより、偉大なのである。 <sup foot_note=>1</sup>,
607,彼らの密談の多くは無益である。但し、施しや善事[1]、人々の間の調停を命じる者（の密談）は別である。アッラー*のご満悦を望んでそうする者には誰でも、われら*がやがて、この上ない褒美を授けよう。 <sup foot_note=>1</sup>,
608,また、誰であろうと、自らに導きが明らかになった後に及んで使徒*に歯向かい、信仰者らの道以外のものを追求する者、われら*は彼を彼が向かったものへと放っておき、地獄に入れて炙ってやる。それは何と悪い還り所であろうか。,
609,本当にアッラー*は、かれと共に（何かが）並べられること（シルク*）をお赦しになることはないが、それ以外のことは、御心に適う者にお赦しになる。アッラー*に対してシルク*を犯す者は誰でも、実に遥か遠くへ迷い去ってしまっているのだ。,
610,彼らは、かれ（アッラー*）を差しおいて女性[1]に祈っているに過ぎない。そして彼らは、（アッラー*に対し）反逆的なシャイターン*に祈っているに過ぎないのだ。 <sup foot_note=>1</sup>,
611,アッラー*は彼（シャイターン*）を呪われた[1]。そして（シャイターン*はこう）言った。「私はあなたの僕たちの内から、一定の取り分[2]を必ずや頂いてみせましょう。 <sup foot_note=>1</sup>,
612,また彼らを迷わせ、夢想に耽らせ（て私に従わせ）、彼らに命じて家畜の耳を切断させるようにしましょう。また私は彼らに命じて、アッラー*の創造を変えさせましょう[1]」誰でもアッラー*を差しおいてシャイターン*を盟友とする者は、確かに明らかな損失を被っているのだ。 <sup foot_note=>1</sup>,
613,彼（シャイターン*）は彼らに（嘘の）約束をし、（虚妄と欺瞞の）夢想を膨らませる。そしてシャイターン*が彼らに約束するのは、欺き以外の何ものでもない。,
614,それらの者たち、彼らの住処は地獄である。彼らはそこからの、いかなる逃げ道も見出すことがない。,
615,われら*は信仰して正しい行い*を行う者を、その下から川が流れる楽園に入れてやろう。（彼らは）そこにずっと永遠に留まる。アッラー*の真なるお約束（を、信仰者たちにお約束になったのだ）。一体、アッラー*よりも真実の言葉を語る者などいようか？,
616,（ムスリム*たちよ、アッラー*のお約束とは）あなた方の夢想によるものでもなければ、啓典の民*の夢想によ（って得られ）るものでもない。悪事を行う者は誰でもその報いを受けるのであり、その者はアッラー*の外に、自分にとってのいかなる庇護者や援助者も見出すことがないのだ。[1] <sup foot_note=>1</sup>,
617,そして男性であれ女性であれ、誰であろうと信仰者で正しい行い*を行う者、それらの者たちは天国に入る。彼らは、斑点[1]一つほども不正*に扱われることはない。 <sup foot_note=>1</sup>,
618,誰であろうと、善を尽くす者でありつつ、アッラー*のみに顔を向けて服従し[1]、純正な[2]イブラーヒーム*の教えを踏襲する者よりも、よい宗教の者がいようか？アッラー*はイブラーヒーム*を、（かれに）近しい者とされたのである。 <sup foot_note=>1</sup>,
619,そして諸天にあるものも大地にあるものも（全て）、アッラー*のもの。アッラー*はもとより、全てを包囲されている*お方。,
620,（預言者*よ、）彼ら（人々）は、女性たち（に関する法規定）について、あなたに教示を請う。言ってやるがいい。「アッラー*は、彼女らについて教示を下される。また、啓典の中であなた方に誦み聞かされること[1]が（、教示を下す）。あなた方が（権利として）定められたもの[2]を与えず、また結婚させようともしない[3]、女の孤児たちについて。そして子供らの内でも、か弱い者たちと、あなた方が孤児を公正に待遇しなければならないことについて（、教示をくだす）」。あなた方がどんな善行を行っても、本当にアッラー*はもとより、それをご存知になるお方であられる。 <sup foot_note=>1</sup>,
621,もし女性（妻）がその主人（夫）につれなくされたり、避けられたりすることを知ったのであれば、二人が互いに和解[1]し合っても罪はない。和解が、より善いのである。貪欲さは人間と切っても切れないのだが[2]。そして、もしあなた方が（妻に対して）よくしてやり、（彼女らに関してアッラー*を）畏れる*のであれば、本当にアッラー*は、もとより、あなた方の成すこと全てに通暁され（、それらの善行にお報い下さ）るお方である。 <sup foot_note=>1</sup>,
622,（男たちよ、）あなた方はたとえ懸命になったとしても、女性（妻）たちを（愛情において）平等に扱うことなど出来ない。ならば、あなた方は（妻を）完全に放ったらかしにして、彼女を宙ぶらりんの状態にしてはならない[1]。そしてあなた方が（妻に対する義務において行いを）正し、（彼女らに関しアッラー*を）畏れる*ならば、本当にアッラー*はもとより赦し深いお方、慈愛深い*お方なのである。 <sup foot_note=>1</sup>,
623,そしてもし彼ら二人が離縁するなら、アッラー*がその豊かさで両人（の必要）を満たして下さろう。アッラー*はもとより広量*なお方、英知あふれる*お方であられる。,
624,諸天にあるものと大地にある者は、アッラー*のもの。そしてわれら*は、あなた方以前に啓典を与えられた者たちと、あなた方（ムハンマド*の共同体）に、「アッラー*を畏れよ*」と確かに命じた。たとえ、あなた方が不信仰に陥ろうとも、諸天にあるものと大地にあるもの（全て）は、アッラー*のもの。アッラー*はもとより、満ち足りておられる*お方、称賛されるべき*お方であられる。,
625,そして諸天にあるものと大地にあるものは、アッラー*のもの。アッラー*は全てを請け負われる*お方として、万全であられる。,
626,もしかれがお望みになれば、人々よ、あなたを滅ぼし、別の民を出現させ給うであろう。アッラー*はそもそも、それがお出来のお方。,
627,現世の褒美を欲する者があっても、アッラー*の御許には現世と来世の褒美がある。アッラー*はもとより、よくお聴きになられるお方、よくご覧になられるお方。,
628,信仰する者たちよ、公正を貫く者、アッラー*のための証言者となれ。たとえそれがあなた方自身やあなた方の両親、近親に不利であろうとも。（証言される者が）豊かであろうと、貧しかろうと、アッラー*の方が（あなた方よりも）彼らに近い[1]のだから。ならば私欲に従って、（公正さから）逸脱してはならない。もし、あなた方が（証言を）捻じ曲げたり、（するべき証言を）放棄したりしても、本当にアッラー*はもとより、あなた方の行うことに通暁されているお方。（であり、それに対して報われるのだ）。 <sup foot_note=>1</sup>,
629,信仰する者たちよ、アッラー*とかれの使徒*、かれ（アッラー*）がその使徒*にお下しになった啓典（クルアーン*）と、それ以前にかれがお下しになった（全ての）啓典を信じよ。そしてアッラー*と諸天使*、諸啓典、諸使徒*、最後の日*を否定する者は誰でも、実に（真理の道から）遥か遠く迷い去っているのだ。,
630,本当に、信仰に入り、その後に不信仰に陥り、その後信仰に戻り、それから不信仰に陥り、それから不信仰を募らせ（固執し続け）る者たち[1]は、アッラー*がお赦しにもならないし、（真理の）道へとお導きになることもない。 <sup foot_note=>1</sup>,
631,（使徒*よ、）偽信者*たちに吉報を告げてやれ[1]。彼らには痛烈な懲罰がある、と。 <sup foot_note=>1</sup>,
632,（彼らは）信仰者たちを差しおいて、不信仰者*らを盟友とする者たち[1]。彼らは、彼ら（不信仰者*ら）のもとに権勢を求めるというのか？本当に（全ての）権勢は、アッラー*にこそ属するというのに。 <sup foot_note=>1</sup>,
633,かれ（アッラー*）はその啓典の中で、あなた方に確かに（こう）下された。「アッラー*の御徴[1]が否定され、嘲笑されるのを聞いたら、彼らがそれとは別の話題に移るまで、彼らと同席してはならない。本当にあなた方は、そうすれば、彼らと同類なのだから」[2]。本当にアッラー*は、偽信者*たちと不信仰者*たちを皆、地獄にお集めになる。 <sup foot_note=>1</sup>,
634,（信仰者たちよ、彼ら偽信者*たちは、）あなた方に（災難が降りかかるのを）待ちわびる者たちである。あなた方にアッラー*からの勝利があれば、彼らは（あなた方に、こう）言う。「私たちは、あなた方と一緒だったではないか？[1]」そして、もし不信仰者*たちの方に分け前[2]があれば、（彼らに向かって、こう）言う。「私たちはあなた方の上に君臨していた（が、あなた方に危害は加えずにおいてやった）ではないか？そして、信仰者たちからあなた方を守ってやったではないか？」アッラー*は復活の日*、あなた方の間をお裁きになる。そしてアッラー*が不信仰者*たちに、信仰者たちに対する（勝利の）道をお授けになることはない。 <sup foot_note=>1</sup>,
635,本当に偽信者*たちは、アッラー*を欺いている（と思っている）。（実際は、）かれが彼らを欺いているのだが[1]。また、彼らが礼拝に立つときには、億劫そうに立ち上がる。人々に対する見せかけのためであり、アッラー*を少ししか念じることがない。 <sup foot_note=>1</sup>,
636,（彼らは）これらの者たちにでもなければ、これらの者たちに（属するの）でもなく、その間をあたふたとする[1]。誰であろうと、アッラー*が迷わせられる者に、あなたが彼のための（導きの）道を見出すことはない。 <sup foot_note=>1</sup>,
637,信仰する者たちよ、信仰者たちを差しおいて不信仰者*たちを盟友としてはならない[1]。一体、あなた方は自分たち（の信仰の不誠実さ）に対する紛れもない証拠を、アッラー*に差し出すことを望むのか？ <sup foot_note=>1</sup>,
638,本当に偽信者*たちは、地獄の業火の最下層に（い続けることになる）。そして（使徒*よ、）あなたは彼らに対する、いかなる援助者も見出すことなどない。,
639,だが悔悟して（心身を）正し、アッラー*（の教え）にしっかりと縋りつき、その崇拝*行為をアッラー*だけに真摯に捧げる[1]者たちは別である。それらの者たちは、信仰者たちと共にあるのだ。そしてアッラー*はやがて、信仰者たちに偉大な褒美をお授けになろう。 <sup foot_note=>1</sup>,
640,もしあなた方が感謝し、信仰するならば、アッラー*があなた方を罰されたりすることがあろうか？アッラー*はもとより、よく労われる*お方、全知者であられる。,
641,アッラー*は、（人が）悪い言葉[1]を口外するのをお好みにはならない。但し、不正*を被った者はその限りではないが[2]。アッラー*は、もとより、よくお聞きになるお方、全知者であられる。 <sup foot_note=>1</sup>,
642,たとえ、あなた方が善いことを公けにしようが、それを隠しておこうが、あるいは（他人の）悪を大目に見ようが、（大目に見ることが最善なのだ、）アッラー*こそはもとより、よく寛恕される*お方、全能のお方なのだから。,
643,本当に、アッラー*とその使徒*たちを否定し、アッラー*とその使徒*たちの間を分断しようとし[1]、また、「私たちは（使徒*の）ある者は信じるが、（別の）ある者は否定する」と言って、その狭間[2]に（迷妄の）道を見出すことを望む者たち。 <sup foot_note=>1</sup>,
644,それらの者たちこそは、真に不信仰者*である。われら*は不信仰者*たちに対し、屈辱的な懲罰を用意しておいた。,
645,また、アッラー*とその使徒*たちを信じ、彼らの内の誰も分け隔てしなかった者たち、それらの者たちには、かれ（アッラー*）がやがて、その褒美を与えて下さる。アッラー*はもとより、赦し深いお方、慈愛深い*お方。,
646,（使徒*よ、）啓典の民*（ユダヤ教徒*）はあなたに、天から彼らのもとに書を下すよう注文をつける[1]。（驚くことはない、）彼らは（それ以前にも）ムーサー*に対し、それよりも大それたことを注文し、確かに（こう）言ったのだから。「アッラー*を私たちに、しかと見せてみよ」そしてその不正*ゆえに、彼らを稲妻が捉え（、彼らは死んでしまっ）た[2]。それから彼らは（蘇らされ）、明証[3]が彼らのもとに訪れた後で、仔牛を（崇拝*の対象と）なした[4]。それでわれら*はそれについて大目に見たのである。また、われら*はムーサー*に、紛れもなき証拠[5]を授けたのだ。 <sup foot_note=>1</sup>,
647,またわれら*は、彼らの確約（の不履行）ゆえ、彼らの頭上に山を高く掲げた[1]し、彼らに「身を低めて謹んで門に入るがよい[2]」と言ったし、また彼らに「土曜（の安息）日に違反するのではない[3]」とも言った（が、彼らはそれに背いた）。そしてわれら*は、彼らから厳かなる確約を取ったのだ（が、彼らはそれも破棄した）。 <sup foot_note=>1</sup>,
648,彼らの確約の破棄と、アッラー*の御徴の否定、預言者*たちの不当な殺害、「私たちの心は覆われている（から、あなたの言うことが分からない）」という言葉ゆえ（、われらは彼らを呪った[1]のだ）。いや、アッラー*は彼らの不信仰ゆえに、それら（彼らの心）を塞がれたのである。それで彼らは、僅かばかりしか信仰することがないのだ。 <sup foot_note=>1</sup>,
649,また、彼らの不信仰と、マルヤム*についてこの上ない大嘘[1]を言ったことゆえ（、われらは彼らを呪った）。 <sup foot_note=>1</sup>,
650,また彼らの、「本当に私たちはマルヤム*の子息マスィーフ*・イーサー*、アッラー*の使徒*を殺したぞ」という言葉ゆえに（、われら*は彼らを呪ったのだ）。彼らは、彼を殺してもいなければ、磔の刑にもしていない。だが、彼らには似通って見えたのだ[1]。本当に、彼について意見を異にした者たちは、まさしくそこにおいて疑念の中にあった[2]。彼らはそのことについて僅かばかりの知識もなく、ただ憶測に従っていたに過ぎない。そして彼らは、確信をもって彼を殺したわけではなかったのだ[3]。 <sup foot_note=>1</sup>,
651,いや、アッラー*は彼（イーサー*）を、かれの御許に（魂と肉体と共に）お召しになったのである。アッラー*はもとより、偉力ならびない*お方、英知あふれる*お方。,
652,啓典の民*の内のいかなる者も、彼（イーサー*）が（降臨し、それから）死を迎えるまでには、必ずや彼を信仰することになるのだ[1]。そして復活の日*、彼は彼らへの証人となる[2]。 <sup foot_note=>1</sup>,
653,また、ユダヤ教徒*である者たちの不正*ゆえ、われら*は（本来）彼らに合法とされていた善きものを、彼らに禁じた[1]。また彼らが（自分たちと人々を）、アッラー*の道からひどく阻んだゆえ（そうしたのだ）。 <sup foot_note=>1</sup>,
654,また彼らが、それを禁じられているにも関わらず、利息*をせしめたり、他人の財産を不当に貪ったりしたことゆえに（、それらを禁じたのである）。そしてわれら*は、彼らの内の不信仰者*たちに、痛ましい懲罰を用意しておいた。,
655,しかし彼らの内、知識が深く根ざした者たちと信仰者たちは、（使徒*よ、）あなたに下されたもの（クルアーン*）と、あなた以前に下されたもの[1]を信じる。また、礼拝を遵守する*者たち（に誉れあれ）、（彼らは）浄財*を払う者たちと、アッラー*と最後の日*を信じる者たちである。それらの者たち、われら*はやがて彼らに、この上ない褒美を授けよう。 <sup foot_note=>1</sup>,
656,本当にわれら*は、ヌーフ*とそれ以後の預言者*たちに啓示したように、（使徒*よ、）あなたにも啓示を下した。またわれら*は、イブラーヒーム*、イスマーイール*、イスハーク*、ヤァクーブ*、諸支族[1]、イーサー*、アイユーブ*、ユーヌス*、ハールーン*、スライマーン*にも啓示を下した。そしてダーウードには、書巻[2]を授けたのだ。 <sup foot_note=>1</sup>,
657,また、われら*が以前、あなたに語って聞かせた使徒*たちと、まだあなたに語って聞かせてはいない使徒*たちを（遣わした）。そしてアッラー*はムーサー*に、直々に語りかけられたのだ。,
658,吉報を伝え、警告を告げる[1]使徒*たちを（、われら*は、遣わした）。それは使徒*（の到来）の後、人々にアッラー*に対する弁解の余地がないようにするためである[2]。アッラー*はもとより、偉力ならびない*お方、英知あふれる*お方。 <sup foot_note=>1</sup>,
659,しかし（使徒*よ、あなたを否定する者がいようと、）アッラー*は、あなたに下し給うたものを証言される[1]。かれはそれを、その御知識と共に下されたのだ。また天使*たちも証言する。アッラー*だけで、証人は十分なのだ。 <sup foot_note=>1</sup>,
660,本当に（あなたを）否定し、（自分たちと人々を）アッラー*の道から阻んだ者たちは、確かに遠く迷ってしまった。,
661,本当に（アッラー*とその使徒*を）否定し、不正*を働いた[1]者たち、アッラー*は彼らをお赦しにはならないし、彼らを（イスラーム*の）道へとお導きになることもない。 <sup foot_note=>1</sup>,
662,彼らがそこに、ずっと永遠に留まることになる地獄への道以外、（彼らが導かれることは）ないのだ。それはアッラー*にとって、もとより容易いこと。,
663,人々よ、使徒*（ムハンマド*）は確かに、あなた方の主*の御許から真理を携えて、あなた方のもとに到来した。ならば信じよ、それがあなた方にとってより善いこと。そして、もしあなた方が不信仰であろうと、（アッラー*はあなた方のことなど必要とはされない、）本当にアッラー*にこそ、諸天と大地にあるものが属するのだから。アッラー*はもとより、全知者、英知あふれる*お方であられる。,
664,啓典の民*（であるキリスト教徒*）よ、あなた方の宗教において（正しい信仰に反して）行き過ぎてはならないし、アッラー*について真理以外を語ってはならない。本当にマスィーフ*、マルヤム*の子イーサー*は、アッラー*の使徒*であり、かれ（アッラー*）がマルヤム*に（ジブリール*を介して）投げかけられた、かれの御言葉[1]であり、かれによる魂[2]である。ならば、アッラー*とその使徒*たちを信じよ。そして、「三位（一体の神）」などと言ってはならない。（そんなことを言うのは、）やめるのだ、それがあなた方にとってより善いこと。アッラー*こそは唯一の崇拝*すべき存在なのだから。——子供があるなどということから（無縁な）かれに、称え*あれ[3]——。諸天にあるものと大地にあるものは、かれにこそ属する。そして、全てを請け負われるお方*は、アッラー*だけで十分なのである。 <sup foot_note=>1</sup>,
665,マスィーフ*（イーサー*）は断じて、アッラー*の僕であることを尊大にも拒んだりはしない。また、かれのお傍に仕える天使*たちも（同様である）。そして誰であろうと、かれ（アッラー*）の崇拝*を尊大にも拒み、思い上がる者は、かれがやがて（その行いに対して報いるべく）かれの御許に全員、召集し給う。,
666,それで信仰し、正しい行い*を行った者たちといえば、かれ（アッラー*）が彼らにその褒美をふんだんにお授けになり、そのご恩寵から彼らに更に上乗せして下さる。また、（アッラー*への服従を）尊大にも拒み、思い上がった者たちはといえば、かれが彼らを痛ましい懲罰でもって罰されるのだ。そして彼らはアッラー*以外に、自分たちの為のいかなる庇護者も援助者も見出すことがない。,
667,人々よ、あなた方の主*からの明証が確かに、あなた方のもとに到来した。そしてわれら*はあなた方に、解明の光を下したのだ。[1] <sup foot_note=>1</sup>,
668,アッラー*を信じ、かれに縋りついた者たちはといえば、かれ（アッラー*）がやがて彼らを、そのご慈悲とご恩寵の中にお入れ下さろう。そして（天国へと続く）まっすぐな道を、かれの御許へと導いて下さるのだ。,
669,（預言者*よ、）彼らはあなたに教示を請う。言え。「アッラー*は、親も子もない者（の遺産相続）について、あなた方にご教示される。もし子供（も親）もないが、（同父母あるいは異母）姉妹が一人だけいる男性が他界したのであれば、彼女には彼が遺した物の半分がある。（同じ状況[1]において）彼は、彼女（の全遺産を）を相続する——もし、彼女に子供（と親）がなかったのならば、だが——。もし、（遺産を残して他界した、子供も親もない男性に）二人の（同父母あるいは異母）姉妹があれば、彼女たち二人には、彼が遺した物の三分の二がある。そして、もし彼らが男女からなる（同父母あるいは異母の）兄弟姉妹であれば、男性には女性の倍の取り分がある。アッラー*はあなた方が迷わぬよう、あなた方に明示し給う。アッラー*は全てのことをご存知のお方である。 <sup foot_note=>1</sup>,
670,信仰する者たちよ、契約を果たす[1]のだ。あなた方に誦み聞かされるもの[2]を除き、家畜獣[3]はあなた方に合法とされた。あなた方がイフラーム*中に、狩猟を合法とすることもない。本当にアッラー*は、かれがお望みのことを取り決められるお方なのだから。 <sup foot_note=>1</sup>,
671,信仰する者たちよ、アッラー*の聖徴[1]、神聖月[2]、供物[3]、首飾り[4]、そしてその主*の御許からのご恩寵と（かれの）お喜びを求めて聖殿（カァバ神殿*）を志す者たちのことを、侵してはならない。また、（イフラーム*を）解禁したならば、狩猟してもよい。そして、あなた方をハラーム・マスジド*から阻んだことゆえの、ある民への憎しみが、あなた方を（彼らに対する）侵害へと向けてしまうようではならない。また、善と敬虔さ*においては互いに助け合い、罪や侵犯においては互いに助け合ってならない。そしてアッラー*を畏れ*よ。本当にアッラー*は、厳しく懲罰されるお方なのだから。 <sup foot_note=>1</sup>,
672,あなた方には、（以下のものが）禁じられた：死体、血液、豚肉、アッラー*以外の名において屠られたもの[1]、絞め殺されたもの、撲殺されたもの、転落死したもの、（外の家畜の角で）突き殺されたもの、野獣に食い殺されたもの——但し（それら[2]がまだ息のある内に）あなた方が止めを刺したものは、その限りではない——、（アッラー*を差しおいて崇めるために）立てられたものの上で屠られたもの[3]、賭矢を引くこと[4]。それらは放逸さなのだ。今日、不信仰に陥った者*たちは（、あなた方が）あなた方の宗教（を棄てないこと）に失意しきっている。ならば彼らのことは恐れずに、われ（アッラー*）のことを怖れるのだ。この日[5]われはあなた方のために、あなた方の宗教を完成させ、あなた方へのわが恩恵を全うし、イスラーム*があなた方への宗教であることに満足した。（故意に）罪に傾く[6]のでもなく、空腹でやむを得ない状態にある者は誰でも（、禁じられたものを食べてもよい[7]）、本当にアッラー*は赦し深いお方、慈愛深い*お方なのだから。 <sup foot_note=>1</sup>,
673,（預言者*よ、）彼ら（教友*たち）は、自分たちに合法とされた（食べ）物は何なのか、あなたに尋ねる。言ってやるがいい。「あなた方には、善きもの[1]が合法とされた。また捕食獣[2]の内、あなた方が狩猟を訓練し、アッラー*があなた方にお教えになったもので調教するもの（が捕まえた獲物）も。ならば、それらがあなた方のために捕まえたものを食べ、それにアッラー*のみ御名を唱えるのだ[3]。そしてアッラー*を畏れ*よ。本当にアッラー*は、即座に計算される*お方なのだから」。 <sup foot_note=>1</sup>,
674,（信仰者たちよ、）この日、あなた方には善きものが許された。また、啓典を授けられた者*たちの食べ物[1]はあなた方にとって合法であり、あなた方の食べ物は彼らにとっても合法である。また、信仰者女性の内の貞淑な女性と、あなた方以前に啓典を授けられた者*たちの内の貞淑な女性[2]も（合法である）。あなた方が貞淑であり、（公然と）姦淫を犯したり、情婦を持ったりもせず、彼女たちに婚資金*を贈るのであれば、だが。誰であろうと信仰を否定する者、その行いは確実に台無しとなるのであり、来世において彼は損失者の類となるのだ。 <sup foot_note=>1</sup>,
675,信仰する者たちよ、あなた方が礼拝を意図した時には、自分たちの顔と、両腕を肘まで洗い、頭を撫で、両足をくるぶしまで（洗え）[1]。そして、あなた方がジャナーバ*の状態にあったら、（礼拝の前に、水で）身を清めよ。また、もしあなた方が病人[2]や旅行中であったり、あなた方の誰かが窪地から（戻って）来たり[3]、（妻である）女性と交わったりした後（、穢れを清めるための）水を見つけられなかった時は、清浄な地面へと向かい（それに触れ）、その一部であなた方の顔と両手を撫でる[4]のだ。アッラー*はあなた方に、困難をお授けになりたいのではない。しかし、かれはあなた方を清められ、あなた方が感謝するように、あなた方の上にその恩恵を全うされたいのである。 <sup foot_note=>1</sup>,
676,また、あなた方に対するアッラー*の恩恵と、あなた方が「私たちは聞き、従いました」と言った時にかれがあなた方と結んだ、かれとの確約[1]を思い起こすがよい。そして、アッラー*を畏れ*よ。本当にアッラー*は、胸中にあるものをご存知になるお方なのだから。 <sup foot_note=>1</sup>,
677,信仰する者たちよ、アッラー*のためによく（権利を）履行する者[1]、正義の証人であれ。そしてある民に対する憎しみが、あなた方を公正の不履行へと向けてしまうようではならない。公正に徹するのだ。それがより敬虔さ*に近いのだから。そしてアッラー*を畏れよ。本当にアッラー*は、あなた方の行うことに通暁されているお方。 <sup foot_note=>1</sup>,
678,アッラー*は、信仰し、正しい行い*を行う者たちに、（天国を）お約束される。彼らには、お赦しと、この上ない褒美がある。,
679,そして不信仰に陥り、われら*の（唯一性*を示す）御徴を嘘よばわりした者たち、それらの者たちは火獄の住人である。,
680,信仰する者たちよ、あなた方に対するアッラー*の恩恵を思い起こすのだ。ある民があなた方に（支配の）その手を伸ばそうとし、それでかれが、その手をあなた方から阻まれた時のことを。そしてアッラー*を畏れ*よ。信仰者たちには、アッラー*にこそ全てを委ね*させるのだ。,
681,アッラー*は確かに、イスラーイールの子ら*の確約[1]をお取りになり、われら*[2]は彼らの内から十二人の族長を遣わした[3]。そして、アッラー*は彼らに仰せられた。「本当にわれは、あなた方と共にある[4]。もしも、あなた方が礼拝を遵守し*、浄財*を支払い、わが使徒*たちを信じ、彼らを助け、アッラー*によき貸付⁵をするのであれば、われは必ずやあなた方の悪行をあなた方のために帳消しにし、あなた方をその下から河川が流れる楽園に入れてやろう。あなた方の内、その後に及んで不信仰に陥る者*は、確かに真っ当な道から迷ってしまっているのである」。 <sup foot_note=>1</sup>,
682,われら*は、彼ら（ユダヤ教徒*）が確約を破棄したことゆえに彼らを呪い[1]、彼らの心を硬化させた。彼らは（トーラー*の中の）御言葉を本来の形から改竄し、自分たちがそれ（トーラー*）によって戒められていたものの多く[2]を忘れた[3]。そして（使徒*よ、）あなたは、彼らの内の僅かなものを除いては、未だに彼らの裏切りを見出すのだ。ならば彼らを大目に見、見逃してやれ。本当にアッラー*は、善を尽くす者[4]たちをお好きになるのだから[5]。 <sup foot_note=>1</sup>,
683,またわれら*は、「私たちはキリスト教徒*です」と言う者たちからも、その確約を取った。そして彼らも、自分たちがそれ（福音*）で戒められていたものの多くを、忘れてしまったのだ[1]。それで、われら*は復活の日*まで、彼らの間に敵意と憎悪を煽り立てた。アッラー*はやがて、彼らが成していたことを、彼らにお告げになろう。 <sup foot_note=>1</sup>,
684,啓典の民*よ、あなた方のもとには確かに、われら*の使徒*（ムハンマド*）が到来した。彼はその啓典の内の、あなた方が隠蔽していたものの多くを明らかにし、また（その他の）多くについては大目に見てくれる[1]。アッラー*の御許からあなた方のもとに、光と解明の書[2]が確かにやって来たのである。 <sup foot_note=>1</sup>,
685,アッラー*は、それ（クルアーン*）によってかれのお喜びを追求する者を、平安の道へとお導きになる。そしてそのお許しによって、彼らを闇から光[1]へと救い出され、まっすぐな道へとお導きになるのである。 <sup foot_note=>1</sup>,
686,「本当にアッラー*こそは、マルヤム*の子マスィーフ*（イーサー*）である」などと言った者たちは、確かに不信仰に陥ったのだ。（使徒*よ、）言ってやるがいい。「ならば、誰がアッラー*に対して、僅かばかりでも（力を）有するというのか？もしアッラー*が、マルヤム*の子マスィーフ*とその母、そして地上にあるもの全てを滅ぼすことを欲されたならば[1]（、誰もどうすることも出来ない）。諸天と大地、その間にあるもの（全て）の王権は、アッラー*にこそ属するのだ。かれは、かれがお望みのものををお創りになるのだから。そしてアッラー*は、全てのことがお出来になるお方であられる」。 <sup foot_note=>1</sup>,
687,ユダヤ教徒*とキリスト教徒*は、言った。「私たちはアッラー*の子であり、その寵愛を受ける者である」。（使徒*よ、）言ってやるのだ。「ならば、なぜ、かれ（アッラー*）はあなた方の罪ゆえに、あなた方を罰されるのか？いや、あなた方はかれが創られたもの（である外の人間と同種）の、人間なのだ。かれは、かれがお望みになる者をお赦しになり、かれがお望みになる者を罰され給う。そして諸天と大地、その間にあるものの王権はアッラー*にこそ属し、かれにこそ還り所があるのだ」。,
688,啓典の民*よ、あなた方のもとに（それ以前の）使徒*たちから期間をおいて、（真実と導きを）明示するわれら*の使徒*（ムハンマド*）が到来した。（それは）あなた方が、「私たちのもとには、吉報を伝える者も、警告を告げる者[1]も、（誰も）来なかった」などと言わないようにするため。そして、あなた方のもとには確かに、吉報を伝え警告を告げる者が到来したのだ。アッラー*は、全てのことがお出来になるお方。 <sup foot_note=>1</sup>,
689,ムーサー*が、その民に（こう）言った時のこと（を思い起こさせるがよい）。「我が民よ、あなた方に対する、アッラー*の恩恵を思い出すのだ。かれが、あなた方の内に数々の預言者*を遣わされ、あなた方を王とし、全創造物のいかなる者にも与えられなかったものを、あなた方にお授けになった時のことを。[1] <sup foot_note=>1</sup>,
690,我が民よ、アッラー*があなた方に約束された聖なる地[1]に入るのだ。そして背を向けて退散するのではない。そうすればあなた方は、損失者として帰って来ることになろう」。 <sup foot_note=>1</sup>,
691,彼らは言った。「ムーサー*よ、実にそこには強大な民がいる。そして本当に私たちは、彼らがそこから出て行くまで、絶対にそこには入らないぞ。もし彼らがそこから出て行くなら、まさしく私たちは（そこへ）入る者となろう」。,
692,（アッラー*を）怖れる者たちの内、二人の男[1]ーーアッラー*は彼らに、（アッラー*とムーサー*への服従という）恩恵を授けて下さったーーが、言った「門に入り、彼らのもとに突入するのだ。それで、もしそこに入ったなら、あなた方は必ずや勝利者となろう。ならばアッラー*にこそ、全てを委ねる*のだ。もし、あなた方が信仰者であるというなら」。 <sup foot_note=>1</sup>,
693,彼らは言った。「ムーサー*よ、彼らがそこにいる限り、私たちは絶対にそこには入らないぞ。ならば、あなたと、あなたの主*が行って、戦って来るがいい。実に私たちは、ここで留まる者となるから」。,
694,彼（ムーサー*）は、（祈って、）申し上げた。「我が主*よ、本当に私は、自分自身と我が兄（ハールーン*）の外、何も有しておりません。ゆえに、わたしたちと放逸な民との間に、ご裁決をお下し下さい」。,
695,かれ（アッラー*）は、仰せられた。「では、実にそこは彼らに四十年間禁じられ、彼らは（その間、）地を彷徨うことになろう。ならば、放逸な民のために悲しむのではない」。,
696,（使徒*よ、）彼らにアーダム*の二人の子[1]についての真実の話を、誦んで聞かせるがいい。二人が供物を捧げ、彼らの一人（ハービール）からは受け入れられ、もう一人（カービール）からは受け入れられなかった時のこと[2]。彼（カービール）は言った。「絶対に、お前を殺してやる」。彼（ハービール）は言った。「アッラー*は敬虔な*者たちからのみ、お受け入れになるのだ。 <sup foot_note=>1</sup>,
697,もしも、あなたが私を殺そうとして、その手を私に伸ばしたとしても、私はあなたを殺そうとして、我が手をあなたへ伸ばしはしまい。本当に私は、全創造物の主*アッラー*を、怖れているのだから。,
698,本当に私は、あなたが私の罪とあなた自身の罪[1]と共に（アッラー*の御許へと）戻り、業火の民の類いとなることを望んでいる[2]のだ。それが、不正*者たちへの応報である」。 <sup foot_note=>1</sup>,
699,彼（カービール）の自我は、彼に自分の弟を殺害するよう仕向け、彼は彼（ハービール）を殺した。そして彼は、損失者の類となった。,
700,そしてアッラー*は、その弟の亡骸をいかに埋めるかを示すため、地面を掘る、一羽のカラスを遣わされた[1]。彼（カービール）は言った。「我が災いよ[2]！一体、私はこのカラスのようにして、自分の弟の亡骸を埋めることも出来なかったのか？」彼は、後悔する者の類いとなった。 <sup foot_note=>1</sup>,
701,それ（殺人の罪）ゆえに、われら*はイスラーイールの子ら*に（こう）定めたのだ。誰か一人（の命）の代償としてでもなく、地上における腐敗*[1]ゆえにでもなくして人一人の命を奪った者は、あたかも全人類を殺したようなものである[2]。また、それ（一人の命）を生かした者は、あたかも全人類を生かしたようなものである[3]。われら*の使徒*たちは確かに、明証[4]を携えて彼らのもとに到来したのだ。それから実に、彼らの多くはその後、地上で（アッラー*の法を侵犯することにおいて、）正しく度を越した者たちなのである。 <sup foot_note=>1</sup>,
702,アッラー*とその使徒*に戦いをしかけ、地上で腐敗*を働くことに奔走する者たち[1]の応報は、殺されるか、（死刑の上に）磔にされるか、またはその手足[2]を交互に切断されるか、あるいはその土地から追放される[3]ことに外ならない。それは、現世における彼らへの屈辱である。そして来世においては彼らに、この上ない懲罰があるのだ。 <sup foot_note=>1</sup>,
703,但し、あなた方が召し捕る前に悔悟した者たちは別である。ならば（信仰者たちよ）、アッラー*が赦し深いお方、慈愛深い*お方であることを知るがよい。,
704,信仰する者たちよ、アッラー*を畏れ*、かれへのお近づきを求め[1]、かれの道において奮闘するのだ。あなた方が成功するように。 <sup foot_note=>1</sup>,
705,本当に、不信仰に陥った者*たちは、たとえ彼らに、復活の日*の懲罰をそれで償（って免除してもら）うため、地上にあるもの全てと、それと同様のものがもう一つあったとしても、それが彼らから受け入れられることはない。そして彼らには、痛烈な懲罰がある。,
706,業火から抜け出したくても、彼らがそこから出ることは叶わない。そして彼らには、永劫の懲罰がある。,
707,（イスラーム*法によって統治する者よ、）男女の窃盗[1]犯は、彼らが（不当に）稼いだことの応報、アッラー*からの懲罰ゆえに、その手[2]を切断するのだ。アッラー*は、偉力ならびない*お方、英知あふれる*お方。 <sup foot_note=>1</sup>,
708,そして、その不正*（窃盗）の後に悔悟し（行いを）正した者は誰であろうと、本当にアッラー*は、その悔悟を受け入れて下さる。本当にアッラー*は、赦し深いお方、慈愛深い*お方であられるのだから。,
709,（使徒*よ、）あなた[1]は、諸天と大地の王権がアッラー*に属するということを知らないのか？かれはお望みの者を罰され、お望みの者をお赦しになるのだ。アッラー*は、全てのことがお出来のお方。 <sup foot_note=>1</sup>,
710,使徒*よ、「私たちは信仰した」と口先では言いつつも、その心は信仰していない者たちの内、不信仰へと急ぐ者たちが、あなたを悲しませるようであってはならない。また、嘘に耳を傾け、（余りの憎しみゆえに）あなたのもとには顔を出さず、（トーラー*の）言葉をその場所の（確定）後に改変する民に傾聴する[1]、ユダヤ教徒*である者たち（の不信仰者*）も（同様である）。彼ら（その人々）は、言うのだ。「もし、あなた方が（ムハンマド*から）これを与えられたら、これを受け入れよ。そしてもし、これを与えられなかったら、用心するのだ[2]」。（使徒*よ、）誰であろうと、アッラー*がその試練をお望みになる者、あなたはその者のために、アッラー*に反して何一つ出来ないだろう[3]。それらの者たちは、アッラー*が（不信仰から）その心の浄化をお望みにはならなかった者たち。彼らには現世において屈辱があり、来世においてはこの上ない懲罰がある。 <sup foot_note=>1</sup>,
711,（彼らユダヤ教徒*は）嘘に耳を傾け、禁じられた物を貪る者たち。彼らが（裁決を求めて）あなたのもとに来たら、彼らの間を裁くか、あるいは彼らから背を向けよ。そして、あなたが彼らに背を向けるにしても、彼らは少しもあなたを害せないだろう。また、裁決するのであれば、公正さで彼らの間を裁け。本当にアッラー*は、公正な者たちをお好みになるのだから。,
712,彼らは、自分たちの手許にはアッラー*の規定が記されたトーラー*があるというのに、一体どうしてあなたに裁決を求めるのか？それから彼らは、その（裁決が下された）後、それに背を向けるのである。それらの者たちは、信仰者などではない[1]。 <sup foot_note=>1</sup>,
713,本当にわれら*は、（アッラー*の法に）服従（イスラーム*）した預言者*たちが、それによってユダヤ教徒*である者たち*を裁く、導きと光を宿したトーラー*を下した。また、学識豊かな指導者[1]たちや学者らも、自分たちがアッラー*の書（であるトーラー*が改変されることから）の保持を託されたがゆえに（、それで裁いていた）。そして彼らは、それに対する証人[2]だったのだ。ならば人々を恐れず、われ（アッラー*）を恐れよ[3]。そして、われの（規定という）御徴と引き換えに、僅かな値打ちのものを買ったりしてはならない。誰であろうと、アッラー*がお下しになったもので裁かない者、それらの者たちこそは不信仰者*なのである。 <sup foot_note=>1</sup>,
714,また、われら*はその（トーラー*の）中で、彼らに（こう）定めた。命には命で、目には目で、鼻には鼻で、耳には耳で、歯には歯で（報われる）。そして傷害はキサース刑[1]（による報い）なのだ」。誰でも、それ（キサース刑の執行）を免じてやる者は、それが自分への罪滅ぼしとなる。そして誰であろうと、アッラー*がお下しになったもので裁かない者、それらの者たちこそは不正*者なのである。 <sup foot_note=>1</sup>,
715,われら*は、それ以前に下されたトーラー*を確証するマルヤム*の子イーサー*に、彼ら（イスラーイールの子ら*の預言者*たち）の跡を継がせた。そしてわれら*は、導きと光を宿し、それ以前に下されたトーラー（*の正しさ）を確証する、敬虔*な者たちへの導きと訓戒としての福音*を、彼に授けたのだ。,
716,福音*の徒は、アッラー*が（福音*の）その中で下されたものによって裁決せよ。誰であろうと、アッラー*がお下しになったもので裁かない者、それらの者たちこそは放逸な者である。,
717,また（使徒*よ）、われら*はあなたに、それ以前の啓典（の正しさ）を確証し、かつ統制するものとして、真実の啓典（クルアーン*）を下した。ならばアッラー*がお下しになったものによって、彼らの間を裁くのだ。そして、あなたに到来した真理をよそに、彼らの欲望に従ってはならない。われら*はあなた方の各々（の共同体）に、法と（明白な）道筋を授けた[1]。そして、もしアッラー*がお望みになったのであれば、あなた方を一つの（法に基づいた）共同体とされただろう。しかし（そうされなかったのは）、あなた方に授けたものにおいて、あなた方をお試しになるため[2]。ならば、善行を競い合うがよい。アッラー*にこそ（復活の日*）、あなた方全員の帰り所はあり、そしてかれは、あなた方が意見を異にしていたことに関して、あなた方にお告げになるのだから。 <sup foot_note=>1</sup>,
718,また（使徒*よ）、アッラー*のお下しになったもので彼らの間を裁き、彼らの私欲に従うのではない。そして、アッラー*があなたに啓示したものの一部から、彼らがあなたを惑わせ（、その実践を阻止し）ようとすることに用心せよ。もし彼らが（あなたの裁決から）背き去るなら、知るがよい、アッラー*は彼らの罪の一部ゆえに、彼らを罰することをお望みなのだということを。本当に人々の多くは、まさしく放逸な者たちなのである。,
719,一体彼らは、ジャーヒリーヤ*の裁決を望むというのか？そして（アッラー*の法の正しさを）確信する民にとって、アッラー*よりも裁決に優れたお方があろうか？,
720,信仰する者たちよ、ユダヤ教徒*とキリスト教徒*を盟友としてはならない[1]。彼らの盟友は、彼ら自身なのだから。そして誰であろうと、あなた方の内で彼らを盟友とする者、その者はまさしく彼らの仲間である。本当にアッラー*は、不正*者である民をお導きにはならない。 <sup foot_note=>1</sup>,
721,またあなたは、その心に病を宿す者たち[1]が、「私たちは、自分たちに（状況の）暗転が訪れる[2]ことを怖れている」と言って、彼ら（の親愛）へと急ぐのを目にする。アッラー*はきっと勝利か、あるいはその御許から（新たな）局面をもたらされるだろう[3]。それで彼らは、自らの胸中に潜めていたことを後悔することになるのだ。 <sup foot_note=>1</sup>,
722,信仰する者たちは（その時、偽信者*たちのことを知って、こう）言う。「一体これらの者たちは、本当に自分たちこそはあなた方の仲間であると、躍起になってアッラー*にかけて誓った者たちなのか？」彼らの行いは台無しとなり、損失者となってしまうのだ。,
723,信仰する者たちよ、あなた方の内で自分の宗教（イスラーム*）から（不信仰へと）戻ってしまう者があっても、アッラー*はかれが愛で給い、その者たちもまた、かれのことを愛するような別の民を、やがて出現させ給おう。（彼らは）信仰者たちに対しては控えめで、不信仰者*たちには厳格であり、アッラー*の道において努力奮闘し、中傷する者の中傷など怖れない。それ[1]はアッラー*が、かれのお望みになる者に授けられる、かれのご恩寵である。アッラー*は広量な*お方、全知者であられる。 <sup foot_note=>1</sup>,
724,（信仰者たちよ、）あなた方の盟友とは、アッラー*とその使徒*であり、礼拝を遵守し*、（アッラー*に対して）恭順に浄財*を支払う、信仰する者たちに外ならない。,
725,そして誰であろうと、アッラー*とその使徒*と信仰する者たちを盟友とする者は（アッラー*の党派であり）、本当にアッラー*の党派こそは勝利者なのである。,
726,信仰する者たちよ、あなた方以前に啓典を授けられた者*たちと不信仰者*たちの内、あなた方の宗教を嘲笑と遊興の的とした者たちを、盟友とするのではない。そして、アッラー*を畏れ*よ。もし、あなた方が信仰者であるならば。,
727,また（信仰者たちよ）、あなた方が礼拝へと呼びかければ、彼らはそれを嘲笑と遊興の的とした。それというのも彼らは、分別しない民であるからなのだ。,
728,（使徒*よ、）言ってやるがいい。「啓典の民*よ、あなた方は、私たちがアッラー*と、私たちに下されたもの、（それ）以前に下されたもの[1]を信じたというだけで、私たちを咎めるのか？あなた方の大半は、放逸な者であるのに」。 <sup foot_note=>1</sup>,
729,（預言者*よ、）言ってやるがいい。「アッラー*の御許において、それよりも悪い応報を（受ける者たちについて、）あなた方に教えようか？（それは、彼らの罪や嘘や傲慢さゆえに）アッラー*が呪い[1]給い、お怒りになり、その一部を猿や豚にお変えになり[2]、ターグート*を拝した者」。それらの者たちは（来世で）より悪い居場所にあり、（現世では）真っ当な道から、より迷い去った者たちなのだ。 <sup foot_note=>1</sup>,
730,また、彼ら（偽信者*たち）はあなた方のもとにやって来れば、「私たちは信仰した」と言う。彼らは確かに、不信仰と共に（あなた方のもとに）入り、そして不信仰と共に（あなた方のもとを）出て行ったのだ。アッラー*は、彼らが隠していたことを最もよくご存知である。,
731,（使徒*よ、）あなたは彼らの多くが罪と（法の）侵犯、禁じられた物を貪ることに急ぐのを目にする。彼らの行っていることは、何と実に醜悪なことか。,
732,学識豊かな指導者[1]たちや学者らはなぜ、罪深い言葉と禁じられた物を貪ることを彼らに止めさせないのか。彼らの成していたことの、何と実に醜悪なことか。 <sup foot_note=>1</sup>,
733,ユダヤ教徒*は言った。「アッラー*の御手は、縛られている[1]」。ーー縛られたのは彼らの手であり、彼らは彼らの言ったことゆえに呪われたのだーー。いや、かれ（アッラー*）の御手は大きく広げられており、かれはお望みのままにお恵みになる。あなたの主*の御許からあなたに下されたものは必ずや、彼らの多くに、放埓さと不信仰を上乗せする[2]。そして、われら*は復活の日*まで、彼らの間に（互いへの）敵意と憎悪の念を投じたのだ。彼らが（ムスリム*に対する策略の）戦争に火を点けようとするたび、アッラー*はそれをお消しになる。そして彼らは（依然）、地上で腐敗*を働いているのだ。アッラー*は、腐敗*を働く者たちをお好みにはならない。 <sup foot_note=>1</sup>,
734,もし啓典の民*が信仰し、（アッラー*を）畏れ*たなら、われら*は彼らのためにその悪行を覆い隠してやり、彼らを（来世において）安寧の楽園に入れてやるのだが。,
735,また、もし彼らがトーラー*、福音*、彼らの主*から彼らのもとに下されたもの（クルアーン*）を実践したならば、その頭上からも足元からも、食べ（るための糧を授かっ）たであろう[1]。彼らの中には中庸な集団[2]もある。そして彼らの多くの者たちの行いは、何と忌まわしいことか。 <sup foot_note=>1</sup>,
736,（使徒*よ、）あなたの主*からあなたに下されたものを伝えよ。もしそうしなければ、あなたはかれのお言伝を伝えなかったことになる[1]。そしてアッラー*が、あなたを人々から守って下さるのだ。本当にアッラー*は、不信仰者*である民をお導きにはならない[2]。 <sup foot_note=>1</sup>,
737,（使徒*よ、）言ってやるがいい。「啓典の民*よ、トーラー*、福音*、そしてあなた方の主*からあなた方のもとに下されたもの（クルアーン*）を実践するまで、あなた方は（宗教とは）無関係なのだぞ」。そして、あなたの主*の御許からあなたに下されたものは必ずや、彼らの多くに、放埓さと不信仰を上乗せする[1]。ならば、（使徒*よ、）不信仰者*である民ゆえに、悲しむのではない。 <sup foot_note=>1</sup>,
738,本当に、信仰する者たち、ユダヤ教徒*である者たち、サービア教徒*たち、キリスト教徒*たちで、アッラー*と最後の日*を信じて正しい行い*を行う者、彼らには、怖れもなければ、悲しむこともない[1]。 <sup foot_note=>1</sup>,
739,われら*はイスラーイールの子ら*の確約[1]を確かに取り、彼らに数々の使徒*を遣わした。彼ら自身の気に入らないものを携えた使徒*が、彼らのもとに到来する度、彼らは（使徒*たちの）ある一派を嘘つきとしたのであり、また別の一派は殺害するのだった。 <sup foot_note=>1</sup>,
740,また、彼らは試練[1]などないだろうと思い込み、（導きに対して）盲目になり、聾になった[2]。その後アッラー*は彼らの悔悟をお受け入れになったが、それから彼らの多くは（再び、導きに対して）盲目になり、聾になったのだ。アッラー*は、彼らの行うことをご覧になるお方。 <sup foot_note=>1</sup>,
741,「本当にアッラー*、かれは、マルヤム*の子マスィーフ*のことである」と言った者は、確かに不信仰に陥ったのだ。マスィーフ*は、（こう）言ったというのに。「イスラーイールの子ら*よ、我が主*であり、あなた方の主*であるアッラー*を崇拝*せよ。本当に、アッラー*に対してシルク*を犯す者は誰であろうと、アッラー*が彼に天国を禁じられるのだ。そして、その住処は（地獄の）業火である。不正*者たちには、いかなる援助者もない」。,
742,「本当にアッラー*は、三位の内の一つである[1]」と言った者は、確かに不信仰に陥ったのだ。そして、ただ一つの崇拝*すべき存在（アッラー*）の外には、いかなる神[2]もない。もし彼らが（そのように）言うのを止めないならば、痛ましい懲罰は必ずや、彼らの内の不信仰に陥った者*たちに降りかかるであろう。 <sup foot_note=>1</sup>,
743,一体、彼ら（キリスト教徒*）はアッラー*に悔悟し、かれにお赦しを乞わないのか？アッラー*は赦し深いお方、慈愛深い*お方であるというのに。,
744,マルヤム*の子マスィーフ*は、彼以前にも数々の使徒*が滅び去って行った、一人の使徒*に過ぎない。また彼の母親はよき信仰者[1]であり、二人とも食事を口にしていたのだ[2]。見よ、われら*が彼らに対して、いかに御徴[3]を明示するかを。それから見よ、彼らがいかに（真理から）背かされているかを。 <sup foot_note=>1</sup>,
745,（使徒*よ、）言ってやるがいい。「一体あなた方は、アッラー*をよそに、あなた方に対して害も益も有さないものを崇拝*するというのか？アッラー*こそはよくお聞きになるお方、全知者であるというのに」。,
746,（使徒*よ、）言ってやれ。「啓典の民*（キリスト教徒*）よ、あなた方の宗教において不当にも度を越してはならない。また過去に迷い去り、多く（の人々）を迷わせ、真っ当な道から迷い去った民[1]の私欲に従ってはならない」。 <sup foot_note=>1</sup>,
747,イスラーイールの子ら*の内の不信仰だった者*たちは、ダーウード*とマルヤム*の子イーサー*の舌によって呪われた[1]のである。それは彼らが反抗し、（アッラー*が禁じられた物事を）侵犯していたからなのだ。 <sup foot_note=>1</sup>,
748,彼らは自分たちがしていた悪事[1]を互いに禁じ合わなかった。彼らがしていたことの、何と実に醜悪なことか。 <sup foot_note=>1</sup>,
749,（使徒*よ、）あなたは彼ら（ユダヤ教徒*）の多くが、不信仰に陥った者*たちを盟友とするのを目にする。彼らが自らのために成したことの、何と実に醜悪なことか。アッラー*は（それゆえに）彼らに激怒し給い、彼らは懲罰の中に永遠に留まるのだ。,
750,そして、もし彼らがアッラー*と預言者*と、彼に下されたものを信じていたら、彼ら（不信仰者*）のことを盟友とはしなかったであろう。しかし彼らの多くは、放逸な者たちなのである。,
751,（使徒*よ、）あなたは、信仰する者たちに対して最も敵意の激しい人々が、ユダヤ教徒*とシルク*を犯す者たちであることを、必ずや見出すのだ。また、信仰する者たちに対し、彼ら（人々）の内で最も親愛の念を示す者たちが、「本当に私たちは、キリスト教徒*です」と言う者たちであることを、必ずや見出す。それは彼らの中には学僧や修道僧がおり、彼らが高慢ではないためである。[1] <sup foot_note=>1</sup>,
752,また、彼らが使徒*に下されたもの（クルアーン*）を聞く時、あなたは彼らの眼が、彼らが知った真理ゆえに涙で溢れるのを目にする。彼らは言う。「我らが主*よ、私たちは信仰しました。ゆえに私たちを、証人たちと共に書き留めて下さい[1]。 <sup foot_note=>1</sup>,
753,また私たちが、アッラー*と、自分たちのもとに到来した真理を信仰しないとは、どういうことでしょうか？私たちは私たちの主が、自分たちを正しい者*たちと共に（天国に）入れて下さることを望んでいますのに」。,
754,そしてアッラー*は、彼らが言った（その）ことゆえに、彼らをその下から河川が流れる楽園でお報いになった。彼らはそこに永遠に留まる。そしてそれは、善を尽くす[1]者たちの褒美なのである。 <sup foot_note=>1</sup>,
755,また、不信仰に陥り、われら*の御徴（アーヤ*）を嘘とする者たち、それらの者たちは火獄の住人である。,
756,信仰する者たちよ、アッラー*があなた方にお許しになった善きものを、禁じるのではない。また、（禁じられた物事を）侵犯してもならない[1]。本当にアッラー*は、侵犯する者たちをお好きではないのだから。 <sup foot_note=>1</sup>,
757,また（信仰者たちよ）、アッラー*があなた方に授けられた、合法な善きものから食べよ。そして、あなた方が信じているアッラー*をこそ、畏れる*のだ。,
758,アッラー*はあなた方を、あなた方の宣誓における軽はずみさ[1]ゆえに罰せられたりはしない。しかしかれは、あなた方が宣誓を確定し（た後、それを遂行しなかっ）たことに対して、罰せられる。ならば、その罪滅ぼしは、あなた方の土地の人々に食べさせる平均的なもので、十人の貧者*に食物[2]を施すことか、または彼らに対する衣服の提供、あるいは首[3]一つの解放（の内、いずれか一つ）である。（それらのいずれも）見出せない者[4]は誰でも、三日間の斎戒*（が義務づけられる）。それが、あなた方が誓った際の、あなた方の宣誓（の不履行）に対する罪滅ぼしである。そして（ムスリム*たちよ）、宣誓を守る[5]のだ。そのようにアッラー*は、あなた方が感謝するようにと、あなた方に（法規定に関する）御徴を明示される。 <sup foot_note=>1</sup>,
759,信仰する者たちよ、酒*、賭け事、（アッラー*を差しおいて崇めるために）立てられたもの、賭矢を引くこと[1]は、シャイターン*の行いであり、穢れに外ならない。ゆえにあなた方が成功するように、それ（ら）を避けるのだ。 <sup foot_note=>1</sup>,
760,まさにシャイターン*は酒*と賭け事で、あなた方の間に敵意や憎悪をもたらし、あなた方をアッラー*の唱念や礼拝から妨害したいのである。では一体、あなた方は（それらを）止めるのか？[1] <sup foot_note=>1</sup>,
761,また、アッラー*に従い、使徒*（ムハンマド*）に従え。そして、用心するのだ。もしあなた方が背を向けても、われら*の使徒*の義務は、（真理を）解明する（啓示の）伝達のみであるということを知っておくがよい。,
762,信仰して正しい行い*を行った者たちには、彼らが食べたものに関して罪はない[1]。彼らが（アッラー*を）畏れ*、信仰して正しい行い*を行い、更に畏れ*て信仰し、それからまた畏れ*て善を尽くした[2]のならば。アッラー*は、善を尽くす者[3]たちをお好みになる。 <sup foot_note=>1</sup>,
763,信仰する者たちよ、アッラー*は必ずや、あなた方の手と槍で捕獲する狩猟物の何か[1]によって、あなた方を試される。それはアッラー*が、まだ見ぬままにかれを怖れる[2]者を、如実に表すためなのである。そして誰であろうと、その後に（法を）侵犯する者、彼には痛ましい懲罰がある。 <sup foot_note=>1</sup>,
764,信仰する者たちよ、あなた方がイフラーム*（あるいは聖域）にある時には、狩猟物[1]を殺してはならない。そしてあなた方の内、誰であろうと（それらを）故意に殺してしまった者、（その者には）報いーーカァバ神殿*[2]に届く供物として、あなた方の内の公正な男性二人が判定した、彼が殺したのと同様の家畜[3]ーーか、罪滅ぼしーー貧者*たちに食を施すか、あるいは斎戒*でその代わりとすること[4]ーーが（義務として）ある。（それらは、）自分の（した）ことの悪を味わうため。アッラー*は、（禁じられる前に）やってしまったことを、大目に見給う。そして誰であろうと、（禁じられた後、意図的にそれを）繰り返す者、アッラー*は彼に報復し給う。アッラー*は偉力ならびなき*お方、報復の主*なのだ。 <sup foot_note=>1</sup>,
765,（ムスリム*たちよ、）あなた方には、あなた方（定住者）と旅行中の者への利として、海での狩猟物とその食物[1]が許された。また、陸上の狩猟物は、あなた方がイフラーム*の状態にある限り、あなた方には禁じられた。あなた方が（復活の日*に）その御許へと召集される、アッラー*を畏れる*のだ。 <sup foot_note=>1</sup>,
766,アッラー*は、聖殿であるカァバ*、神聖月*、供物、首飾り[1]を、人々への拠り所とされた[2]。それはあなた方が、アッラー*が諸天にあるものと大地にあるもの（全て）をご存知になり、またアッラー*が、全てのことをご存知のお方であることを知るためなのである。 <sup foot_note=>1</sup>,
767,（人々よ、）知るがよい、アッラー*が厳しく懲罰されるお方であることを。またアッラー*が、赦し深いお方、慈愛深い*お方であることを。,
768,使徒*の義務は、（啓示の）伝達に過ぎない。そしてアッラー*は、あなた方の露わにすることも、隠すことも、ご存知である。,
769,（使徒*よ、）言ってやるがいい。「悪と善は同等ではない。たとえ悪の多さが、（人間よ、）あなたを惹きつけたとしても。ならばーー澄んだ知性の持ち主たちよーー、あなた方が成功するように、アッラー*を畏れ*るのだ」。,
770,信仰する者たちよ、それが自分たちに明らかにされたら、却ってあなた方を害する物事について、尋ねるのではない。そして、クルアーン*が下っている時にその（ような）ことについて尋ねれば、それはあなた方に明示されるのだぞ[1]。アッラー*はそれらのことを、大目に見られた。アッラー*は赦し深いお方、寛大な*お方。 <sup foot_note=>1</sup>,
771,あなた方以前の民は確かに、（自分たちの使徒*に対して）その（ような）ことを尋ねたのであり、その後それに対する否定者となった[1]のだ。 <sup foot_note=>1</sup>,
772,アッラー*が、バヒーラ、サーイバ、ワスィーラ、ハーミー[1]（を偶像への捧げものとし、その利用を禁止すること）を定められたのではない。しかし不信仰に陥った者*たちが、アッラー*に対して嘘を捏造するのだ。そして彼らの大半は、分別することがない。 <sup foot_note=>1</sup>,
773,また、彼らは「（法規定を明らかにするため、）アッラー*が下されたものと、使徒*のもとに来るのだ」と言われれば、（こう）言った。「私たちが見出したご先祖様のやり方[1]だけで、私たちには十分」。一体、彼らの先祖は何も知らず、導かれてもいなかったとしても、（そんなことを言うの）か？ <sup foot_note=>1</sup>,
774,信仰する者たちよ、あなた方自身に専念せよ[1]。あなた方が導かれれば、迷った者があなた方を害することはない。アッラー*の御許こそが、あなた方全員の帰り所なのであり、かれは、あなた方にお告げになるのだから。 <sup foot_note=>1</sup>,
775,信仰する者たちよ、あなた方の内の誰かに死が訪れ（そうになっ）たら、遺言の際には、あなた方の内の公正さを備えた男性二人が、あなた方の間の証言[1]（をせよ）。あるいは、あなた方以外の二人が、（証言するのだ）[2]。もし、あなた方が地上を旅しており、死の不幸があなた方に降りかかったならば（、そうせよ）。もし、あなた方が（彼らの証言に）疑惑を抱くのであれば、あなた方は礼拝後[3]に彼ら二人を引き止める。そして彼ら二人は、アッラー*において（こう）誓うのだ。「私たちは、これ（誓い）と引き換えに代価を得たりはしない。たとえ親戚であったとしても（、彼らに偏った誓いなどしない）。また、私たちはアッラー*の証言を、隠蔽したりはしない。本当に私たちは、そうすれば、まさに罪悪者となってしまう」。 <sup foot_note=>1</sup>,
776,そして、彼ら（証人）二人が罪に値すること[1]が露見したならば、（遺産への）権利がある者たちの内、最も（遺産に）優先される別の二人が彼ら（証人）二人の場に立ち、アッラー*において（こう）誓う。「私たちの証言こそは、彼らの証言よりも（受け入れられるに）相応しいものである。また、私たちは（自分たちの証言において、権利を）侵犯してはいない。本当に私たちは、そうすれば、まさに不正*者となってしまう」。 <sup foot_note=>1</sup>,
777,それ（らの証言についての規定）が、彼らが（真実に基づいた）本来の形で証言し、あるいは彼らの（嘘の）誓いの後、（その）誓いが、（遺産の権利人たちによって）突き返されてしまうことを怖れ（るようにな）るのに、最適なのである。アッラー*を畏れ*、（かれの訓戒を）聴くのだ。アッラー*は、は、放逸な民をお導きにはならないのである。,
778,（人々よ、）アッラー*が使徒*たちを召集され、（彼らに）こう仰せられる（復活の）日*のこと（を、思い起こすのだ）。「あなた方は、（民をアッラー*の教えに招いた時、）どのような返答を受けたのか？[1]」彼らは申し上げる。「私たちは、全く存じ上げません[2]。あなたこそは、不可視の世界*を熟知されるお方なのですから」。 <sup foot_note=>1</sup>,
779,アッラー*が、（こう）仰せられた時のこと（を思い起こすがよい）。「マルヤム*の子イーサー*よ、あなたとあなたの母に対する、わが恩恵を思い出すのだ。われがあなたを、聖霊[1]によって支えた時のこと。あなたは揺りかごの中（から）でも、壮年になって（から）も、人々に語りかける。また、われがあなたに、書[2]、英知、トーラー*、福音*を教えた時のこと。また、あなたがわが許しによって、泥土で鳥の形のようなものを作り、あなたがそこに息を吹き込んで、それがわが許しによって（本物の）鳥となる時のこと。また、あなたがわが許しにより、生まれつきの盲人とライ病患者[3]を癒す（時のこと）。また、あなたがわが許しによって、死人を（蘇らせ、墓場から）出す時のこと。また、われがイスラーイールの子ら*を、あなたが明証[4]を携えて彼らのもとに到来した時、あなた（の殺害）から阻んだ時のこと。彼らの内の不信仰だった者*たちは、（こう）言ったのだ。『これは、紛れもない魔術に外ならない』。 <sup foot_note=>1</sup>,
780,また（イーサー*よ）、われが（あなたの）弟子たち[1]に、われとわが使徒を信じよ、と示した時のこと（を思い出せ）。彼らは申し上げた。『私たちは信じました。私たちが服従する者（ムスリム*）であることを、証言して下さい』」。 <sup foot_note=>1</sup>,
781,（イーサーの）弟子たちが、（こう）言った時のこと（を思い起こすがよい）。「マルヤム*の子イーサー*よ、あなたの主*は、天から私たちに食卓を下すことが出来ますか？」彼（イーサー*）は言った。「アッラー*を畏れ*よ。もし、あなた方が信仰者であるならば」。,
782,彼らは言った。「私たちはそこから食べ、私たちの心を安らげたいのです。また、あなたが私たちに、確かに真実を語ったことを知り、その証人[1]になりたいのです」。 <sup foot_note=>1</sup>,
783,マルヤム*の子イーサー*は、申し上げた。「アッラー*よ、我らが主*よ、私たちに天から食卓をお下し下さい。それは私たちの代と後代の者たちにとっての祭日となり、あなたからの御徴となるものです。そして私たちに、糧をお授け下さい。あなたは、最もよく糧を授けられるお方です」。,
784,アッラー*は仰せられた。「本当にわれは、それをあなた方に下す者である。そして誰であろうと、その後あなた方の内で不信仰に陥る者*、本当にわれは彼を、全創造物のいかなるものも罰することのない（ような）罰し方で、罰するであろう」。,
785,アッラー*が（復活の日*、こう）仰せられる時のこと（を、思い起こさせよ）。「マルヤム*の子イーサー*よ、一体あなたは人々に『アッラー*とは別に、私と私の母親も二つの神[1]とせよ』などと言ったのか？[2]」彼は申し上げる。「あなたに称え*あれ。私は、自分に権利がないようなことを言うはずがありません。もし、そう言ったとしたら、あなたはそのことについて既にご存知です。あなたは私自身の内にあるものをご存知ですが、私はあなたご自身の内にあるものについて、存知じ上げないのですから。あなたこそは、不可視の世界*を熟知されるお方であられます。 <sup foot_note=>1</sup>,
786,私は彼らに、あなたが命じられたこと、つまり我が主*であり、あなた方の主*であられるアッラー*を崇拝せよ、ということしか言っておりません。また私は、彼らの間に留まっている限り、彼らに対しての証人でした。そして、あなたが私をお召しになってからは[1]、あなたこそが彼らへの監視者だったのです。あなたは、全てのことの証人であられます。 <sup foot_note=>1</sup>,
787,もしあなたが彼らを罰されるとしても、実に彼らは、あなたの僕たちです[1]。そして彼らをお赦しになるとしても、本当にあなたこそは偉力ならびない*お方、英知あふれるお方です」。 <sup foot_note=>1</sup>,
788,アッラー*は仰せられる。「これは、正直者たちを、自分自身の正直さ[1]が益する（復活の）日*。彼らには、彼らがそこにずっと永遠に住むことになる、その下から河川が流れる楽園がある。アッラー*は彼らをお喜びになり、彼らもアッラー*に満足する。それはこの上ない勝利なのだ」。 <sup foot_note=>1</sup>,
789,アッラー*にこそ諸天と大地と、そこにあるものの王権が属する。そしてかれは、全てのことがお出来になるお方なのである。,
790,諸天と大地を創造され、闇と光[1]をお創りになったアッラー*に、称賛*あれ。その後に及んで不信仰に陥った者*たちは、自分たちの主*に対して（かれ以外のものを）並べている[2]。 <sup foot_note=>1</sup>,
791,かれは、あなた方（の父租アーダム*）を泥土からお創りになり[1]、それから（あなた方の）寿命を決定されたお方。そして定められた時期[2]（の知識）は、かれの御許にある。その後に及んで、あなた方は（死後の復活を）疑わしく思っているのだ。 <sup foot_note=>1</sup>,
792,そしてかれは、諸天と大地において（真に）崇拝*されるべきお方。あなた方が密かにすることも、露わにすることもご存知であり、あなた方が稼ぐもの[1]もご存知である。 <sup foot_note=>1</sup>,
793,彼らの主*の御徴[1]の内、いかなる御徴が彼らのもとに到来した時でも、彼らがそれに背を向けないことはなかった。 <sup foot_note=>1</sup>,
794,彼らは真理（クルアーン*）を、それが自分たちのもとに到来した時、嘘呼ばわりしたのだから。ならば、いずれ彼らのもとには、彼らが嘲笑していたものの知らせが（事実として）やって来るであろう。,
795,一体彼らは、われら*が彼ら以前に、どれだけ多くの（不信仰な）世代を滅ぼしてきたかを、知らないのか？われら*は地上において彼らに、あなた方には授けなかった力を授けた。また、われら*は彼らに豊かな雨を送り、彼らの下からは河川を走らせた。にも関わらず（彼らは不信仰に陥ったので、）われら*は彼らをその罪ゆえに滅ぼし、彼らの後に別の世代を設けたのである。,
796,（使徒*よ、）たとえわれら*が、あなたに啓典を書面で下し、彼らがそれに自分たちの手で触れたとしても、不信仰に陥った者*たちは（こう）言ったであろう。「これは紛れもない魔術に外ならない」。,
797,また、彼らは言った。「どうして彼に、（彼が使徒*であることを証言する）天使*が下らないのか？」もしわれら*が天使*を下したら、事は決定されてしまった[1]であろう。その後、彼らは、猶予を与えられることものないのだ。 <sup foot_note=>1</sup>,
798,また、もし彼（使徒*）を天使*としたならば、われら*は彼（その天使）を人（の姿）としたのである。そしてわれら*は、彼らが（自分たちを）惑わしているもので、彼らを惑わすことになっただろう[1]。 <sup foot_note=>1</sup>,
799,あなた以前の使徒*たちもまた、確かに嘲笑されたのである。それで彼らの内の嘲っていた者たちを、彼らが嘲笑していたもの（懲罰）が包囲したのだ。,
800,（使徒*よ、）言ってやるがいい。「地上を旅し、それから（使徒*たちを）嘘呼ばわりした者たちの結末がどのようなものであったか、見てみるがよい」。,
801,（使徒*よ、）言ってやるのだ。「諸天と大地にあるものは、誰に属しているのか？」言うのだ。「アッラー*に属する」。アッラー*はご自身に、慈悲を定められた[1]。かれは疑惑の余地のない復活の日*に、必ずやあなた方を召集される。自らを（シルク*で）損ねた者たち、彼らは信じないのである。 <sup foot_note=>1</sup>,
802,夜と昼に静止するもの（と動くもの）[1]は（全て）、かれにこそ属する。かれはよくお聴きになるお方、全知者であられる。 <sup foot_note=>1</sup>,
803,（使徒*よ、）言ってやるがいい。「私が、諸天と大地の創成者*アッラー*以外のものを、庇護者*とすることなどあろうか？かれは養い給うお方であって、養われるお方ではないというのに」。言うのだ。「私は（この共同体において）、服従する者（ムスリム*）の先駆けとなることを命じられたのである。（私は、こう命じられたのだ。）『決して、シルク*の徒の類いとなってはならない』」。,
804,（使徒*よ、）言うがよい。「本当に私は、もし我が主*に逆らったりしたら、この上ない（復活の）日*の懲罰（が自分に降りかかること）を怖れる」。,
805,その日、それ（懲罰）から遠ざけられる者があれば、かれ（アッラー*）は確かに、その者にご慈悲をおかけになったことになる。そしてそれが、明白な勝利なのである。,
806,（人間よ、）もしアッラー*があなたに害悪[1]をお与えになれば、それを取り除いてくれる者は、かれ以外にはいらっしゃらない。また、かれがあなたに善[2]をお与えになるとしても（、それを阻む者はなく）、かれは全てのことがお出来になるお方なのだ。 <sup foot_note=>1</sup>,
807,かれはその僕たちの上に君臨される*お方であり、また、かれは英知あふれる*お方、（全てに）通暁されているお方。,
808,（使徒*よ、）言ってやるがいい。「何が最大の証拠[1]であるか？」言うのだ。「アッラー*が、私とあなた方の間の証人であられる。そしてこのクルアーン*は、私がそれであなた方と、それが届いた全ての者に警告を告げるため、私に啓示されたのだ。一体、本当にあなた方は、アッラー*と共に別の神々[2]が存在すると証言するのか？」（使徒*よ、）言え。「私は（そのようなことを）証言しない」。言うのだ。「かれこそは、唯一の崇拝*されるべきお方であられる。そして本当に私は、あなた方が（アッラー*の崇拝*において）シルク*を犯しているものから無縁なのだ」。 <sup foot_note=>1</sup>,
809,われら*が啓典を授けた者*たちは、彼のことを自分たちの子供を知るように（よく）知っている[1]。自らを（不信仰で）損ねた者たち、彼らは信じないのである。 <sup foot_note=>1</sup>,
810,アッラー*に対して嘘を捏造し、その御徴を嘘とする者[1]よりも、ひどい不正*を働く者がいようか？本当に不正*者たちは、成功しないのである。 <sup foot_note=>1</sup>,
811,われら*が彼らを皆召集し、それからシルク*を犯していた者たちに、（こう）言う日[1]のこと（を思い起こさせよ）。「あなた方が主張していた[2]、あなた方（がアッラー*）の同位者（としていたもの）たちはどこにいるのか？」 <sup foot_note=>1</sup>,
812,それから彼らの試練（に対する答え）は、「我らが主*アッラー*に誓って、私たちはシルク*の徒ではありませんでした」と言うことのみであった。,
813,見よ、彼らがいかに自分自身を偽ったかを。そして彼らが（執り成し手として）でっち上げていたものは、彼らから消え去ってしまったのだ。,
814,（使徒*よ、）彼らの内には、あなたに耳を傾ける者もいる。われら*は、彼らがそれ（クルアーン*）を理解出来ないように、彼らの心には覆いを、その耳には重しをかけた[1]というのに。そして、たとえいかなる御徴[2]を目にしても、彼らはそれを信仰しない。果ては（御徴を見た挙句、）あなたのもとに議論を吹っ掛けながらやって来ると、不信仰に陥った者*たちは（こう）言うのだ。「これは、昔の人たちのお伽噺に過ぎない」。 <sup foot_note=>1</sup>,
815,また、彼らは（人々に）それ[1]を禁じ、自分たちもまたそれから遠ざかる。彼らは気付かないまま、自分自身を滅ぼしているに外ならない。 <sup foot_note=>1</sup>,
816,（使徒*よ、）もし、あなたが目にしたならば。彼らが（地獄の）業火の上に留まらされ、（こう）言う時のことを。「ああ、私たちが（現世に）戻され、我が主*の御徴を嘘呼ばわりせず、信仰者たちの仲間となれたなら！」[1] <sup foot_note=>1</sup>,
817,いや、（その日は）かつて彼らが隠していたこと[1]が、彼らの前で露呈するのだ。そしてたとえ（現世に）戻されたとしても、彼らは禁じられたことに立ち返るのである。本当に彼らは、まさしく嘘つきなのだ。 <sup foot_note=>1</sup>,
818,また彼ら（シルクの徒*）は、言った。「それ[1]は、私たちの現世の生活以外にはない。そして私たちは、蘇らされる身などではないのだ」。 <sup foot_note=>1</sup>,
819,（使徒*よ、）彼らが（復活の日*、）その主*の御前に立たされる時のことを、あなたが目にしたならば。かれ（アッラー*）は仰せられる。「一体これ（死後の復活）は、真実ではないのか？」彼らは言う。「我らが主*に誓って、確かにそうです」。かれは仰せられる。「ならば、あなた方が（アッラー*とその使徒*を）否定していたことゆえに、懲罰を味わうがよい」。,
820,アッラー*との拝謁を嘘とした者たちは、確かに損失したのだ。やがて（復活の）その時が彼らのもとを不慮に訪れると、彼らは（罪という）重荷をその背に負いながら（、こう）言う。「ああ、私たちがそこ（現世）で疎かにしていたこと[1]への、私たちの悲痛よ！」彼らが背負っているものは、何と忌まわしいものではないか。 <sup foot_note=>1</sup>,
821,現世の生活は、遊興と戯れごとに過ぎない[1]。そして来世の住まいこそは、（アッラー*を）畏れる*者たちにとって、より善いのである。一体あなた方は、弁えないのか？ <sup foot_note=>1</sup>,
822,われら*は、本当に彼らの言うことがあなたを悲しませることを、確かに知っている。（だが、悲しむのではない。）というのも、彼らは（確信をもって）あなたを嘘つき呼ばわりしているのではないのだ。だが不正*者たちはアッラー*の御徴を、否定しているのである[1]。 <sup foot_note=>1</sup>,
823,また、あなた以前の使徒*たちも、確かに嘘つき呼ばわりされたのだ。それで彼らは、自分たちにわれら*の勝利が到来するまで、嘘つき呼ばわりされたり迫害されたりすることに忍耐*し続けたのである。そしてアッラー*の御言葉[1]を変更するものは、何一つない。（使徒*よ、）あなたのもとには、（あなた以前に）遣わされた者たちの知らせ[2]の一部が、確かに届いたのだ。 <sup foot_note=>1</sup>,
824,また、（使徒*よ、）もし彼らの拒絶があなたにとって過酷だというなら、もしあなたが地面に穴を、あるいは天に梯子を求め[1]、彼らに（自分の正しさを証明する）御徴をもたらすことが出来るのならば、（、そうしてみよ）[2]。そして、もしアッラー*がお望みなら、彼らを導きのもとに一同にさせたのだ。ならばあなた[3]は決して、（無闇に悲しみを募らせる）無知な者たちの類いとなるのではない。 <sup foot_note=>1</sup>,
825,（使徒*よ、あなたの呼びかけに）応えるのは、聴き入れる者たちだけである。そして死人たち、アッラー*は彼らを蘇らされるのだ。それから彼らは、かれの御許にこそ戻される。,
826,彼ら（シルク*の徒）は、言った。「どうして彼（ムハンマド*）に、その主*からの御徴[1]が下らないのか？」（使徒*よ、）言ってやるがいい。「本当にアッラー*は御徴を下すことがお出来のお方。だが彼らの大半は、（奇跡が起きるかどうかは、アッラー*の英知に任されているということを）知らないのだ」。 <sup foot_note=>1</sup>,
827,地を歩くいかなるものも、その双翼で飛ぶいかなるものも、あなた方のような共同体でないものは皆無である[1]。われら*がその書[2]の中で定め残したことなど、何一つないのだ。それから彼らは、自分たちの主*の御許にこそ、召集される。 <sup foot_note=>1</sup>,
828,われら*の御徴を嘘呼ばわりする者たちは、聾で唖[1]で、闇の中。アッラー*は誰であろうと、かれがお望みの者を迷わせられる。また誰であろうと、かれがお望みの者を、まっすぐな道の上に置かれるのだ。 <sup foot_note=>1</sup>,
829,（使徒*よ、シルク*の徒に）言ってやるがいい。「言ってみよ。もしあなた方にアッラー*の懲罰がやって来たり、あるいはあなた方に（復活の）時が訪れたりしたら、一体あなた方は、アッラー*以外のものに祈るのか？もしあなた方が、本当のこと[1]を言っているなら（、そうしてみよ）。 <sup foot_note=>1</sup>,
830,いや、あなた方は（その時、）かれ（アッラー*）にのみ祈るのであり、それでかれは、あなた方がかれに（その除去を）祈っているものを、取り除いて下さるーーかれがお望みになれば、だがーー。そしてあなた方は（その時）、自分たちが（アッラー*の崇拝*において、）シルク*を犯しているものを忘れるのだ」。,
831,（使徒*よ、）われら*は確かに、あなた以前の共同体に（使徒*たちを）遣わした。そして（彼らが使徒*たちを嘘つき呼ばわりすると、）われら*は彼らが（われら*のみに）おそれ畏まるよう、困窮と災難で彼らを捕らえた。,
832,そして、どうして彼らのもとにわれら*の猛威[1]が到来した時、彼らは（われら*に）おそれ畏まらなかったのか？しかし彼らの心は硬化し、シャイターン*は彼らが行っていたことを彼らに目映く見せたのだ。 <sup foot_note=>1</sup>,
833,それで彼らが諭されていたものを忘れた[1]時、われら*は全ての（糧の）扉を彼らに開放した[2]。ついには自分たちに与えられたものに有頂天になった時、われら*は彼らを突然（懲罰で）捕らえたのだ。するとどうであろう、彼らは落胆する者たちとなる。 <sup foot_note=>1</sup>,
834,こうして不正*を働いた民は、一人残さず根こそぎにされた。全創造物の主*、アッラー*に称賛あれ。,
835,（使徒*よ、彼らシルク*の徒に）言ってやるのだ。「言ってみよ。もしアッラー*があなた方の聴覚と視覚を奪われ、あなた方の心を塞がれたら[1]、一体アッラー*以外のいかなる神[2]が、それをあなた方に与えてくれるのか？」見よ、われら*がいかに御徴[3]を多彩に示し、その後に及んで、彼らが（その熟慮を）拒絶するのかを。 <sup foot_note=>1</sup>,
836,（使徒*よ、）言ってやるがいい。「言ってみよ。もしアッラー*の懲罰が突然に、あるいは、まざまざと[1]あなた方に到来しても、一体不正*者である民以外、滅ぼされることがあろうか？」 <sup foot_note=>1</sup>,
837,われら*が遣わされる者（使徒*）たちを遣わすのは、吉報を伝え、警告を告げる者[1]としてに外ならない。それで誰であろうと、信仰して（行いを）正す者、彼らには怖れもなければ、悲しむこともない[2]。 <sup foot_note=>1</sup>,
838,そして、われら*の御徴[1]を嘘呼ばわりした者たち、彼らには、彼らが放逸であったことゆえに懲罰が降りかかるのだ。 <sup foot_note=>1</sup>,
839,（使徒*よ、）言ってやるがいい。「私はあなた方に、自分にはアッラー*の（数々の）宝庫があるなどとは言っていないし、不可視の世界*も知らない[1]。またあなた方に、自分こそは天使*だ、とも言ってはいない。私は、自分に啓示されることに従っているだけなのだ」。言うがいい。「盲人と見える者[2]は、同じであろうか？そして一体、あなた方は熟考しないのか？」 <sup foot_note=>1</sup>,
840,また（使徒*よ）、自分たちの主*の御許へーーかれの外、庇護者*も執り成し手もいないという状態でーー召集されることを怖れている者たちが、（アッラー*を）畏れる*ようになるように、それ（クルアーン*）で警告するがよい。,
841,そして（預言者*よ、）朝に夕に、その主*の御顔を望んでかれに祈る者たちを、追い払ってはならない[1]。あなたに彼らの詮索をする必要は一切なく、彼らにもあなたの詮索をする必要は一切ないのだ[2]。ゆえに彼らを追い払って、不正*者たちの類いとなってしまってはならない。 <sup foot_note=>1</sup>,
842,同様に、われら*は彼らをお互いに試練にかけた[1]。その結果、彼らは、「一体、アッラー*は私たちの間から、これらの（弱小な）者たち（を選んで特別）に（導きを）お恵みになったというのか？」と言ったのである[2]。一体アッラー*が、（かれの恩恵に）感謝する者たちを、最もよくご存知なのではないか？ <sup foot_note=>1</sup>,
843,また（預言者*よ）、われら*の御徴[1]を信じる者たち[2]があなたのもとにやって来た時には、（こう）言うがよい。「あなた方に平安を[3]。あなた方の主*は、ご自身に慈悲をお定めになった⁴。本当に誰であろうと、あなた方の内で無知から悪を行ってしまい、それからその後に悔悟して（行いを）正した者、実にかれ（アッラー*）は（そのような者に対し、）赦し深いお方、慈愛深い*お方なのである」。 <sup foot_note=>1</sup>,
844,同様にわれら*は、御徴[1]を明らかにする。そして（それは真理が露わになり、）罪悪者たちの道が浮き彫りになるためなのだ。 <sup foot_note=>1</sup>,
845,（使徒*よ、彼らシルク*の徒に）言ってやるがいい。「本当に私は、あなた方がアッラー*を差しおいて崇めている者たちを崇拝*することを、禁じられたのだ」。言うのだ。「私は、あなた方の私欲には従わない。そんなことをすれば私は確かに迷い去り、導かれた者の一人ではなくなってしまうのだから」。,
846,（使徒*よ、）言ってやるがいい。「本当に私は、自分の主*からの明証に依拠している[1]。あなた方は（確かに）、それを嘘呼ばわりしたのだが。私には、あなた方が性急に求めているもの[2]（を実現させる力）などない。（懲罰の時期についての）裁決は、真理を仰り、最善の裁き手であられるアッラー*にのみ属するのだから」。 <sup foot_note=>1</sup>,
847,（使徒*よ、）言うがいい。「もし私に、あなた方が性急に求めているもの[1]（を実現させる力）があったのならば、私とあなた方の間の問題は片がつけられたであろう。アッラー*は不正*者たちのことを、最もよくご存知であられる」。 <sup foot_note=>1</sup>,
848,また、かれ（アッラー*）以外に知る者はない不可視の世界*の鍵[1]は、かれの御許にこそある。またかれは、陸と海にあるものも（全て）ご存知である。そしてかれがご存知にならずしては、葉一枚も落ちることがない。また、地面の暗闇の中にある種一粒であっても、あるいは湿っているものでも、乾いているもの[2]でも。（それらのことで）明白な書[3]の中に（記録されて）ないものは、ないのだ[4]。 <sup foot_note=>1</sup>,
849,また、かれは夜にあなた方（の魂）を召され[1]、あなた方が昼に稼いだものをご存知になるお方。それからかれは、（現世での）定められた期間が全うされるべく、（その魂を再び身体に戻すことで、）あなた方をそこ（昼）において蘇らされる。その後かれの御許にこそ、あなた方の帰り所があるのであり、それからかれは、あなた方が（現世で）行っていたことについて、あなた方にお告げになるのだ。 <sup foot_note=>1</sup>,
850,また、かれはその僕たちの上に君臨される*お方であり、あなた方に記録者たち[1]を遣わされる。やがてあなた方の誰かに死が訪れれば、われら*の使いたち[2]は抜かりなく、彼（の魂）を召すのだ。 <sup foot_note=>1</sup>,
851,それから彼らは、自分たちの真の庇護者*であるアッラー*の御許へと戻される。（その日の）裁決は、かれのみに属するのではないか。かれは、最も早く計算される*お方である。,
852,（使徒*よ、）言ってやるがいい。「（人目をはばからず）畏まり、そして密かに（こう）祈るあなた方を、陸と海の闇[1]から救って下さるのは誰なのか？『かれ（アッラー*）が、もしも私たちをここから救って下さったら、私たちは必ずや（かれのみを崇拝*することで、）感謝する者になります』」。 <sup foot_note=>1</sup>,
853,（使徒*よ、）言ってやるがいい。「アッラー*がそこから、そしてあらゆる苦悩から、あなた方をお救い下さるのだ。その後に及んで、あなた方はシルク*を犯すのである」。,
854,（使徒*よ、）言ってやるのだ。「かれはあなた方の頭上から、またはあなた方の足元から、あなた方に懲罰をもたらすこと[1]も、あるいはあなた方を惑わせて分裂させ、互いに（争わせて）痛い目にあわせることもお出来のお方」。見よ、彼らが理解するようにと、われら*がいかに御徴を多彩に示すかを。 <sup foot_note=>1</sup>,
855,あなたの民は、それ[1]を嘘呼ばわりした。それは真理であるというのに。言ってやるのだ。「私は、あなた方の代理人[2]などではない」。 <sup foot_note=>1</sup>,
856,いかなる話にも、帰結がある。やがてあなた方は、（懲罰という自分たちの最後を）知るだろう。,
857,（使徒*よ、）われら*の御徴（アーヤ*）について（嘘と嘲笑をもって）喋っている者たちを目にしたら、彼らがそれとは別の話題に移るまで、彼らから離れよ。そして、もしシャイターン*があなたに（、それが禁止されているのを）忘れさせてしまうことがあっても、思い出した後には、不正*者である民と同席してはならない[1]。 <sup foot_note=>1</sup>,
858,そして（アッラー*を）畏れる*者たちは、彼らの勘定[1]において、いかなる責任も問われない。しかし彼らが（アッラー*を）畏れる*べく、訓戒を（与えよ）。 <sup foot_note=>1</sup>,
859,（使徒*よ、）自分たちの宗教[1]を遊興と戯れごととし、現世の生活に欺かれた者たちは、放っておけ。また、人が自分で稼いだもの[2]ゆえに（あらゆる善を）差し止められぬよう、それ（クルアーン*）で教訓を与えよ。彼にはアッラー*の外、いかなる庇護者*も執り成し手もないのだ。また、たとえあらゆる代償を払っても、彼から受け入れてはもらえない。それらの者たちは、自分の稼いだものゆえ、（あらゆる善を）差し止められた者たちである。彼らには、彼らが不信仰に陥っていたことゆえの、煮えたぎる湯の飲み物と、痛ましい懲罰があるのだ。 <sup foot_note=>1</sup>,
860,（使徒*よ、）言ってやるがいい。「一体私たちが、アッラー*を差しおいて、私たちを益することもなければ、害することもないものに祈るというのか？また、アッラー*が私たちを導かれた後に、私たちが自分たちの後方へ引き返す[1]とでも？ちょうど、『私たちのもとに来なさい』と導きに呼びかける（信仰者の）仲間たちがあるにも関わらず、シャイターン*どもに唆され、地上で迷ってしまった者のように？」言うのだ。「本当にアッラー*のお導きこそ、（真の）導きである。そして私たちは、全創造物の主*に服従（イスラーム*）するよう命じられたのだ」。 <sup foot_note=>1</sup>,
861,また（、私たちは）礼拝を遵守*し、かれを畏れ*よ、と（命じられた）。かれは（復活の日*）、あなた方がその御許へと召集されるお方である。,
862,また、かれは、真実によって諸天と大地をお創りになったお方[1]。かれが「あれ」と仰せられれば、即そのようになる（復活の）日*のこと（を思い起こさせよ）。かれの御言葉は、真実。角笛に吹き込まれるその日[2]、かれにこそ王権は属する[3]。（かれは）不可視の世界*も、現象界[4]もご存知のお方。そしてかれは、英知あふれる*お方、（全てに）通暁されたお方なのだ。 <sup foot_note=>1</sup>,
863,イブラーヒーム*がその父アーザルに対し、（こう）言った時のこと（を思い起こさせよ）。「一体あなたは、偶像を神[1]とするのですか？本当に私は、あなたとあなたの民が、紛れもない迷妄の中にあるとお見受けします」。 <sup foot_note=>1</sup>,
864,また同様に、われら*はイブラーヒーム*に諸天と大地の絶対なる王権を見せた[1]。（それは彼がそれによって証明し、）彼が（アッラーの唯一性*について）確信する者の一人となるためであった。 <sup foot_note=>1</sup>,
865,そして夜の帳が彼の上に下りた時、彼は星を見た。彼は（民に向かって）言った[1]。「これが我が主*だ」。そしてそれが姿を消した時、彼は言った。「私は、消え行くものが好きではない」。 <sup foot_note=>1</sup>,
866,また、月が昇るのを見た時、彼は言った。「これが我が主*だ」。そしてそれが姿を消した時、彼は言った。「もしも、我が主*が私をお導きにならなければ、私は必ずや、迷い去った民の類いとなってしまうだろう」。,
867,それから太陽が昇るのを見た時、彼は言った。「これが我が主*だ。これは（前者）より大きい」。そしてそれが姿を消した時、彼は言った。「我が民よ、本当に私は、あなた方が（アッラー*に）並べて（崇めて）いるものとは無縁なのだ。,
868,本当に私は、諸天と大地を創成されたお方[1]に、我が顔を純正に向ける[2]。そして私は、シルク*の徒の類いではないのだ」。 <sup foot_note=>1</sup>,
869,彼の民は、彼と言い争った。彼は言った。「一体あなた方は、アッラー（の唯一性*）について、私と言い争うというのか？かれは確かに、私をお導きになったというのに。私は、あなた方が（アッラー*に）並べて（崇めて）いるもの（の害）など、怖れてはいない。ただ、我が主*が何か（私を罰されるようなこと）をお望みになるのなら、別だが。我が主*は（その）知識で、全てのものを網羅されているのだ。一体あなた方は、教訓を得ないのか？,
870,また、どうして私が、あなた方が（アッラー*に）並べて（崇めて）いるものを怖れようか？あなた方はアッラー*に対し、かれが（崇拝*すべき）いかなる根拠も下されなかったものを並べ（て崇め）ることを、怖れてはいない。ならば二派[1]の内のいずれが、（アッラー*の懲罰から）より安泰であるというのか？もし、あなた方が知っているのならば（、だが）」。 <sup foot_note=>1</sup>,
871,信仰し、その信仰に、いかなる不正*[1]も混じえない者たち、そのような者たちにこそ安泰があるのであり、彼らは導かれた者たちなのだ。 <sup foot_note=>1</sup>,
872,それが、われら*がイブラーヒーム*に、その民に対して、授けた論拠である。われら*は、われら*が望む者の位を上げるのだ。本当にあなたの主*は、英知あふれる*お方、全知者であられるのだから。,
873,また、われら*は彼にイスハーク*とヤァクーブ*を恵み、（その）いずれをも導いた。また（彼ら）以前に、ヌーフ*も導いた。そしてその子孫であるダーウード*、スライマーン*、アイユーブ*、ユースフ*、ムーサー*、ハールーン*も。同様にわれら*は、善を尽くす者[1]たちに報いるのだ。 <sup foot_note=>1</sup>,
874,またザカリーヤー*、ヤヒヤー*、イーサー*、イルヤース*も（導いた）。（彼らは）皆、正しい者*たちの仲間であった。,
875,そしてイスマイール*、アル＝ヤサゥ*、ユーヌス*、ルート*も（導いた）。彼ら全員を、われら*は外のいかなる者よりも引き立てた[1]のだ。 <sup foot_note=>1</sup>,
876,また彼らの先祖、子孫、兄弟の内からも（導いた）。そしてわれら*は彼らを選り抜き、彼らをまっすぐな道へと導いたのだ。,
877,それはアッラー*のお導きであり、かれはその僕たちの内から、かれがお望みになる者をそれで導かれる。そして、もし彼らがシルク*を犯したら、彼らが行っていたことは彼らにとって台無しになるのだ。,
878,それらの（預言）者*たちは、われら*が啓典と英知と預言者*としての天分を授けた者たちである。それで、もしこれらの（不信仰）者*たちがそれ[1]を否定するのなら、われら*はそれを否定しない（別の）民[2]に、それを確かに委ねるであろう。 <sup foot_note=>1</sup>,
879,それらの者たちは、アッラー*がお導き下さった者たち。ならば（使徒*よ）、彼らの導きをこそ踏襲するのだ。言うがよい。「私はそのことゆえに、あなた方に見返り[1]を求めているわけではない。それは全世界への教訓に外ならないのだから」。 <sup foot_note=>1</sup>,
880,彼らは、彼らが「アッラー*は人間に、何もお下しにはならなかった」と言った時、アッラー*を真に敬わなかった。（使徒*よ、彼らシルク*の徒に）言ってやるがいい。「ムーサー*が人々への光と導きとして携えて来た啓典（トーラー*）を下したのは、一体誰なのか？あなた方[1]はそれを（分断された）紙片に記している。あなた方はそれ（の一部）は公にし、多くの部分[2]は隠蔽しているのだ。あなた方（アラブ人）は、あなた方自身も自分たちの先祖も知らなかったことを、（クルアーン*によって）教わったというのに」。言ってやるのだ。「（それを下したのは、）アッラー*である」。それから彼らを、その戯言の中でふざけるままに、放っておくのだ。 <sup foot_note=>1</sup>,
881,これ（クルアーン*）は、われら*が下した、祝福にあふれ、それ以前のものを確証する啓典である。また、あなたが都市の母と、その周辺[1]にいる者へ警告を告げるために（、われら*はそれを下した）。そして来世を信じる者は、自分たちの礼拝を遵守*しつつ、それを信じるのだ。 <sup foot_note=>1</sup>,
882,一体、アッラー*に対して嘘を捏造したり、自分には何も下っていないのに「私に啓示が下った」と言ったり、あるいは「アッラー*が下したようなものを、下してやろう」などと言った者よりも、ひどい不正*を働く者があろうか？（使徒*よ、）もしあなたが、不正*者たちが死の苦悶の中にあり、天使*たち[1]が彼らに手を伸ばす時のことを見るのならば！（天使*たちは、言う。）「あなた方の魂を、出せ[2]。この日あなた方は、自分たちがアッラー*に対して真実ではないことを語っていたことと、かれの御徴に対して奢り高ぶっていたことゆえに、屈辱の懲罰で報われるのだ」。 <sup foot_note=>1</sup>,
883,（復活の日*、彼らにはこう言われる。）「あなた方は確かに、われら*があなた方を最初に創った時のように、われら*のもとに一人きりでやって来た[1]。われら*が（現世で）あなた方に授けた者を、自分たちの背後に置き去りにして。そしてわれら*は（この日、）あなた方が、自分たち（の崇拝*）における（アッラー*の）同位者であると主張していたあなた方の執り成し手[2]を、あなた方と共に見出すことはない。あなた方の間（の関係）は既に断絶し、あなた方が主張していたものは、あなた方から消え失せてしまったのだ」。 <sup foot_note=>1</sup>,
884,本当にアッラー*は、種粒と種子[1]を裂かれ（、芽吹かせ）るお方。かれは死から生を取り出され、生から死を取り出されるお方[2]。そのお方がアッラー*。では、一体どうして、あなた方は（真理から）背かされるのか？ <sup foot_note=>1</sup>,
885,（かれは夜の闇から）暁を裂き出されるお方。また、かれは夜を安住の場とされ、太陽と月（の運行）を計算[1]とされた。それは偉力ならびなき*お方、全知者のお定めである。 <sup foot_note=>1</sup>,
886,またかれは、それによってあなた方が陸と海の闇の中を導かれるべく、あなた方のために星々をお創りになったお方。われら*は知識ある民に対し、確かに御徴[1]を詳細にした。 <sup foot_note=>1</sup>,
887,またかれは、あなた方を一人の者（アーダム*）からお創りになったお方。それで（あなた方には、）定住地と収容地[1]がある。われら*は理解ある民に対し、確かに御徴[2]を明らかにした。 <sup foot_note=>1</sup>,
888,またかれは、天から（雨）水をお降らしになったお方。そしてわれら*は、それであらゆる植物を芽吹かせ、そこから（瑞々しい）緑を生じさせた。われら*はそこから、連なり重なる種粒を実らせる。またナツメヤシの木、その莢[1]からは（われら*の意思によって）、低く垂れ下がる房がなる。そして葡萄の果樹園、また（、一面では）似ているが、（別の面では）異なる[2]オリーブとザクロも（生じさせた）。それが実をつけ熟した時に、その果実を見てみるがよい。実にその中にはまさしく、信仰する民への御徴[3]があるのだから。 <sup foot_note=>1</sup>,
889,彼ら（シルク*の徒）はアッラー*に対し、ジン*を（アッラー*の崇拝*における）同位者とし（て崇め）た。かれ（アッラー*）が、彼ら（ジン*）をお創りになったというのに。また彼ら（シルク*の徒）は知識もなく、かれに息子や娘をでっち上げた[1]。かれに称え*あれ、かれは彼らの言うようなこと（シルク*を犯しているもの）から（無縁で）、遥か高遠[2]であられる。 <sup foot_note=>1</sup>,
890,（かれは）諸天と大地の独創者*。かれには伴侶もないのに、どうしてかれに子供などあり得ようか？そしてかれが全てをお創りになり、かれは全てのことをご存知のお方だというのに？,
891,そのお方がアッラー*、あなた方の主*、かれ以外に（真に）崇拝*すべきものはない。（かれは）全ての創造主である。ならば、かれを崇拝*せよ。かれは、全てのことを請け負われる*お方であられる。,
892,視覚が（現世で）かれ（アッラー*）を捉えることはない[1]。かれが視覚を捉え給うのであり、かれは霊妙な*お方、通暁されるお方なのだ。 <sup foot_note=>1</sup>,
893,（使徒*よ、言うがよい。）「あなた方の主*の御許からあなた方のもとに、開眼[1]が確かに到来した。（それに）開眼する者は誰でも、自分自身を益し、（そこにおいて）盲目である者[2]は誰でも、自分自身を害するのだ。そして私は、あなた方の監視役[3]などではない」。 <sup foot_note=>1</sup>,
894,同様に、われら*は御徴[1]を多彩に示すのだ。そして（その結果、）彼ら（シルク*の徒）は、「あなたは学習したのだ」[2]と言ったのだが、（それは）われら*が、それを知識ある民に明らかにするためなのだ。 <sup foot_note=>1</sup>,
895,（使徒*よ、）あなたの主*からあなたに啓示されたものに、従えーーかれの外に、崇拝*すべきものはないーー。そして、シルク*の徒から遠ざかれ。,
896,また、もしアッラー*がお望みであったなら、彼らはシルク*を犯さなかったのだ[1]。そしてわれら*は、（使徒*よ、）あなたを彼らに対する監視役[2]としたのではないし、あなたは彼らへの（諸事の面倒を見るための）代理人というわけでもない。 <sup foot_note=>1</sup>,
897,（ムスリム*たちよ、）あなた方は、彼らがアッラー*を差しおいて祈っているものを、罵ったりしてはならない。そうすれば彼らは度を越して、知識もないままに、アッラー*のことを罵ってしまうだろう。同様にわれら*は、各共同体にその行いを目映く見せたのだ。その後、彼らの主*の御許こそは、彼らの戻る場所なのであり、かれは彼らが行っていたことについて、彼らにお告げになるのである。,
898,彼らは、もしも御徴[1]が自分たちに到来したら（使徒*のことを）必ず信じる、と躍起になってアッラー*にかけて誓った。（使徒*よ、）言ってやるがいい。「御徴」は、アッラー*の御許（から）だけである」。そしてそれが到来しても、彼らが信じない（かもしれない）ということを、何があなた方に知らせようか？ <sup foot_note=>1</sup>,
899,彼らがそれを当初から信じなかったように、われらは彼らの心と眼を（アッラー*の御徴の理解から）転回させる[1]。そしてわれら*は、彼らが彷徨うまま、彼らを（アッラー*への反抗という）ひどい放埓さの中に放ったらかしにしておくのだ。 <sup foot_note=>1</sup>,
900,たとえ、われら*が彼ら（シルク*の徒）に天使*を降臨させ、（われら*が蘇らせた）死人が彼らに語りかけ、彼らの眼前に（彼らが求める）全てを集結させたところで、アッラー*がお望みにならない限り、彼らが信仰すべくもない。しかし彼らの大半は、無知なのである。,
901,同様に、われら*は全ての預言者*に、人間とジン*のシャイターン*という敵を創った。彼らは（アッラー*の道に反して）欺こうとし、飾り立てた（嘘の）言葉で互いに唆し合う。そして、もしあなたの主*がお望みだったなら、彼らはそうしなかっただろう（、しかしそれは、アッラー*からの試練なのだ）。ならば彼らを、彼らの捏造するもの諸共、放っておくのだ。,
902,また、来世を信じない者たちの心がそこ（嘘の言葉）へと傾き、それに満足し、彼らが犯すもの[1]を犯すようになるため（、彼らは唆し合う）。 <sup foot_note=>1</sup>,
903,（使徒*よ、シルク*の徒に言ってやるがいい。）「一体、私がアッラー*以外のものを裁決者として望むというのか？[1]かれはあなた方に、明らかにされた啓典をお下しになったお方なのに？」われら*が啓典を授けた者たち（啓典の民*）は、それ（クルアーン*）があなたの主*から真理と共に下されたものであることを知っている。ならばあなた[2]は決して、疑わしく思う者たちの類いとなってはならない。 <sup foot_note=>1</sup>,
904,あなたの主*の、真実で公正な御言葉（クルアーン*）は、完遂された[1]。かれの御言葉には、いかなる変更者もいない。かれはよくお聴きになるお方、全知者であられる。 <sup foot_note=>1</sup>,
905,そして（使徒*よ）、もしあなたが地上の大半の者[1]に従えば、彼らはあなたをアッラー*の道から迷わせてしまうだろう。彼らは（誤った）憶測に従っているに外ならない。彼らは決めつけているだけなのだ。 <sup foot_note=>1</sup>,
906,本当にあなたの主*こそは、かれの道から迷う者を、最もよくご存知である。またかれは、導かれる者たちのことも、最もよくご存知なのだ。,
907,ならば、あなた方は、アッラー*の御名がその上に唱えられたものの内から食べよ[1]。もしあなた方が、かれの御徴[2]を信じているのならば（、だが）。 <sup foot_note=>1</sup>,
908,そして、アッラー*の御名がその上に唱えられたものの内から食べないとは、どういうことか？かれはあなた方に禁じたものを確かに、あなた方に詳しく説明されたというのに。しかし、あなた方がその必要に迫られたもの[1]は別である。本当に多く（の誤った者たち）は知識もなく、その私欲によって（合法・非合法な物事において）正に迷わせるのだ。本当に（使徒*よ、）あなたの主*こそは、度を超す者たちを最もよくご存知である。 <sup foot_note=>1</sup>,
909,露わな罪も、密やかな罪も放棄するのだ。実に罪を稼ぐ者たちは、自分たちが犯していたことゆえに、やがて報いを受けることになるのだから。,
910,また（ムスリム*たちよ）、アッラー*の御名がその上に唱えられていないものの内から、食べるのではない。本当にそれは、まさしく放逸さ[1]である。本当にシャイターン*（のジン*たち）は、あなた方と言い争うよう、自分たちの盟友（であるシャイターン*の人間たち）を、まさに唆すのだ[2]。そして、もし彼らに従ったら、本当にあなた方は正しくシルク*の徒*である[3]。 <sup foot_note=>1</sup>,
911,一体、（かつては）死人だったが、われら*が生命を与え、人々の間をそれによって歩く光を授けた者は、脱出することの出来ない闇の中にある者[1]と同等だろうか？同様に不振後者*たちには、彼らが行っていたことが煌びやかに映ったのである[2]。 <sup foot_note=>1</sup>,
912,また（マッカ*の不信仰者*たちと）同様に、われらはいかなる町においても、その罪悪者たちを（町の）有力者とした。（それは）彼らがそこで、策謀するためである。そして彼らが策謀しているのは、自分自身に対してに外ならない[1]。彼らはそれに気付いていないのだが。 <sup foot_note=>1</sup>,
913,また、御徴[1]が彼らのもとに到来した時、彼らは言った。「私たちは、アッラー*の使徒*たちが授けられたものと同様のもの[2]を授けられるまで、（ムハンマド*を）決して信じない」。アッラー*が、そのお言伝を託す（に相応しい）場所を最もよくご存知である。やがて罪深い者たちには、彼らが策謀していたことゆえに、アッラー*の御徴での惨めさと、厳しい懲罰が降りかかるであろう。 <sup foot_note=>1</sup>,
914,アッラー*が誰かを導くことをお望みになれば、かれはその者の胸を服従（イスラーム*）へと広げて下さる。また、かれが誰かを迷わせることをお望みになれば、かれはその者の胸をひどく狭められる。それは、あたかも（上）空に何とか昇ろうとする[1]ようなもの。同様にアッラー*は、信仰しない者たちに穢れ[2]をお与えになるのだ。 <sup foot_note=>1</sup>,
915,（使徒*よ、）これがあなたの主*の、まっすぐな道。われら*は確かに教訓を得る民に対し、御徴を詳細にしたのだ。,
916,彼らにはその主*の御許に、平安の郷[1]がある。かれは彼らが行っていた（正しい）ことゆえの、彼らの庇護者*なのだ。 <sup foot_note=>1</sup>,
917,かれが彼ら全員を召集され（、こう仰せられ）る日のこと（を思い起こさせよ）。「ジン*の衆（のシャイターン*たち）よ、本当にあなた方は人間を、随分と集めたものだな[1]」。そして（不信仰な）人間の内の、彼らの盟友は言う。「我らが主*よ、私たちは互いに楽しみ合っていました[2]。そして私たちは、あなたが私たちに定められた時期[3]まで到達してしまったのです」。かれは仰せられる。「（地獄の）業火があなた方の、住まいである。あなた方はそこに永遠に留まるのだ」。但し、アッラー*がお望みになった者[4]は別であるが。本当にあなたの主*は英知あふれる*お方、全知者であられるのだから。 <sup foot_note=>1</sup>,
918,そのようにわれら*は不正*者たちを、彼らが稼いでいたものゆえに、互いの盟友とさせる。,
919,（アッラー*は復活の日*、仰せられる。）「（シルク*の徒であった）ジン*と人間の衆よ、一体あなた方のもとに、われの御徴をあなた方に語って聞かせ、あなた方のこの日の面会についてあなた方に警告を放つ、あなた方（人間）自身の内から使徒*たちはやって来なかったのか？」彼らは申し上げる。「私たちは、自分自身に対して（不利に）証言[1]します」。現世の生活が、彼らを欺いたのである。そして彼らは自分たちが不信仰者*であったことを、自分自身に対して証言するのだ。 <sup foot_note=>1</sup>,
920,それ[1]はあなたの主が、その住民が無頓着な状態[2]にある時、町々を不正[3]ゆえに滅ぼされたりはしないからである。 <sup foot_note=>1</sup>,
921,また各人には、（アッラー*への服従行為であろうと、かれへの反抗であろうと、）自分が行ったことゆえの位があるのだ。そしてあなたの主*は、彼らが行うことに迂闊ではあられない。,
922,そして（使徒*よ）、あなたの主*は満ち足りておられる*お方、慈悲の主であられる。もしかれがお望みになれば、（不従順な）あなた方を消し去り、ちょうどあなた方を別の民の子孫から出現させられたように、あなた方の後にかれがお望みになるもの[1]を引き継がせられるのだ。 <sup foot_note=>1</sup>,
923,（シルク*の徒よ、）実にあなた方に約束されていることは、必ずや到来することになっている。そしてあなた方は、（アッラー*の懲罰を）やり過ごすことが出来る者ではない。,
924,（使徒*よ、）言ってやるがいい。「我が民よ、あなた方は自分たちのやり方で行うがよい。実に私も、（自分のやり方で）行おう。そうすれば、いずれあなた方は、誰に世の（善き）結末[1]があるかを知ることになろうから。本当に、不正*者たちが成功することはないのだ」。 <sup foot_note=>1</sup>,
925,彼ら（シルク*の徒）はアッラー*に、かれが繁茂させ給うた作物と家畜の内から割り当て分を決め、自分たちの主張するところにより、（こう）言った。「これはアッラー*の分。そしてこれは、私たち（がアッラー*）の同位者（とするもの）たちの分」。そして彼らの同位者たちの分だったものは、アッラー*に届くことがなく、アッラー*の分だったものは、彼らの同位者たちに届くのだ[1]。彼らの決めることの、何と忌まわしいことか。 <sup foot_note=>1</sup>,
926,同様に、彼ら（がアッラー*）の同位者（としたもの、つまりシャイターン*）たちは、シルク*の徒の多くに対し、自分たちの子供を殺すことを魅惑的に見せた[1]。（それは）彼らを（破滅に）転落させ、彼らに自分たちの宗教を紛らわしく見せ（て迷わせ）るためであった。そして、もしアッラー*がお望みであったなら、彼らはそのようなことをしなかったのだ[2]。ならば彼らを、彼らが捏造したもの諸共、放っておけ。 <sup foot_note=>1</sup>,
927,彼ら（シルク*の徒）は自分たちの主張するところにより、かれ（アッラー*）に対し（嘘を）捏造しつつ、（こう）言った。「これらは、私たちが望む者しか食することが出来ない、禁じられた家畜と作物[1]である。また（これらは）、背中が禁じられている家畜[2]。そして（これらは）彼らが、その上にアッラー*の御名を唱えない家畜[3]」。かれはやがて、彼らが捏造していたことゆえに、彼らに応報を与えられるであろう。 <sup foot_note=>1</sup>,
928,また、彼らは言った。「これらの家畜の腹の中にあるもの[1]は、私たちの内の男性だけのものであり、私たちの妻たちには禁じられる。そしてそれが（生まれた時）死んでいた場合、彼ら（男女）はそれ（の利用）における共同者となる」。かれ（アッラー*）はやがてその言葉ゆえ、彼らに応報を与えられよう。本当にかれは、英知あふれる*お方、全知者なのだから。 <sup foot_note=>1</sup>,
929,愚かにも、知識もなく自分たちの子供を殺し、アッラー*に対する捏造ゆえに、かれが自分たちのお恵みになったものを（勝手に）禁じた者たちは、確かに損失したのである。彼らは確かに（真理から）迷い去ったのであり、導かれた者の仲間ではなかったのだ。[1] <sup foot_note=>1</sup>,
930,かれは、高くあげられた果樹園[1]と、高くあげられてはいないもの、異なる味のナツメヤシと作物、（一面では）似ているが、（別の面では）異なっている[2]オリーブとザクロを創られたお方。それが実ったらその果実から食べ、収穫日にはその義務[3]を支払うのだ。そして度を超すのではない[4]。本当にかれは、度を超す者たちをお好きにはならないのだから。 <sup foot_note=>1</sup>,
931,また（かれは）、運搬用の家畜と、小型の家畜も（お創りになった）。アッラー*があなた方にお授け下さったものから食べ、そしてシャイターン*の歩みに従ってはならない。本当に彼はあなた方にとって、紛れもない敵なのだから。,
932,八頭の雌雄を（お創りになった）。羊のつがいと、ヤギのつがい。（使徒*よ、）言うのだ。「一体、かれが両方の雄、または両方の雌、あるいは両方の雌のお腹にあるものを禁じられたというのか？[1]（あなた方の主張を裏づける）知識によって、私に告げてみよ。もし、あなた方が本当のことを言っているのならば（、だが）」。 <sup foot_note=>1</sup>,
933,また、ラクダのつがいと、牛のつがい。（使徒*よ、）言うのだ。「一体かれが両方の雄、または両方の雌、あるいは両方の雌のお腹にあるものを禁じられたと言うのか？いや、一体あなた方は、アッラー*がこのことをあなた方に命じられた時、（その場に）立ち会わせていたとでもいうのか？ならば、知識もなく人々を迷わせようとして、アッラー*に対して嘘を捏造する者ほど、ひどい不正*を働く者があろうか？本当にアッラー*は、不正*者である民をお導きにはならない」。,
934,（使徒*よ、）言ってやるがいい。「私に啓示されたものの中では、死肉、流れ出る血液[1]、豚肉ーー実にそれは穢れであるからーー、アッラー*以外の名において屠られた[2]放逸なもの[3]以外、それ（らの家畜）を食する者にとって非合法なものは、見いだせない[4]。やむを得ない状態にある者は、法を超えず度を越さない限りにおいて[5]（それを口にしても罪はない、なぜなら）本当にあなたの主*は赦し深いお方、慈愛深い*お方なのだから」。 <sup foot_note=>1</sup>,
935,われら*はユダヤ教徒*である者たちに対し、爪を有する全てのもの[1]を禁じた。また牛と羊の内でも、背中と腸が蓄えたものか、あるいは骨に密着したものを除き、その脂肪を彼らに（禁じた）。それは彼らの侵害[2]ゆえに、われら*が彼らに報いたもの。本当にわれら*こそは、真実を語る者である。 <sup foot_note=>1</sup>,
936,そして（使徒*よ、）彼らがあなたを嘘つき呼ばわりしたならば、（こう）言ってやれ。「あなた方の主*は、広大なご慈悲の主。そしてかれの猛威[1]は、罪悪者である民から遮られることはない。 <sup foot_note=>1</sup>,
937,シルク*を犯していた者たちは言うであろう。「アッラー*がお望みならば、私たちも私たちのご先祖様たちもシルク*など犯さなかったし、何も（勝手に）禁じたりはしなかったであろう[1]」。同様に彼ら以前の（不信仰）者*たちも、われら*の猛威[2]を味わうまで、（使徒*たちを）嘘つき呼ばわりし（続け）たのだ。（使徒*よ、）言ってやるがいい。「あなた方には少しでも（正しい）知識があって、それであなた方はそれを私たちに持ってこれるのか？あなた方は憶測しているに過ぎず、あなた方は決めつけているだけなのである」。 <sup foot_note=>1</sup>,
938,（使徒*よ、）言ってやるのだ。「ならばアッラー*にこそ、決定的な証拠がある。そして、もしかれがお望みならば、あなた方全員を導かれたことであろう」。,
939,（使徒*よ、）言うがよい。「アッラー*がこれ[1]を禁じ給うた、ということを証言する、あなた方の証人たちを連れて来るのだ。そしてもし彼らが証言しても、あなた[2]は彼らと共に証言してはならない。またあなたは、われら*の御徴を嘘呼ばわりする者や、来世を信じず、自分たちの主*に対して（かれ以外のものを）並べている[3]者たちの私欲に従ってはならない」。 <sup foot_note=>1</sup>,
940,（使徒*よ、）言ってやるがいい。「来なさい。私はあなた方の主*が、あなた方に禁じられたことを誦んで聞かせよう。あなた方は、（アッラー*の崇拝*において、）いかなるものもかれに並べてはならない。そして自分の両親に孝行を（せよ）。また貧困ゆえに、あなた方の子供たちを殺してはならない[1]。われら*が、あなた方と彼らを養うのだから。また醜行[2]には、その内の露なものにも、秘められたものにも、近づくな。そして権利[3]がない限り、アッラー*が（その殺害を）禁じられた者を殺してはならない。それはあなた方が分別するようにと、かれがあなた方に命じられたことなのである。 <sup foot_note=>1</sup>,
941,また、孤児の財産には、それが最善の形[1]出ない限り、彼が成熟[2]するまで近づいてはならない。そして升と秤[3]を、公正に全うするのだ。－－われら*は誰にも、その能力以上のものを負わせない[4]－－。また、あなた方が話す際には、公正を貫くのだ[5]。たとえ、それが近親の者（の利）に反することであっても。そして、アッラー*との契約[6]をこそ全うせよ。それはあなた方が教訓を得るようにと、かれがあなた方にご命じになったことなのである。 <sup foot_note=>1</sup>,
942,そしてこれこそが、まっすぐなるわが道（イスラーム*）だということを（、私は誦んで聞かせる）。ならば、それに従うのだ。そして（それ以外の）道に従って、あなた方をかれ（アッラー*）の道から分裂させてしまってはならない[1]。それはあなた方が敬虔*になるようにと、かれがあなた方に命じられたことなのである」。 <sup foot_note=>1</sup>,
943,それからわれら*は、善を尽くした者への（恩恵の）完遂、（宗教上の）全ての物事の解明、導き、慈悲として、ムーサー*に啓典（トーラー*）を下した。彼らがその主*との拝謁を信じるようにと。,
944,そしてこれ（クルアーン*）はわれら*が下した、祝福にあふれた啓典である。ならば、あなた方が慈しまれるよう、それに従い、（アッラー*を）畏れる*のだ。,
945,（クルアーン*を下したのは、）あなた方（アラブ人の不信仰者*たち）が、「啓典は私たち以前の二集団[1]にこそ下されたのであり、本当に私たちは、彼ら（の啓典）を学ぶことにまさしく無頓着な者たちだったのだ」と言わないようにするためである。 <sup foot_note=>1</sup>,
946,あるいは、「もし私たちに啓典が下っていたら、私たちは彼らよりも導かれていたのに」などと（、言わないようにするため）。あなた方の主*からの明証と導きとご慈悲は、確かにあなた方のもとにやって来たのだぞ。ならば、アッラー*の御徴を嘘呼ばわりし、それに背いた者よりもひどい不正*を働く者があろうか？われら*はやがて、われら*の御徴に背く者たちを、彼らが背いていたことゆえに、忌まわしい懲罰によって報いてやろう。,
947,一体彼らは、天使*たちが自分たちのもとに到来するか、またはあなたの主*が御出でにになるか、あるいはあなたの主*の御徴の一部が到来する[1]まで、待っているというのか？あなたの主*の御徴の一部が到来する（復活の）日*、（それ）以前に信仰してはいなかった、あるいはその信仰において善を稼ぐことのなかった者の信仰が、自らを益することはない[2]。（使徒*よ、）言ってやるのだ。「（その時を）待っているがよい。本当に私たちも、待つ者となるから」。 <sup foot_note=>1</sup>,
948,本当に、自分たちの宗教を分裂させ、分派となった者たち[1]、（使徒*よ、）あなたは彼らと全く無縁である。彼らのことは、アッラー*にこそ帰されるのだ。その後、かれは彼らがしていたことについて、彼らにお告げになる。 <sup foot_note=>1</sup>,
949,（復活の日*、）誰であろうと、一つの善行と共に（主*の御許へ）やって来た者、彼には、その十倍（の褒美）がある。そして誰であろうと、一つの悪行と共に（主*の御許へ）やって来た者、彼はそれと同等の報いしか受けない。彼らが不正*を被ることはないのだ。,
950,（使徒*よ、）言うのだ。「本当に我が主*は、私をまっすぐな道（イスラーム*）へとお導きになった。正しい教え、純正[1]なイブラーヒーム*の宗教へと。彼はシルク*の徒の類いではなかった」。 <sup foot_note=>1</sup>,
951,言え。「本当に私の礼拝も犠牲も、生も死も、全創造物の主*アッラー*のためのみ。,
952,かれには（その唯一性*において、）いかなる同位者もない。私はそれ[1]こそを命じられたのだ。そして私は（我が共同体において）、服従する者（ムスリム*）の先駆けなのである」。 <sup foot_note=>1</sup>,
953,（使徒*よ、）言ってやるがいい。「一体、私がアッラー*以外を（、崇拝*の対象である）主*として欲することなどあろうか？かれは、全てのものの主*であられるというのに。いかなる者も、自分で（その罪を）背負うことなしに、（悪行を）稼ぐことはない。また（罪の）重荷を背負う者は、他の者（が犯した罪）の重荷まで背負うことはない。それから、あなた方の主*の御許にこそ、あなた方の帰り所はあるのだ。そしてかれは、あなた方が（宗教上のことで）意見を異にしていたことについて、あなた方にお告げになる。,
954,かれは、あなた方を地上の継承者[1]とされ、かれがあなた方にお授けになったものであなた方を試みられるべく、あなた方の内のある者を別の者よりも高く位置づけられたお方[2]。本当に（使徒*よ、）あなたの主*は、即座に懲罰を下されるお方。そして、実にかれはまさしく、赦し深いお方、慈愛深い*お方である。 <sup foot_note=>1</sup>,
955,アリフ・ラーム・ミーム・サード[1]。 <sup foot_note=>1</sup>,
956,（使徒*よ、このクルアーン*は、）あなたに下された啓典。ならば、それで警告を告げ、信仰者たちへの教訓とするにあたって、あなたの胸の内にいかなる煩悶[1]があってもならない。 <sup foot_note=>1</sup>,
957,（人々よ、）あなた方の主*から、あなた方に下されたものに従うのだ。そして、かれをよそにして盟友たちに従うのではない[1]。あなた方が教訓を得ることの、少ないことよ。 <sup foot_note=>1</sup>,
958,一体われら*は、どれだけ多くの（不信仰者*の）町を滅ぼしてきたことか。そしてわれら*の猛威[1]は（夜）眠っている時でも、あるいは彼らが昼寝している間でも、彼らのもとに到来したのだ。 <sup foot_note=>1</sup>,
959,それでわれら*の猛威が彼らのもとに到来した時、彼らの言い分は、「本当に私たちは、不正*者でした」と言うだけのものだった。,
960,われら*は必ずや、（使徒*らが）遣わされた者たちに尋ねよう。また必ずや、使徒*たちにも尋ねよう[1]。 <sup foot_note=>1</sup>,
961,それから必ずや知識を持って、（彼らが現世で行ったことについて、）彼らに語り聞かせよう。そして、われらはもとより（彼らに対する）不在者であったわけではない[1]。 <sup foot_note=>1</sup>,
962,（復活の）その日*、（行いの）重みは真実である。誰でも、自分の（善行の）秤が重かった者、それらの者たちこそは成功者である[1]。 <sup foot_note=>1</sup>,
963,そして誰でも、その（善行の）秤が軽かった者、それらの者たちは、われら*の御徴に不正*を働いた[1]ゆえに、自らを損ねた者たちである。 <sup foot_note=>1</sup>,
964,（人々よ、）われら*は確かに、あなた方に地上で力を授け、そこにあなた方のための生活の糧を設えた。あなた方が感謝することの、少ないことよ。,
965,また、われら*は確かにあなた方（の父祖アーダム*）を創造し、それから形作り、それから天使*たちに（こう）言った。「アーダム*にサジダ*[1]せよ」。すると、彼らは（全員）サジダ*した。但しイブリース*は別で、彼はサジダ*する者たちの一人ではなかった。[2] <sup foot_note=>1</sup>,
966,かれ（アッラー*）は、仰せられた。「われがあなたに命じた時、あなたがサジダ*するのを妨げたものは何なのか？」彼（イブリース*）は申し上げた。「私は彼（アーダム*）よりも優れています。あなたは私を火からお創りになり、彼のことは泥土[1]からお創りになったのですから」。[2] <sup foot_note=>1</sup>,
967,かれは仰せられた。「ならば、そこ[1]から落ちてゆくがいい。あなたがそこで高慢になる筋合いは、ないのだから。そして出て行け。本当にあなたは、卑しい者の類いなのだ」。 <sup foot_note=>1</sup>,
968,彼は申し上げた。「彼らが蘇らされる日まで、私に猶予をお授けください」。,
969,かれは仰せられた。「実にあなたは、（角笛に最初に吹き込まれる日[1]まで）猶予を与えられる者の一人である」。[2] <sup foot_note=>1</sup>,
970,彼は申し上げた。「ならば、あなたが私を誤らせられたのですから、私は必ずやあなたのまっすぐな道（イスラーム*）において（誤らせるべく）、彼らに立ちはだかりましょう。,
971,それから私は必ずや、彼らの前から、後ろから、右から、左から、彼らに到来しましょう[1]。そしてあなたは彼らの大半を、感謝する者として見出さないのです」。 <sup foot_note=>1</sup>,
972,かれは仰せられた。「叱責され、追放されつつ、そこから出て行くのだ。実に彼らの内であなたに従った者があれば、われはきっと（彼らを含めた）あなた方全員で、地獄を満たすであろう」。,
973,「アーダム*よ、あなたとあなたの妻は楽園[1]に住み、どこでも望む所から食べるがよい。そして、この木[2]には近づいて（その実を食べて）はならない。そうすればあなた方二人は、不正*者の類いになってしまうから」。 <sup foot_note=>1</sup>,
974,そしてシャイターン*は、彼ら二人の隠されていた恥部（アウラ*）を彼ら自身に露わにすべく、二人を唆して言った。「あなた方の主*があなた方にこの木を禁じられたのは、あなた方が天使*になるか、あるいは永遠なる（生を得る）者の仲間とならないようにするために外ならない」。,
975,そして彼は、二人に向かって（こう）誓った。「本当に私はまさしく、あなた方二人に対する忠告者である」。,
976,こうして彼は、偽りによって二人を陥れた。そして二人が木（の実）を味わった時、その恥部（アウラ*）は彼ら自身に露わになり、彼らは楽園の葉を自分自身（の恥部）に当て始めた[1]。そして彼らの主*は二人に呼びかけられ、（こう）仰せられた。「われはあの木を、あなた方に禁じたのではなかったか？そしてあなた方に、本当にシャイターン*はあなた方にとっての紛れもない敵である、と言わなかったのか？」 <sup foot_note=>1</sup>,
977,二人は申し上げた。「我らが主*よ、私たちは自分自身に不正*を犯しました。そしてあなたが私たちをお赦しになり、ご慈悲をかけて下さらなければ、私たちは間違いなく損失者の類いとなってしまいます」。[1] <sup foot_note=>1</sup>,
978,かれは仰せられた。「あなた方は（シャイターン*と）互いに敵となって、（楽園から）落ちて行け。そしてあなた方には地上で暫しの[1]住まいと楽しみがある」。 <sup foot_note=>1</sup>,
979,かれは仰せられた。「あなた方はそこで生き、そこで死に、そしてそこから（復活の日*、蘇らされるために）出されるのだ」。,
980,アーダム*の子ら（人類）よ、われら*はあなた方に、自分たちの恥部（アウラ*）を覆う衣服と、着飾るためのものを、確かに下した[1]。そして敬虔さ*の衣こそが、より善いのである。それは彼らが教訓を得るようにとの、アッラー*の御徴[2]の一つなのだ。 <sup foot_note=>1</sup>,
981,アーダム*の子らよ、シャイターン*が（罪への誘惑によって）、あなた方を試練にかけるようなことがあっては、決してならない。彼があなた方の先祖二人を、その恥部（アウラ*）を彼ら自身に露わにすべく、その衣服を彼らから剥ぎ取り、楽園から追い出してしまったように。まさに彼とその徒党は、あなた方が彼らを見ることの出来ない所から、あなた方を見ているのだぞ。本当にわれら*はシャイターン*たちを、信仰しない者たちの盟友としたのである。,
982,また彼ら（信仰しない者たち）は、自分たちが醜行[1]を行った時には、（こう）言った。「私たちは、私たちのご先祖様が、このようにするのを見出したのだ。アッラー*が、それを私たちにご命じになったのである」。（使徒*よ、）言ってやるがいい。「本当にアッラー*は、醜行をご命じにはならない。一体あなた方はアッラー*に対して、自分たちが知りもしないことを言うのか？」 <sup foot_note=>1</sup>,
983,（使徒*よ、）言うがよい。「我が主*は、公正をご命じになった。そしてあなた方は、いかなるマスジド*でも自分たちの顔を正し[1]、かれに祈れ。かれだけに真摯に崇拝*行為を捧げつつ[2]。かれがあなた方（の創造）を始め給うたように、あなた方は（死後の復活へと）戻るのだから」。 <sup foot_note=>1</sup>,
984,（アッラー*は人々を二つの集団にお分けになった。）かれがお導きになった集団と、迷妄が確定した集団。本当に彼らは、アッラー*をよそにシャイターン*らを盟友とし、自分たちが導かれた者だと思い込んでいる。,
985,アーダム*の子らよ、いかなるマスジド*でも、自分たちの飾りを（身に）着けよ[1]。また、飲みかつ食べるのだ。そして度を越してはいけない[2]。本当にかれは、度を越す者をお好きにはならないのだから。 <sup foot_note=>1</sup>,
986,（使徒*よ、シルク*の徒に）言ってやるがいい。「かれ（アッラー*）がその僕たちのために出し給うたアッラー*の装飾品と、糧の内の善きものを禁じたのは、一体誰なのか？」言うのだ。「それらは現世の生活において、信仰する者たち（と、それ以外の者たち）のためのものであり、復活の日*には（信仰者たちの）専有物となる」。同様にわれらは、知識ある民に御徴を詳らかにするのである。,
987,（使徒*よ、）言ってやるがいい。「我が主*は、（次のことを）まさに禁じられた。醜行の内の露わなものと、秘められたもの。罪悪。不当な侵害[1]。あなた方がアッラー*に対し、かれがそこにおいて[2]、いかなる根拠も下されてはいないものを並べ（て崇め）ること。あなた方がアッラー*に対し、自分たちが知りもしないことを語ること」。 <sup foot_note=>1</sup>,
988,いかなる（不信仰な）共同体にも、（定められた）期限[1]がある。そして彼らの期限が訪れれば、（彼らはそれを）一刻たりとも遅らせたり、早めたりすることはない」。 <sup foot_note=>1</sup>,
989,アーダム*の子らよ、もしもあなた方の内から、あなた方にわが御徴（アーヤ*）を読み聞かせる使徒*たちが、あなた方のもとに到来した時、誰であれ（アッラー*を）畏れ*、（行いを）正した者、その者たちには怖れもなければ、悲しむこともない[1]。 <sup foot_note=>1</sup>,
990,そしてわれら*の御徴を嘘呼ばわりし、それに対して奢り高ぶる者たち、それらの者たちは業火の住人である。彼らはそこに、永遠に留まるのだ。,
991,ならば一体、アッラー*に対して嘘を捏造したり、その御徴を嘘呼ばわりしたりする者よりも、ひどい不正*を働く者があろうか？それらの者たちには（現世で）、書[1]（に記されてあるもの）からの、自分たちの分け前[2]が訪れよう。やがて、われら*の使いたち[3]が彼ら（不正*者たちの魂）を召すべく、彼らのもとを訪れると、彼ら（使いたち）は（、こう）言う。「あなた方が、アッラー*を差しおいて祈っていたものはどこか？」彼らは言う。「（それらは）私たちのもとから、喪失してしまいました」。彼らは、自分たちが不信仰者*だったことを、自らに対して証言することになるのである。 <sup foot_note=>1</sup>,
992,かれ（アッラー*）は仰せられる。「あなた方以前に滅びたジン*と人間からなる（、不信仰だった）共同体と共に、業火の中に入れ」。ある共同体が（地獄に）入って来るたび、それはその（先代である）仲間を呪う[1]。やがて彼らがそこに勢揃いすると、彼らの内の後代の者たちは、その先代に関して（アッラー*に訴えつつ、こう）言う。「我らが主*よ、これらの者たちが私たちを（真理から）迷わせたのです。ゆえに彼らには、業火による倍の懲罰をお与え下さい」。かれは仰せられる。「（あなた方と彼ら）全員に、倍のものがある。しかしあなた方は、分かっていないのだ[2]」。 <sup foot_note=>1</sup>,
993,そして、彼らの内の先代はその後代の者たちに、（こう）言う。「ならば、あなた方が（懲罰において、）私たちよりもましというわけではない」。（アッラー*は、彼ら全員に仰せられる。）「では、あなた方が稼いでいたもの（罪）ゆえに、懲罰を味わうがよい」。[1] <sup foot_note=>1</sup>,
994,本当にわれら*の御徴[1]を嘘呼ばわりし、それに対して奢り高ぶる者たち、彼らには天の門が開き放たれることはない[2]。そして彼らは、ラクダが針の穴を通るまで、天国に入ることはないのだ。同様にわれら*は、罪悪者たちに報いるのである。 <sup foot_note=>1</sup>,
995,彼らには地獄の寝床があり、その頭上からは（炎の）覆いがある。そのようにわれら*は、不正*者たちに報いるのだ。,
996,信仰し、正しい行い*を行う者たちーーわれら*は人に、その能力以上のものを負わせないーー、それらの者たちは天国の民となる。彼らはそこに永遠に留まるのだ。,
997,また、われら*は彼らの胸中にある、憎しみの念を一掃する[1]。彼らの下からは河川が流れており、彼らは（こう）言うのだ。「私たちをここへと導いて下さったアッラー*に、称賛*あれ。私たちは導かれるべくもなかったのだ、もしアッラー*が私たちをお導き下さらなかったならば。我らが主*の使徒*たちは真理と共に、確かに到来したのである」。そして、彼らには呼びかけられる。「その天国は、あなた方が行っていたことゆえ、あなた方に引き継がされた[2]のだ」。 <sup foot_note=>1</sup>,
998,天国の民は、地獄の民に（こう）呼びかける。「私たちは確かに、我らが主*が私たちに約束されたものが真実だと見出した。それであなた方は、あなた方の主*があなた方に約束されたものが真実だと見出したのか？」彼ら（地獄の民）は言う。「えぇ（、見出しましたとも）」。そして呼びかける。「不正*者たちにアッラー*の呪い[1]あれ」。 <sup foot_note=>1</sup>,
999,（彼らは、自分たちと人々を）アッラー*の道から阻み、それ（その道）を捻じ曲げようとする者たち。そして彼らは、来世を否定する者たちなのである。,
1000,（天国の民と地獄の民の）両者の間には、障壁[1]がある。そして高壁の上には、（両者）いずれのことも、その目印によって知る者たちがいる[2]。彼らは天国の民に、（こう）呼びかける。「あなた方に平安を[3]」。彼ら（高壁の民）は、（自分たちも天国に入ることを）所望しつつも、（まだ）そこに入れずにいる。 <sup foot_note=>1</sup>,
1001,また、彼ら（高壁の民）の目が地獄の民の方に向けられると、彼らは（こう）言う。「我らが主*よ、私たちを不正*者である民と一緒にはしないで下さい！」,
1002,また高壁の民は、その目印によって知る者たち[1]に呼びかけ、（こう）言う。「あなた方が（現世で）集めていたものも、あなた方が思い上がっていたこと[2]も、（この日、）自分自身の役に立たなかったではないか？ <sup foot_note=>1</sup>,
1003,一体これらの者たち[1]は、あなた方が『アッラー*が彼らを、そのご慈悲に与らせること[2]などではない』と、誓っていた者たちではないのか？」（アッラー*は仰せられる。）「（高壁の民よ、）天国に入るがよい。あなた方には怖れもなければ、悲しむこともない[3]」。 <sup foot_note=>1</sup>,
1004,地獄の民は、天国の民に呼びかける。「私たちの上に、水をいくらか注いでくれ！あるいは、アッラー*があなた方に授けて下さった糧の内から（、何かを）！」彼ら（天国の民）は言う。「実にアッラー*は不信仰者*たちに、それらを禁じられたのだ。,
1005,（彼らは、）自分たちの宗教を戯れごとや遊興とし、現世の生活に欺かれた者たち」。今日われら*は彼らが自分たちの（復活の）この日の拝謁を忘れ、われら*の御徴を否定していたように、彼らのことを忘れてやろう[1]。 <sup foot_note=>1</sup>,
1006,われら*は彼ら（不信仰者）に、われら*が知識と共に明らかにした、信仰する民への導き、慈悲である啓典（クルアーン*）を、確かにもたらしたのだ。,
1007,一体彼らは、その結末[1]を待っているだけなのか？その結末がやって来る（復活の）日*、以前それを忘れていた者たち[2]は、（こう）言うのだ。「我らが主*の使徒*たちは、真理と共に確かに到来しました。では、私たちに誰か（アッラー*の御許での）執り成し手がおり、それで彼らは私たちに執り成してくれるでしょうか？[3]あるいは私たちは（現世に）戻されて、私たちが行っていたものとは違う（善い）行いをする（ことは、出来ます）でしょうか？[4]」彼らは確かに、自分自身を損ねたのである。そして彼らがでっち上げていたもの[5]は、彼らの前から消え失せてしまった。 <sup foot_note=>1</sup>,
1008,本当にあなた方の主*は、諸天の大地を六日間で創造され[1]、それから御座に上がられた[2]アッラー*である。かれは夜を昼に覆わせられ（、昼を夜にお入れにな）る[3]。それは（互いに）相手をせわしなく求める⁴。また（かれは）太陽も月も星々も、そのご命令によって（かれがお望みの者に）奉仕させられるもの（として、お創りになった）。かれにこそ、（全ての）創造とご命令は属するのではないか？全創造物の主*アッラー*は、祝福にあふれたお方よ。 <sup foot_note=>1</sup>,
1009,（信仰者よ、）あなた方の主*におそれ畏まりつつ、密かに祈るのだ。本当にかれは、度を超す者たちをお好きではないのだから。[1] <sup foot_note=>1</sup>,
1010,また地上で、（使徒*が遣わされて）そこが正された後、腐敗*働いてはならない。そして（アッラー*の懲罰を）怖れ、（その褒美を）望みつつ、かれに祈るのだ。本当にアッラー*のご慈悲は、善を尽くす者[1]たちの間近にあるのだから。 <sup foot_note=>1</sup>,
1011,かれはそのご慈悲（雨）の前触れに、吉報を告げる風を送られるお方。やがてそれは（雨を湛えた）重厚な雲を運び、われら*はそれを死んだ大地[1]へと導く。そして、われら*はそれで（雨）水を降らせ、それによってあらゆる果実を生まれ出させる。同様にわれら*は、あなた方が教訓を得るようにと、死者を（蘇らせて墓から）引き出すのである。 <sup foot_note=>1</sup>,
1012,善い土地は、その主*のお許しにより、その（善い）植物が生える。そして悪性のもの（、そこから）は粗悪なものしか生えない[1]。同様にわれらは感謝する民に対し、御徴を多彩に示すのだ。 <sup foot_note=>1</sup>,
1013,われら*は確かに、ヌーフ*をその民に遣わした[1]。彼は言った。「我が民よ、アッラー*（のみ）を崇拝*するのだ。あなた方にはかれの外に、崇拝*すべきものなどない。本当に私は、あなた方に対し、偉大な（復活の）日の懲罰（が襲いかかるの）を怖れているのだ」。 <sup foot_note=>1</sup>,
1014,彼の民の内の、有力者たちは言った。「（ヌーフ*よ、）本当に私たちはまさに、あなたが紛れもない迷いの中にあると思う」。,
1015,彼（ヌーフ*）は言った。「我が民よ、私は迷ってなどいない。だが私は、全創造物の主*からの使徒*なのだ。,
1016,私は我が主*のお言伝をあなた方に伝え、あなた方に忠言する。そして私はアッラー*によって、あなた方が知らないことを知っているのだ。,
1017,一体あなた方は、自分たちの主*からの教訓が、自分たちの内の一人の男に到来したことを、驚いているのか？（それは）彼があなた方に警告し、あなた方が畏れ*、そしてあなた方が慈しまれるように、とのためなのだ」。,
1018,そして彼らは彼（ヌーフ*）を嘘つき呼ばわりし、われら*は彼と、彼と共にあった者たちを船で救い、われら*の御徴を嘘呼ばわりし、した者たちを溺れさせた。本当に彼らは、盲目[1]の民だったのだから。 <sup foot_note=>1</sup>,
1019,またアード*には、その同胞フード*を（遣わした）[1]。彼は言った。「我が民よ、アッラー*（のみ）を崇拝*するのだ。あなた方にはかれの外に、崇拝*すべきものなどない。一体、あなた方は（アッラー*を）畏れ*ないのか？」 <sup foot_note=>1</sup>,
1020,彼の民の内の、不信仰だった有力者たちは言った。「（フード*よ、）本当に私たちは、まさにあなたが愚かさの中にあると思う。そして本当に私たちは、あなたがまさしく嘘つきの類いだと思うのだ」。,
1021,彼（フード）は言った。「我が民よ、私は愚か者ではない。だが私は、全創造物の主*からの使徒*なのだ。,
1022,私は我が主*のお言伝をあなた方に伝える。私は、あなた方への誠実なる忠告者なのだ。,
1023,一体あなた方は、あなた方の主*からの教訓が、あなた方に（アッラー*の懲罰を）警告すべく、自分たちの内の一人の男に到来したことを驚いているのか？かれ（アッラー*）があなた方をヌーフ*の民の後の継承者とされ、あなた方の肉体に強大さを上乗せされたことを、思い起こすがよい。ならば、あなた方が成功するよう、アッラー*の恩徳を思い出すのだ」。,
1024,彼らは言った。「（フード*よ、）あなたは、私たちにアッラー*だけを崇拝*させ、私たちのご先祖様が崇めていたものを捨て去らせるためにやって来たのか？ならば、あなたが私たちに約束するもの[1]を、私たちにもたらしてみよ。もしあなたが、正直者の類いであるというならば（、だが）」。 <sup foot_note=>1</sup>,
1025,彼（フード*）は言った。「あなた方の主*からの穢れ[1]とお怒りは、あなた方に対して既に下っている。一体あなた方は、自分たちと自分たちの先祖が名付けた名前[2]において、私と議論すると言うのか？アッラー*はそれら（の崇拝*）に、いかなる（正当な）根拠も下されなかったのだ。ならば、あなた方は（自分たちに懲罰が下るのを）待つがよい。実に私も、あなた方と共に（それを）待つ者の一人となるから」。 <sup foot_note=>1</sup>,
1026,こうしてわれら*は、われら*の御許からの慈悲により、彼と彼と共にあった者たちを救い、われら*の御徴を嘘とし、信仰者ではなかった者たちを一人残さず根こそぎにした。,
1027,またサムード*には、その同胞サーリフ*を（遣わした）[1]。彼は言った。「我が民よ、アッラー*（のみ）を崇拝*するのだ。あなた方にはかれの外に、崇拝*すべきものなどない。あなた方の主*からの明証[2]は、確かにあなた方のもとにやって来たのだ。これはあなた方への御徴としての、アッラー*の雌ラクダ[3]である。ゆえにそれを放っておき、アッラー*の地で食べるがままにさせよ。そして、それに害を及ぼすことで、自分たちに痛烈な懲罰を襲いかからせてはならない。[4] <sup foot_note=>1</sup>,
1028,また、かれ（アッラー*）があなた方をアード*の後の継承者とされ、あなた方をその地に住まわせたことを思い起こすのだ。あなた方はその平地を城郭とし、山をくりぬいて住居としている。ならば、アッラー*の恩徳を思い出すのだ。腐敗*を働く者となって、地上で退廃を広めてはならない」。,
1029,彼の民の内の高慢だった有力者たちは、抑圧された者たちである。彼らの内の信仰した者に言った。「一体あなた方は、サーリフ*がその主*から遣わされた者だと（実際に）知っているのか？」彼ら（信仰者たち）は言った。「私たちこそは、彼が携えて遣わされたものへの、信仰者なのです」。,
1030,高慢だった者たちは言った。「私たちこそは、あなた方が信じたものに対する否定者である」。,
1031,こうして彼らは雌ラクダの腱を切り[1]、自分たちの主*のご命令に反抗して[2]、（こう）言った。「サーリフ*よ、あなたが私たちに約束するもの（懲罰）を、もたらしてみよ。もしあなたが、使徒*の一人であるならば（、だが）」。 <sup foot_note=>1</sup>,
1032,こうして彼らを激震が捕らえ[1]、彼らは朝、その地で突っ伏して（死んで）いた。 <sup foot_note=>1</sup>,
1033,そして彼（サーリフ*）は彼らのもとを去り、（こう）言った[1]。「我が民よ、私は確かにあなた方に我が主*のお言伝を伝え、あなた方に忠告したぞ。しかしあなた方は、忠告者たちを好まないのだ」。 <sup foot_note=>1</sup>,
1034,また、ルート*がその民に（こう）言った時のこと（を思い出すのだ）[1]。「一体あなた方は、全創造物のいかなる者もあなた方以前には行わなかった醜行[2]に、手を染めるというのか？ <sup foot_note=>1</sup>,
1035,本当にあなた方は女性を差しおいて、欲望ゆえに男性に赴こうとしている[1]。いや、あなた方は度を越した民である」。 <sup foot_note=>1</sup>,
1036,彼の民の答えは、（このように）言うことだけであった。「彼らをあなた方の町[1]から追放するのだ。本当に彼らは、潔癖ぶった人々なのだから」。 <sup foot_note=>1</sup>,
1037,こうしてわれら*は彼と、彼の妻を除くその家族を救った。彼女は残っ（て滅ぼされ）た者たちの一人となった。,
1038,そしてわれら*は、彼らの上に（石の）雨を降り注いだ。罪悪者たちの結末が、いかなるものだったかを見るがよい。,
1039,またマドゥヤン*には、その同胞シュアイブ*を（遣わした）[1]。彼は言った。「我が民よ、アッラー*（のみ）を崇拝*するのだ。あなた方にはかれの外に、崇拝*すべきものなどない。あなた方の主*からの明証[2]は、確かにあなた方のもとにやって来たのだ。ならば升と秤[3]を全うし、人々に対し、彼らのもの（権利）を損ねてはならない。また地上で、（使徒*が遣わされて）そこが正された後、腐敗*を働いてはならない。それが、あなた方にとってより善いのである。もし、あなた方が信仰者であるというならば（、だが）。 <sup foot_note=>1</sup>,
1040,また（人々を）威嚇し、アッラー*を信仰した者をかれの道から阻み、それを捻じ曲げようとして、道々に立ちはだかったりしてはならない。そしてあなた方が（以前）無勢だったのを、かれが増やして下さった時のことを思い出すのだ。そして腐敗を働く者たちの結末がいかなるものだったかを、見るがよい。,
1041,もしあなた方の内の一派が、私が携えて遣わされたものを信じ、別の一派が信じなかったとしても、アッラー*が私たちの間にご裁決[1]を下されるまで忍耐*するのだ。かれは裁き手の内でも、最善のお方なのだから」。 <sup foot_note=>1</sup>,
1042,彼の民の内、（信仰に対して）高慢だった有力者たちは言った。「シュアイブ*よ、私たちは必ずやあなたと、あなたと共に信仰した者たちを、私たちの町から追放しよう。さもなくば、あなた方は絶対に私たちの宗教に戻るのだ」。彼（シュアイブ*）は言った。「たとえ私たちが、（そのような宗教を）毛嫌いしていたとしてもか？,
1043,アッラー*が私たちをそこからお救い下さった後、あなた方の宗教に戻ったりしたら、私たちはアッラー*に対してまさに嘘を捏造したことになってしまう。そして我らが主*アッラー*が（そう）お望みにならない限り、私たちがそこに戻ることはあり得ない。我らが主*は（その）知識で、全てのものを網羅されているのだから。私たちは、アッラー*のみに全てを委ね*た、我らが主よ、私たちと我らが民の間を真理によってご裁決下さい。あなたは裁決者の中でも、最善のお方であられます」。,
1044,彼の民の内、不信仰であった有力者たちは言った。「もしもシュアイブ*に従ったら、そうすれば実にあなた方は、まさしく損失者となろう」。,
1045,そして彼らを激震が捕らえ[1]、彼らは朝、その地で突っ伏して（死んで）いた。 <sup foot_note=>1</sup>,
1046,シュアイブ*を嘘つき呼ばわりした者たちは、あたかもそこに暮らしてはいなかったかのようであった[1]。シュアイブ*を嘘つき呼ばわりした者たちこそが、損失者だったのである。 <sup foot_note=>1</sup>,
1047,そして彼（シュアイブ*）は彼らのもとを去り、（こう）言った。「我が民よ、私は確かにあなた方に我が主*のお言伝を伝え、あなた方に忠告したぞ。ならば、どうして不信仰な民のことで、私が心痛ませることがあろうか？」,
1048,われら*が預言者を町に遣わす時[1]には決まって、その住民を困窮や災難で捕えたものだった。（それは）彼らが、おそれ畏まるようにするためだったのだ。 <sup foot_note=>1</sup>,
1049,それからわれら*は、逆境を順境にとって換えた。やがて彼らが（身体的にも経済的にも）潤い、「私たちのご先祖様たちにも確かに、災難と順境が訪れたものなのだ[1]」などと言い出したところで、われら*は彼らが気付かぬ内に突然、彼らを懲罰で捕えたのだ。 <sup foot_note=>1</sup>,
1050,そして、もし町々の住民が信仰し畏れ*たなら、われら*は彼らに天と地からの祝福[1]を解き放っただろう。しかし彼らは、（われら*の使徒*らを）嘘つき呼ばわりした。ゆえにわれら*は、彼らが稼いでいたもの[2]ゆえ、彼らを（罰で）捕らえたのだ。 <sup foot_note=>1</sup>,
1051,一体、（不信仰な）町々の住民は、彼らが（夜）眠っている間に、われら*の猛威[1]が彼らにやってこないと安心していたのか？ <sup foot_note=>1</sup>,
1052,また一体、（不信仰な）町々の住民は、彼らが朝ふざけている時に、われら*の猛威が彼らにやってこないと安心していたのか？,
1053,一体、彼らはアッラー*の策謀[1]から安全だとでもいうのか？（彼らは間違えている、）というのもアッラー*の策謀から安全だと思い込むのは、損失者である民に外ならないのだから。 <sup foot_note=>1</sup>,
1054,（過去の）その住民の（滅亡）後、その地を引き継ぐ者たちには、まだ明らかになっていないのか？もしわれら*が望めば（彼らの先人たちと同様）、その罪ゆえに彼らを（罰によって）掌握したのだということが？われら*はその心を閉じ、それで彼らは聞こえなくなってしまったのだ[1]。 <sup foot_note=>1</sup>,
1055,それらの町々、われら*はそれらの消息の内から、（使徒*よ、）あなたに語って聞かせる。彼らの使徒*たちは明証[1]を携えて、彼らのもとに確かに到来したが、彼らは以前に（真理を）嘘呼ばわりしていたことゆえ、（使徒*たちのもたらしたものを）信じるべくもなかった[2]。同様に、アッラー*は不信仰者*たちの心を閉じてしまう[3]のである。 <sup foot_note=>1</sup>,
1056,またわれら*は、彼らの大半に契約[1]（の遵守）を見出さなかった。そして実にわれらは、彼らの大半がまさしく放逸な者たちであることを見出したのである。 <sup foot_note=>1</sup>,
1057,それからわれら*は彼らの後、ムーサー*をわれら*の御徴と共に、フィルアウン*とその（配下の）有力者たちに遣わした。そして彼らは、それらに対して不正*を働いた[1]。ならば腐敗*を働く者たちの結末がいかなるものだったかを、見てみるがよい。 <sup foot_note=>1</sup>,
1058,ムーサー*は言った。「フィルアウン*よ、私はまさに全創造物の主*からの使徒*です。,
1059,私はアッラー*に対し、真実以外は喋らないことが相応しいのです。私はあなた方に対して確かに、あなた方の主*からの明証を携えて来ました。ならばイスラーイールの子ら*を、私と共に自由にして下さい[1]」。 <sup foot_note=>1</sup>,
1060,彼（フィルアウン*）は言った。「もしあなたが御徴を携えて来たというのなら、それを披露してみよ。もし、あなたが本当のことを言っているというのならば（、だが）」。,
1061,それで彼（ムーサー*）は、自分の杖を投げた。すると、どうであろう、それは紛れもない一匹の大蛇となった。,
1062,また、彼が自分の手を（懐に入れてから）出すと、どうだろう、それは観衆（の前）に白くなって現れた。,
1063,フィルアウン*の民の内の有力者たちは、言った。「本当にこれは、まさに習熟した魔術師です。,
1064,彼はあなた方を、あなた方の土地から追い出そうとの魂胆なのです」。（フィルアウン*は、有力者たちに言った。）「あなた方は、私に何を命じるのか？」,
1065,彼ら（有力者たち）は、言った。「彼とその兄（ハールーン*）[1]のことは後回しにされて、（ムーサー*に対抗するための魔術師たちを）召集する者たち（兵隊）を、町々にお遣わし下さい。 <sup foot_note=>1</sup>,
1066,（そうすれば、）彼らはあなたのもとに、あらゆる習熟した魔術師を参上させることでしょう」。[1] <sup foot_note=>1</sup>,
1067,そして、魔術師たちはフィルアウン*のもとに到着した。彼らは言った。「本当に私たちには、まさしくご褒美があります（でしょうか）。もし、私たちが（ムーサー*に）勝利したならば」。,
1068,彼（フィルアウン*）は言った。「あぁ。そして本当にあなた方は、きっと（我が）側近の仲間となろう」。,
1069,彼ら（魔術師たち）は、言った。「ムーサー*よ、あなたが（先に杖を）投げるか、それとも私たちが（杖を）投げる者となるか？」,
1070,彼（ムーサー*）は、言った。「あなた方が投げるがよい」。それで彼らが（縄や杖を）投げた時、彼らは人々の目に魔術をかけ[1]、彼らを戦慄させた。そして彼らは大変な魔術を披露したのだ。 <sup foot_note=>1</sup>,
1071,われら*は、ムーサー*に啓示した。「あなたの杖を投げよ」。そして（彼がそうすると）、どうであろう、それは彼らがまやかすものを呑み込んでしまう。,
1072,こうして真実は明らかになり、彼らの行っていたことは無駄になった。,
1073,そして彼ら（フィルアウン*とその仲間たち）はそこで敗北を喫し、惨めに引き下がり、,
1074,魔術師たちは、サジダ*しつつ崩れ落ちた[1]。 <sup foot_note=>1</sup>,
1075,彼ら（魔術師たち）は、言った。「私たちは全創造物の主*を信じました。,
1076,ムーサー*とハールーン*の主を」。,
1077,フィルアウン*は（魔術師たちに）、言った。「私があなた方に許可を出す前に、あなた方は信じた（のか）。本当にこれはまさしく、あなた方が町で、その住民をそこから追放すべく企んだ策謀である。ならば、あなた方はきっと（自分たちが受ける罰を、）知ることになろう。,
1078,私は必ずやあなた方の手足を交互に切り落とし、それから全員磔にしてやる」。,
1079,彼ら（魔術師たち）は言った。「実に私たちは、我らが主*の御許へと戻り行く身なのです。,
1080,そしてあなたが私たちを咎めるのは、我らが主の御徴が到来した時、私たちがそれを信じたがゆえに外なりません。我らが主よ、私たちに（多くの）忍耐*をお注ぎ下さい。そして私たちを服従する者（ムスリム*）として、お召し下さい[1]」。 <sup foot_note=>1</sup>,
1081,フィルアウン*の民の内の有力者たちは、（フィルアウン*に）言った。「一体あなたは、ムーサー*とその民が（エジプトの）地で腐敗*を働き[1]、あなたとあなたの神々[2]（の崇拝*）を放棄するままにされるのですか？」彼（フィルアウン*）は言った。「私たちは彼らの男児は殺しまくり、女児は生かしておこう。本当に私たちは、彼らの上に君臨する者なのである」。[3] <sup foot_note=>1</sup>,
1082,ムーサー*はその民に言った。「アッラー*にご助力を乞い、忍耐*せよ。本当に大地は、アッラー*のものなのだから。かれはそれをその僕たちの内、かれがお望みの者に引き継がされるのである。そして（よき）結末は、敬虔*な者たちにあるのだ」。,
1083,彼ら（イスラーイールの子ら*）は、（ムーサー*に）言った。「私たちは、あなたが私たちのところに来る前も、あなたが私たちのところに来てからも、迫害されたのだ[1]」。彼（ムーサー*）は言った。「あなた方の主*は恐らく、あなた方の敵を滅ぼし、あなた方を（エジプトの）地における継承者[2]とされ、あなた方がいかに行うかをご覧になるであろう[3]」。 <sup foot_note=>1</sup>,
1084,われら*はフィルアウン*の一族を、彼らが教訓を得るべく、旱魃と果実の不作（という試練）によって確かに捉えた。[1] <sup foot_note=>1</sup>,
1085,そして彼らは、自分たちに順境が訪れた時には、「私たちにこそ、これは（当然の権利として）属するのである」と言い、もし災難が彼らを襲えば、ムーサー*と彼と共にある者を、不吉がった[1]。本当に彼らの不吉のもとは、アッラー*の御許にある[2]のではないか。しかし彼らの大半は、分からないのだ。 <sup foot_note=>1</sup>,
1086,彼らは言った。「私たちをそれで魔術にかけ（、フィルアウン*の宗教から背け）ようとして、どんな御徴を披露したとしても、私たちはあなたのことを信じたりはしないぞ」。,
1087,それでわれら*は彼らに洪水、イナゴ、虱、蛙、血を、断続的な御徴として送った[1]。すると彼らは（信仰に対して）奢り高ぶり、罪深い民であり続けたのだ。 <sup foot_note=>1</sup>,
1088,そして彼らに（罰の）制裁が下された時、彼らは言った。「ムーサー*よ、私たちのため、あなたの主*に、かれがあなたに約束されたもの[1]で祈ってくれ。もしも、あなたが私たちからこの（罰の）制裁を取り除けてくれたなら、私たちは必ずやあなたのことを信じ、必ずやあなたと共にイスラーイールの子ら*を行かせてやろう」。 <sup foot_note=>1</sup>,
1089,それで、彼らが行き着くことになっている（次の罰の到来）時期まで、われら*が彼らから（罰の）制裁を取り除けてやると、どうであろう、彼らは（約束を）破るのだ。,
1090,それで、われら*は（定められた彼らの破滅の時期が来た時、）彼らに報復し、彼らを海原に溺れさせた[1]。というのも、彼らはわれら*の御徴[2]を嘘呼ばわりし、それに対して無頓着な者たちだったからである。 <sup foot_note=>1</sup>,
1091,われら*は抑圧されていた民（イスラーイールの子ら*）に、われら*が祝福したその土地[1]の東方と西方を引き継がせた。イスラーイールの子ら*に対するあなたの主*のよき御言葉[2]が、彼らが忍耐*したことゆえに完遂されたのだ。そして、われら*はフィルアウン*とその民が作り上げていたものと、築き上げていたもの[3]を破壊したのである。 <sup foot_note=>1</sup>,
1092,われら*はイスラーイールの子ら*に海を渡らせた。そして彼らは、自分たちの偶像に奉仕し続ける民のところに出くわした。彼ら（イスラーイールの子ら*）は言った。「ムーサー*よ、彼らに神々[1]があるように、私たちにも神（の偶像）を一つ、こしらえてくれ」。彼（ムーサー*）は言った。「本当にあなた方は、無知な民である。 <sup foot_note=>1</sup>,
1093,実にこれらの者たちは、（シルク*という）その状況が滅ぼされる（ことになる）のであり、その行っていたことは無に帰す（ことになる）のだから」。,
1094,彼（ムーサー*）は言った。「一体私が、あなた方に対し、アッラー*以外のものを神として欲するとでもいうのか？かれはあなた方を、全創造物の上にお引き立てになった[1]というのに」。 <sup foot_note=>1</sup>,
1095,（イスラーイールの子ら*よ、）われら*があなた方を、フィルアウン*の一族から救い出した時のこと（を思い起こすがよい）。彼らはあなた方に過酷な懲罰を味わわせ、あなた方の男児は殺しまくり、女児は生かしておいた。そこには、あなた方の主*からの偉大な試練があったのだ。,
1096,われら*は、ムーサー*と三十夜を約束した。そしてわれら*は、それを（更なる）十夜で完遂し、彼の主*の定められた期間は四十夜[1]として完了した。ムーサー*はその兄ハールーン*に、（こう）言った。「（私の不在中、）我が民の中で私の代理を務めてくれ。そして（彼らの状態を）正すのであり、腐敗*を働く者たちの道に従ってはならない」。 <sup foot_note=>1</sup>,
1097,そしてムーサー*がわれらの定めた時にやって来て、かれの主が彼に語り給うた[1]時、彼（ムーサー*）は申し上げた。「わが主よ、私に（お姿を）お見せ下さい。あなたを拝見しますから[2]」。かれは仰せられた。「あなたが、われをみることは出来ない。だが、その山を見るのだ。そして、もしそれがその場にしっかりと留まっているのなら、あなたはわれを見るであろう[3]」。それで、彼の主が山にお姿をお見せになると、かれはそれを粉々にされ、ムーサー*は気絶して倒れた。そして意識を取り戻すと、彼は申し上げた。「あなたに称え*あれ！私は、あなたに悔悟しました。そして私は、（我が民の内の）信仰者の先駆けです」。 <sup foot_note=>1</sup>,
1098,かれは仰せられた。「ムーサー*よ、本当にわれは、わが言伝とわが言葉[1]で、あなたを人々の上に選りすぐった。ならば、われがあなたに授けたもの[2]を手にし（て、それを遵守し）、感謝する者の一人となるのだ」。 <sup foot_note=>1</sup>,
1099,われら*は彼（ムーサー*）のため、（宗教において必要な）全ての物事を、つまり訓戒と、全てのものの詳細[1]を、碑板の中に記した。ならばそれを真摯に受け取り[2]、あなたの民に命じて、その最善のものを行わせよ[3]。じきにわれは、あなた方に放逸な者たちの住まいを見せてやるから[4]。 <sup foot_note=>1</sup>,
1100,われら*は、不当にも地上で（われら*への服従に対し、そして人々に対し）奢り高ぶる者たちを、わが御徴[1]（の理解）から遠のけてしまおう。そして彼らは、いかなる御徴を目にしても、それを信じることがない。また正しさの道を目にしても、それを道として選ぶこともない。そして誤りの道を目にすれば、それを道として選んでしまう。それというのも、彼らがわれら*の御徴を嘘とし、それに無頓着な者たちだったからなのである。 <sup foot_note=>1</sup>,
1101,われら*の御徴と来世における拝謁を嘘呼ばわりする者は、その行いが台無しになってしまったのである。一体彼らが（来世で）報いを受けるのは、自分たちが（現世で）行っていたこと（によるもの）以外の、何ものでもないのではないか？,
1102,ムーサー*の民は彼の（アッラー*との約束のための出発）後、彼らの宝飾品から、実体があり、鳴き声を有する仔牛を作り出した[1]。一体彼らは、それが彼らに語りかけもしなければ、彼らを（よき）道に導きもしないことを知らなかったのか？彼らはそれを、（崇拝*の対象として）選んだのであり、彼らは不正*者だったのである。 <sup foot_note=>1</sup>,
1103,そして（仔牛の崇拝を）後悔し[1]、自分たちが確かに迷い去っていたのを知ると、彼らは言った[2]。「もしも我らが主*が私たちにご慈悲をかけて下さらず、私たちをお赦しにならなければ、私たちは本当に損失者の類いとなってしまいます」。 <sup foot_note=>1</sup>,
1104,ムーサー*は怒り、悲しみつつ、その民のもとに戻って来た時[1]、（こう）言った。「私の（出発）後に、あなた方が務めた我が代役の何と醜悪なことか。一体あなた方は、自分たちの主*の定めを急いだのか[2]？」彼は碑板を投げ[3]、彼の兄（ハールーン*）の頭をつかんで自分の方に引き寄せた。彼（ハールーン*）は言った。「我が母の息子[4]よ、本当に民は私を軽んじ、私を今にも殺さんばかりだったのだ。だから、私（に対してあなたがすること）ゆえに、敵を喜ばせたりしてはいけない。そして私を、不正*者である民と一緒にはしないでくれ」。 <sup foot_note=>1</sup>,
1105,彼（ムーサー*）は申し上げた。「我が主*よ、私と我が兄をお赦し下さい。そして私たちを、あなたのご慈悲の中にお入れ下さい。あなたは慈悲深い者の中でも、最も慈悲深いお方です」。[1] <sup foot_note=>1</sup>,
1106,本当に仔牛を（崇拝*の対象として）選んだ者たち、彼らには、彼らの主*からのお怒りと、現世の生活における辱めが降りかかろう。同様にわれら*は、（宗教における）捏造者たちに報いるのである。,
1107,そして悪行を犯し、それからその（悪行の）後に悔悟して信仰する者たち、本当にあなたの主*はその（悔悟の）後、（彼らに対して）まさしく赦し深いお方、慈愛深い*お方であられる。,
1108,ムーサー*の怒りが沈まると、彼は碑板を（再び）手に取った。その写しには自分たちの主*こそ恐れる者たちへの導きと、ご慈悲がある。,
1109,そしてムーサー*はわれら*との約束の時[1]のため、彼の民から七十人の（秀でた）男たちを選んだ。そして彼らを激震が捕らえた[2]時、彼（ムーサー*）は申し上げた。「我が主*よ、もしあなたがお望みならば、あなたは彼らと私を（これ）以前に、（皆）滅亡させられたはずです[3]。一体あなたは、私たちの内の愚か者たちがしたことゆえに、私たちを滅ぼされるのですか？　これは、あなたがそれによってあなたがお望みの者を迷わされ、あなたがお望みの者をお導きになる、あなたの試練に外なりません。あなたは私たちの庇護者*です。ですから私たちをお赦しになり、私たちにご慈悲をおかけ下さい。あなたは赦す者の内でも、最善のお方です。 <sup foot_note=>1</sup>,
1110,また、私たちにこの現世において、善きものをお定め下さい。そして来世においても[1]。本当に私たちは、あなたに悔悟したのですから」。かれ（アッラー*）は仰せられた。「わが懲罰、われはそれで、われが望む者を襲うのだ。そしてわが慈悲は、あらゆるものに広く及んでいる。われは（われを）畏れ*、浄財*[2]を払う者たち、われら*の御徴を信じるその者たちに、それ（慈悲）を定めよう。 <sup foot_note=>1</sup>,
1111,（その者たちとは、）彼ら（啓典の民*）が、自分たちのもとにあるトーラー*と福音*の中に記されているのを見出すところの、使徒*、文盲の預言者*[1]に従う者たち。彼は、彼らに善事を命じて悪事を禁じ[2]、善きものを合法として悪いものを非合法とする[3]。また彼は、彼らの上にのしかかっていた重課と枷を、彼らから取り除いてくれる[4]。彼を信仰し、敬い、援助して、彼と共に下された光[5]に従う者たち、それらの者たちこそは、成功者なのである」。 <sup foot_note=>1</sup>,
1112,（使徒*よ、）言ってやるがいい。「人々よ、本当に私はあなた方全員への、アッラー*の使徒*である[1]。（アッラー*は、）かれにこそ諸天と大地の王権が属するお方。かれの外に、崇拝*すべきものなどはない。生を与え、死を与えられる（お方）。ならばアッラー*と、アッラー*とその御言葉を信じるその使徒*。文盲の預言者*を信じ、彼に従うのだ。あなた方が導かれるようにするために」。 <sup foot_note=>1</sup>,
1113,そしてムーサー*の民の中にも、真理に（則り、それに）よって導き、それで正義を行う一派がある。,
1114,また、われら*は彼ら（イスラーイールの子ら*）を、十二支族の集団に分けた。そしてムーサー*に対し、その民が彼に水を乞うた時、われら*は「あなたの杖で、その石を叩くがよい」と啓示した。するとそこから十二の泉が湧き出た。（十二支族の）全ての人々は、確かに自分たちの水場を知った。また、われら*は雲々で彼らの上に日陰を作り、彼らのためにマンヌとウズラ[1]を下し（て、言っ）た。「われら*があなた方に授けた、よきものを食べよ[2]」。彼らがわれら*に不正*を働いたのではない。しかし彼らが、自分自身に不正*を働いたのである。 <sup foot_note=>1</sup>,
1115,彼らに、（こう）言われた時のこと（を思い起すがよい）。「この町[1]に住み、そこでどこからでも食べるがよい。そして『（私たちが望むのは、罪の）免除です』と言って、身を低めつつ謹んで門に入るのだ。（そうすれば）われら*は、あなた方の過ちを赦してやる。われら*は善を尽くす者[2]たちには、更に（褒美を）上乗せしてやろう」。 <sup foot_note=>1</sup>,
1116,すると彼らの内の不正*を働く者たちは、御言葉を自分たちに言われたのではないものと変えてしまった。そこでわれら*は、彼らが不正*を働いていたゆえに、彼らの上に天から（罰という）制裁を送ったのだ。[1] <sup foot_note=>1</sup>,
1117,また（使徒*よ、）、海に面していた町（の人々）について、彼ら（ユダヤ教徒*）に尋ねてみよ。彼らが、土曜（の安息）日に破った時[1]。彼らの土曜（の安息）日には、彼らの魚群が彼らのもとに大挙して水面までやって来たが、彼らが安息しない日には、それらが彼らのもとにやって来なかった時ののこと。そのようにわれらは彼らを、彼らが放逸であったことゆえに試みたのである。 <sup foot_note=>1</sup>,
1118,また、彼らの一派が（こう）言った時のこと（を思い起こさせよ）。「なぜあなた方は、アッラー*が（現世で）破滅させるか、あるいは（来世において）厳しい罰で罰されようとする民を戒めるのか？」彼らは言った。「あなた方の主*に対する弁解ゆえ（、そうするのだ）。彼らが（アッラー*を）畏れる*ようにするためである」。[1] <sup foot_note=>1</sup>,
1119,それで彼らが戒められた物事を忘れてしまった時、われら*は悪を禁じる者たちを救い出し、不正*を働いた者たちを、彼らが放逸であったことゆえに惨憺たる懲罰で捕えた。,
1120,そして彼らが禁じられたことに反抗した時、われら*は彼らに言った。「惨めな猿になってしまえ[1]」。 <sup foot_note=>1</sup>,
1121,また（使徒*よ、）あなたの主*が彼ら（ユダヤ教徒*）に対し、彼らに過酷な懲罰を味わわせる者を、復活の日*まで必ずや送（り続け）るということ[1]をお知らせになった時のこと（を、思い起こさせよ）。本当にあなたの主*はまさしく、即座に懲罰を下されるお方[2]であり、本当にかれは（悔悟する者に対して、）実に赦し深いお方、慈愛深い*お方なのだ。 <sup foot_note=>1</sup>,
1122,またわれら*は地上において、彼ら（イスラーイールの子ら*）を数々の集団に分けた。彼らの内には正しい者*たち[1]もいれば、そうでない者たちもいる。そしてわれら*は彼らが（われら*に悔悟して）立ち返るべく、彼らを善きことと悪いこと[2]によって試練にかけたのである。 <sup foot_note=>1</sup>,
1123,そして彼らの後に、啓典を引き継いだ愚かな後継者が到来した。彼らは現世のつまらぬ利益を（禁じられた手段で）手にし、（こう）言う。「私たちは赦されるであろう」。また、もしそれと同様の（禁じられた種類の）つまらぬ利益が彼らのもとにやって来れば、彼らはそれを（反省せずに）手にするのだ。一体彼らは、アッラー*に対して真実しか語らない、との啓典の確約[1]を取られたのではなかったか？そして彼らは、その内容を学んだ（上で、それに反した）のである。（アッラー*を）畏れる*者にとっては、来世の住まいがより善いのだ。一体あなた方は、弁えないのか？ <sup foot_note=>1</sup>,
1124,啓典を固守し（それに則って行い）、礼拝を遵守*した者たち、本当にわれら*は改善者たちの褒美を、無駄にはしない。,
1125,また、われら*が山を彼ら（イスラーイールの子ら*）の上方に、まるで覆いかぶさる雲のように掲げ、彼らがそれが自分たちの上に落下してくるものと確信した時のこと（を思い起こさせよ）[1]。（その時、われら*は言った。）「われら*があなた方に授けたものを、真摯に受け取る[2]がよい。そして（われら*を）畏れる*べく、その内容を心に刻み込むのだ」。 <sup foot_note=>1</sup>,
1126,そして（使徒*よ、）あなたの主*が、アーダム*の子らの後背部から彼らの子孫を取り出し、彼ら自身に対して（こう）証言させた時のこと（を思い起こさせよ。われらは言った）。「一体われは、あなた方の主*ではないのか？」彼らは言った。「その通りです。私たちは証言しました」。（それは、）あなた方が復活の日*に「本当に私たちは、これに対して無頓着な者だったのです」などと言わないようにするためである。[1] <sup foot_note=>1</sup>,
1127,あるいは、あなた方が「私たちのご先祖様こそが以前に（確約を破って）シルク*を犯したのであり、私たちは彼ら（に従っていただけ）の後の子孫なのです。なのに、あなたは（シルク*によって自らの行いを）無駄にする者たちがしたことゆえに、私たちを滅ぼされるのですか？」などと言わないようにするためである。,
1128,そのようにわれら*は、御徴を詳らかにするのだ。（それは、不信仰者*たちがそれを熟慮し、）彼らが（われら*に悔悟して、）立ち返るようにするためである。,
1129,（使徒*よ、）われら*がわれら*の御徴を授けたものの、それを放棄し、シャイターン*に従わせられ、それで（不信仰へと）逸脱した者の類いとなった者の消息[1]を、彼ら（あなたの民）に語って聞かせるがいい。 <sup foot_note=>1</sup>,
1130,そして、もしわれら*が望んだのであれば、われら*はそれ（御徴）で彼（の位）を上げてやっただろう。だが彼は（現世という）地にしがみつき、自分の欲望に従ったのだ。それで彼の様子は、犬の様子のようである。あなたがそれを追い立てても舌を出して喘いでいるし、放ったらかしにしても舌を出して喘いでいる[1]。それは、われら*の御徴を嘘呼ばわりした民の様子のこと。ならば彼らが熟考するように、その物語を語って聞かせるのだ。 <sup foot_note=>1</sup>,
1131,われら*の御徴を嘘呼ばわりした民の様子の、何と忌まわしいことか。彼らは自分自身に、不正*を働いていたのである。,
1132,誰であろうとアッラー*がお導きになった者、それが導かれた者なのだ。そして誰であろうと、かれが迷わせ給うた者、それらの者たちこそは損失者なのである。,
1133,われら*は確かに、多くのジン*と人間を地獄のために創った。彼らには理解することのない心があり、見ることのない眼があり、聞くことのない耳がある[1]。それらの者たちは家畜のよう。いや、彼らは（それら）よりひどく迷っている。それらの者たちこそは、（信仰に）無頓着な者たちなのだ。 <sup foot_note=>1</sup>,
1134,アッラー*にこそ、美名は属する[1]。ならば、それによってかれに祈願するのだ。そして、かれの美名において（真理から）逸脱する者[2]たちは、放っておくがいい。彼らはいずれ、自分たちが行っていた（悪）事の応報を受けることになるのだから。 <sup foot_note=>1</sup>,
1135,われら*はが創ったものの内には真理によって導き、それによって正義を行う共同体がる。,
1136,また、われら*の御徴を嘘呼ばわりした者たち、われら*は彼らを、彼らが知らない所から徐々に（破滅へと）導いて行こう。[1] <sup foot_note=>1</sup>,
1137,そしてわれら*は彼らに、猶予を与えておくのだ。本当にわが策略[1]は、手堅いのだから。 <sup foot_note=>1</sup>,
1138,一体、彼らは熟考しなかったのか？彼らの仲間（ムハンマド*）には、憑き物など憑いてはいない[1]。彼は明白なる警告者に外ならないのだ。 <sup foot_note=>1</sup>,
1139,また、一体彼らは、諸天と大地の絶対なる王権と、（そこに）アッラー*がお創りになったものを見ないのか？そして彼らの（死の）期限が、確かに迫ってしまったかもしれないことを？ならば、それ（クルアーン*の警告）を差しおいて、彼らは一体いかなる話を信じるというのか？,
1140,誰であろうとアッラー*が迷わせ給うた者、彼にはいかなる導き手もない。かれは、彼らが彷徨うまま、そのひどい放埓さの中に彼らを放ったらかしにされる。,
1141,（使徒*よ、）彼ら（マッカ*の不信仰者*）は復活の日*について、その到来がいつなのか、あなたに尋ねる。言ってやるがいい。「その知識は、我が主*の御許にこそある。その（到来する）時期にそれを露わにされるのは、かれのみなのだ。それは諸天と大地（の住人たち）に重い[1]。それは突然にしか、あなた方のもとにやって来ることがないのだ」。彼らはまるで、あなたがそれ（を知ること）に躍起な者[2]であるかのように、あなたに尋ねる。言ってやれ。「その知識は、アッラー*の御許にこそある。しかし人々の大半は、（そのことが）分からないのだ」。 <sup foot_note=>1</sup>,
1142,（使徒*よ、）言うがよい。「私は自分自身に対し、アッラー*がお望みになったものの外、益（する力）も害（する力）も有してはいない。そして、もし私が不可視の世界*を知っていたら、善いことを増や（すことばかり）しただろうし、私に悪が降りかかることもなかっただろう[1]。私は、信仰する民に警告を告げる者、吉報を伝える者[2]に過ぎないのである」。 <sup foot_note=>1</sup>,
1143,かれ（アッラー*）はあなた方を一人の者（アーダム*）からお創りになり、彼がそこへと安らぐべく、彼自身からその妻（ハウワーゥ*）を創造されたお方。彼が彼女[1]に覆いかぶさった時[2]、彼女は軽い荷[3]を宿し、それを身ごもり続けた。そして（お腹が）重くなった時、二人は彼らの主*アッラー*に（こう）祈ったのだ。「もしも、あなたが私たちに正しい者[4]をお授け下さったならば、私たちは必ずや感謝する者となりましょう」。 <sup foot_note=>1</sup>,
1144,そして、かれが二人に正しい者を授けられた時、彼らはかれが自分たちに授けて下さったものにおいて、かれに（かれの崇拝*における）同位者たちを設けた[1]。かれは、彼らが（アッラー*の崇拝*において）シルク*を犯しているものから（無縁で）、遥か高遠なお方であられる。 <sup foot_note=>1</sup>,
1145,一体彼らは、それら（自身）が創られるものであって、何一つ創造することもないようなものを、（崇拝*においてアッラー*と）並べるというのか？,
1146,それからは彼らへの援助も出来ないどころか、自分自身すら救えないというのに。,
1147,そして（シルクの徒よ、）もしあなた方がそれら（アッラー*の崇拝において同位者としているもの）を導きへと招いたところで、それらがあなた方に従うことはない。あなた方がそれらを招こうが、沈黙していようが、あなた方にとっては同じことなのである。,
1148,本当に、あなた方がアッラー*を差しおいて祈っているものは、あなた方同様（アッラー*）の僕たちなのだ。ならば、それらを呼び、あなた方に応えさせてみるがいい。もし、あなた方が本当のことを言っているのならば。,
1149,一体それらには、歩く足があるというのか？いや、一体それらには、制する手があるというのか？いや、一体それらには、見る（ことの出来る）眼があるというのか？いや、一体それらには、聞く（ことの出来る）耳があるのか？（使徒*よ、）言ってやるのだ。「あなた方（がアッラー*）の同位者（としているもの）たちに、祈るがいい。それから私に対して（災いが降りかかるよう）、策謀してみよ。私には、猶予を与えてくれなくてもいい。,
1150,本当に私の庇護者*は、啓典（クルアーン*）を下されたアッラー*なのだから。かれは、正しい者*たちを庇護して下さる。,
1151,そして（シルク*の徒よ、）、あなた方がかれを差しおいて祈っている者たちは、あなた方を援助できず、自分自身すら救えない。,
1152,また、もしあなた方がそれらを導きへと招こうとも、それらは聞きはしない。そして（使徒*よ、）あなたは、それらが自分の方を見ていると思うだけ。それらは、見てなどいないのだが。,
1153,（預言者*よ、）あなた[1]は雅量を身につけ、善事[2]を命じ、無知な者たち（との争い）から遠ざかれ。 <sup foot_note=>1</sup>,
1154,そして、もしシャイターン*からの一突きがあなたを突くようなことがあれば[1]、アッラー*にご加護を乞うのだ。かれこそはよくお聴きになられるお方、全知者であられるのだから。 <sup foot_note=>1</sup>,
1155,本当に（アッラー*を）畏れる*者たちとは、シャイターン*の内の徘徊者が自分たちに触れた時、（アッラー*への服従と悔悟の義務を）思い出すのである。するとどうであろう、彼らは開眼した者となるのだ[1]。 <sup foot_note=>1</sup>,
1156,そして、彼ら（ジン*のシャイターン*）の同胞（である、人間のシャイターン*）。彼ら（ジン*のシャイターン*）は、逸脱において彼ら「人間のシャイターン*）を助長するのであり、抜かりがない[1]。 <sup foot_note=>1</sup>,
1157,また（使徒*よ）、あなたが彼ら（シルク*の徒）に御徴を持って来なければ、彼らは言う。「どうして、それを選ばないのか？[1]」言ってやるのだ。「私は、我が主*から啓示されるものに従っているだけ。これ（クルアーン*）はあなた方の主*からの開眼[2]、導き、信仰する民へのご慈悲なのだ」。 <sup foot_note=>1</sup>,
1158,クルアーン*が読まれたら、あなた方が慈しまれるよう、それに耳を傾け、傾聴せよ。,
1159,また（使徒*よ、）朝に夕に自分の内で[1]、謹んで怖れながら、声を上げ（過ぎ）ることなく、あなたの主*を念じるのだ。そして、（アッラー*の唱念に）無頓着な者の類いであってはならない。 <sup foot_note=>1</sup>,
1160,本当にあなたの主*の御許に侍る者たち[1]は、かれを崇拝*することにおいて奢り高ぶることなく、かれを称え*、かれのみにサジダ*するのだ。 <sup foot_note=>1</sup>,
1161,（預言者*よ、）彼らは戦利品*について、あなたに尋ねる[1]。言うのだ。「戦利品*はアッラー*と使徒*のもの[2]。ならばアッラー*を畏れ*、あなた方の間の状態を正し、アッラー*とその使徒*に従うのだ。もし、あなた方が信仰者であるというならば」。 <sup foot_note=>1</sup>,
1162,（真の）信仰者たちとは外でもなく、アッラー*（のこと）が言及されればその心が慄き[1]、その御徴（アーヤ*）が彼らに読誦されれば、それが彼らに（更なる）信仰心を上乗せする者たち。そして彼らの主*にのみ、全てを委ねる*者たちのことである。 <sup foot_note=>1</sup>,
1163,（彼らは）礼拝を遵守し*、われら*が彼らに授けたものから（施しのために）費やす[1]者たち。 <sup foot_note=>1</sup>,
1164,それらの者たちこそ、真の信仰者である。彼らにこそ、その主*の御許での（高い）位とお赦し、貴い糧[1]があるのだ。 <sup foot_note=>1</sup>,
1165,（預言者*よ、戦利品*の件は、）あなたの主*が、あなたを真理と共に、あなたの家（マディーナ*）から出発させられたのと同様であった。実に信仰者たちの一派は、（出征を）まさしく嫌がる者たちだったのだが。[1] <sup foot_note=>1</sup>,
1166,彼らは真理[1]において、それが明らかになった後、あなたと議論する。彼らはまるで（死を）眼前にしながら、死へと連れて行かれる者たちのようである。 <sup foot_note=>1</sup>,
1167,（議論する者たちよ）、アッラー*があなた方に、二派[1]のいずれか（に対する勝利）をお約束になった時のこと（を思い出すがよい）。あなた方は武装している者たちではない方（隊商）が、自分たちのものとなることを望んでいた。そしてアッラー*はその御言葉[2]によって真理を確立させ、不信仰者*たちを一人残さず根こそぎにされることをお望みなのである。[3] <sup foot_note=>1</sup>,
1168,真理を確立させ、虚妄[1]を無に帰させるため（、アッラー*はそのようにされる）。たとえ罪悪者たちが、（それを）嫌がったとしても。 <sup foot_note=>1</sup>,
1169,あなた方が（敵への勝利に関して）自分たちの主*のご助力を求め、かれがあなた方に（こう仰せられつつ、）応えられた時のこと（を思い出すのだ）。「実にわれは、次々とやって来る千の天使*によって、あなた方を増強する者である」。,
1170,そしてアッラー*がそうされたのは、（あなた方の勝利への）吉報とし、それによってあなた方の心が安らぎを得るために外ならなかった。勝利は、アッラー*の御許からのみ。本当にアッラー*は偉力ならびない*お方、英知あふれる*お方なのだから。,
1171,かれがその御許から平安として、あなた方をまどろみで包まれ、天からあなた方の上に（雨）水をお降らしになった時のこと（を思い出すがよい）[1]。それはあなた方（の外面の汚れ）をそれで清め、あなた方（の内面）からシャイターン*の汚れ[2]を取り除き、あなた方の心を（忍耐*で）繋ぎとめ[3]、それによってあなた方の足元を確固とするためであった[4]。 <sup foot_note=>1</sup>,
1172,（預言者*よ、）あなたの主*が天使*たちに、（こう）お伝えになった時のこと（を思い起こさせるのだ）。「われはあなた方と共にある。ならば信仰する者たちを、堅固にするのだーーわれは、不信仰に陥った者*たちの心に恐怖を投げ込もうーー。そして（信仰者たちよ、）彼らの首を打ち、彼らの指の節々すべてを断ち切ってやる[1]がよい」。 <sup foot_note=>1</sup>,
1173,それというのも、彼らがアッラー*とその使徒*に反していたからなのである。そして誰であろうと、アッラー*とその使徒*に反する者（、アッラー*はその者を罰される）、というのも、実にかれは厳しい懲罰を与えられるお方なのだから。,
1174,それ（が、懲罰）である。ならば、それを（現世で）味わうがよい。そして不信仰者*たちにこそは（来世において）、業火の罰があるのだ。,
1175,信仰する者たちよ、進軍中に不信仰に陥った者*たちと出逢ったならば、彼らに背を見せるのではない。,
1176,そして、その日彼らに背を向ける者は誰でも、戦闘（における策謀）のために（いったん戦線から）脱けたり、あるいは（味方の別の）一団に編入したりするためでない限り、確かにアッラー*からのお怒りと共に戻った[1]ことになるのである。そしてその住処は、地獄である。その行き先は、何と醜悪であろうか。 <sup foot_note=>1</sup>,
1177,ならば（信仰者たちよ）、あなた方が（自分たちの力で）彼らを殺したのではなく、アッラー*が彼らを殺されたのである。また（使徒*よ、）あなたが投げた時、（実は）あなたが投げたのではなく、アッラー*が投げ給うたのだ[1]。そして（アッラー*がそうされたのは、）かれがそれによって、信仰者たちをよき試練におかけになるためであった。本当にアッラー*はよくお聞きになるお方、全知者であられるのだから。 <sup foot_note=>1</sup>,
1178,それ（は、アッラー*によるもの）である。そしてアッラー*こそは、不信仰者*たちの策略を脆いものとされるお方なのだ。,
1179,（不信仰者*たちよ、）もし、あなた方が裁決を求める[1]のなら、裁決は確かにあなた方のもとに到来した。また、もしあなた方が（不信仰と、ムスリム*との戦いを）やめるのなら、それがあなた方にとってより善いのである。そして（ムスリムとの戦いに）戻るというなら、われら*も（あなた方に再び敗北をもたらすべく）戻って来よう。また、あなた方の集団など、あなた方にとって何の役にも立たないのである。たとえ、それが多勢であろうと（、同じこと）。本当にアッラー*は（そのご援助によって）、信仰者と共にあられるのだ。 <sup foot_note=>1</sup>,
1180,信仰する者たちよ、アッラー*とその使徒*に従え。そして（クルアーン*を）聞いているのに、彼（使徒*）に背いてはならない[1]。 <sup foot_note=>1</sup>,
1181,また、聞いてなどいないのに、「私たちは聞きました」と言う者たち[1]のようになってはならない。 <sup foot_note=>1</sup>,
1182,本当にアッラー*の御許で、地上を歩く生き物のうちでも最悪のものとは、弁えることのない聾と唖[1]たちのことなのである。 <sup foot_note=>1</sup>,
1183,もしアッラー*が彼らの内に善いこと[1]があるのをご存知だったなら、彼らにお聞かせになった[2]であろう。そして、たとえお聞かせになったとしても、彼らは身を翻して背を向けるのがおちなのだ。 <sup foot_note=>1</sup>,
1184,信仰する者たちよ、アッラー*と使徒*に応えよ、彼（使徒*）があなた方を生かす物事[1]へと呼びかけた時には[2]。そしてアッラー*が人とその心の間を遮られることを、また、あなた方がかれの御許にこそ召集されるということを知れ。 <sup foot_note=>1</sup>,
1185,そして（信仰者たちよ、）決して、あなた方の内の不正*者たちだけに降りかかるわけではない試練から、身を守るのだ[1]。そして、アッラー*が厳しく懲罰されるお方であることを知れ。 <sup foot_note=>1</sup>,
1186,また、あなた方が地上（マッカ*）において無勢で、抑圧された者たちであり、人々があなた方のことを攫ってしまうことを怖れていた時のことを思い出すがよい。それから、かれ（アッラー*）はあなた方が感謝するようにと、あなた方を（マディーナ*に）住まわせ、そのご援助によって、（バドルの戦い*で）あなた方を支えられ、あなた方に善きものの内からお恵みになったのだ。,
1187,信仰する者たちよ、アッラー*と使徒*を裏切ってはならない[1]。そして（それを守る義務を）知りつつ、あなた方の信託[2]を裏切ってもならない。 <sup foot_note=>1</sup>,
1188,そして（信仰者たちよ）、知るのだ。あなた方の財産と、あなた方の子供は試練[1]であり、アッラー*の御許にこそ偉大な褒美があるということを。 <sup foot_note=>1</sup>,
1189,信仰する者たちよ、もしあなた方がアッラー*を畏れる*ならば、かれはあなた方に（真理と虚妄との）識別[1]をお授けになり、あなた方のためにその悪行を帳消しにされ、あなた方をお赦し下さる。アッラー*は、偉大な恩寵の主であられる。 <sup foot_note=>1</sup>,
1190,そして（使徒*よ、）不信仰に陥った者*たちがあなたを拘束したり、殺害したり、（故郷から）追放したりするために策謀していた時のこと（を思い起こさせよ）。彼らは策謀し、アッラー*も策謀し給う[1]。アッラー*は、策謀する者の内でも最善のお方であられるのだ。 <sup foot_note=>1</sup>,
1191,われら*の御徴（アーヤ*）が彼らに読誦されれば、彼らは（無知と頑迷さから、こう）言った。「（これは以前にも、）確かに聞いたことがあるぞ。もしその気になれば、私たちはこれと同じようなものを語ったであろう。これは、昔の人々のお伽話に外ならないのだ」[1]。 <sup foot_note=>1</sup>,
1192,彼らが、（こう）言った時のこと（を思い起させるがよい）。「アッラー*よ、もしこれが本当にあなたの御許からの真実であるなら、天から私たちの上に石をお降らしになるか、あるいは私たちに痛ましい懲罰をお与え下さい」。[1] <sup foot_note=>1</sup>,
1193,そして（使徒*よ、）アッラー*はあなたが彼らの中にいる限り、彼らを罰されない。またアッラー*は、彼らが（罪の）お赦しを乞う限りは、彼らを罰されたりするお方ではないのだ。,
1194,どうしてアッラー*が、彼らを罰されないだろうか？彼らは（信仰者たちを）ハラーム・マスジド*から阻んでおり、その後見人でもないというのに？その後見人とは、敬虔な*者たち以外にはないのである[1]。だが彼らの大半は、（それを）知らない。 <sup foot_note=>1</sup>,
1195,聖殿（ハラーム・マスジド*）における彼らの礼拝は、口笛と手拍子以外の何ものでもなかった[1]。ならば、あなた方が不信仰を犯していたことゆえ、懲罰を味わうがよい。 <sup foot_note=>1</sup>,
1196,本当に不信仰に陥った者*たちは、アッラー*の道を阻むべく、彼らの財産を費やす。彼らはそれを費やすであろう。やがてそれは彼らにとっての悲痛となり、それから彼らは打ち負かされるのだ。そして不信仰だった者*たちは、地獄へと召集させられるのである。[1] <sup foot_note=>1</sup>,
1197,（それは）アッラー*が善いものから悪いものを分別され[1]、悪いものを互いに積み上げてそれをまとめて重ねられ、そしてそれを地獄へと放り込まれるためなのだ。そのような者たちこそ、損失者なのである。 <sup foot_note=>1</sup>,
1198,（使徒*よ、）不信仰に陥った者*たちに、（こう）言ってやれ。もし彼らが（不信仰と、信仰者たちの戦いを）やめるならば、既に過ぎ去ったこと（の罪）は彼らに赦されよう。そして、もし彼らが（バドルの戦い*の後、再びムスリム*たちとの戦いに）戻って来るならば（、われら*は彼らに報復しよう）、確かに昔の人々（に対するアッラー*）の摂理[1]は先んじたのだから。 <sup foot_note=>1</sup>,
1199,また、試練[1]がなくなり、宗教が全てアッラー*のものとなるまで[2]、彼らと戦うのだ。そしてもし彼らが止めるのであれば（、アッラー*は彼らに報われよう）、本当にアッラー*は彼らの行うことをよくご覧になるお方なのだから[3]。 <sup foot_note=>1</sup>,
1200,そして、もし彼らが（あなた方信仰者の呼びかけに）背を向けたのであれば、アッラー*があなた方の庇護者*であることを知るのだ。（アッラー*という）その庇護者*は何と素晴らしいことか、そして（アッラー*という）その援助者は何と素晴らしいことか。,
1201,また、あなた方が戦利品*として得たいかなるものも、その五分の一[1]はアッラー*と使徒*[2]、その近親[3]、孤児、貧者*、旅路（で苦境）にある者に属することを知るのだ。もし、あなた方がアッラー*と、識別の日[4]、両陣営が会した日に、われら*がわれら*の僕（ムハンマド*）に下したもの[5]を信じるのであれば（、そうせよ）。アッラー*は、全てのことがお出来になるお方である。 <sup foot_note=>1</sup>,
1202,あなた方が谷の（マディーナ*から見て）最寄り側に、そして彼らが谷の最も遠い側にあり、隊商があなた方よりも下方[1]に位置していた時のこと（を思い出すのだ）。たとえあなた方が（前もって、両軍が会した時のような時と場所を）約束し合っていたとしても、あなた方はその約束を違えてしまったであろう。しかし（アッラー*が、あなた方を約束もなしに一堂に会させたのは、）アッラー*が、実現されることになっていたことをご決行されるため。（それは）滅びる者が明証によって滅び、生きる者が明証によって生きるため[2]であった。本当にアッラー*こそは、よくお聞きになるお方、全知者であられる。 <sup foot_note=>1</sup>,
1203,（預言者*よ、）アッラー*があなたの夢の中で、彼ら（の数）をあなたに、少なくお見せになった時のこと（を思い起させるがよい）。そして、もしかれがあなたに彼らが多数であるのを見せになっていたら、あなた方は尻込み、その件[1]について争い合ったことであろう。だがアッラー*は、（そのようなことから）無事に済ませられた。本当にかれは胸中にあるものを、ご存知になるお方なのだから。 <sup foot_note=>1</sup>,
1204,また、あなた方が会した時に、かれがあなた方の目には彼らを少なくお見せになり、彼らの目にもあなた方を少なくお見せになった時のこと[1]（を思い出すのだ）。（それは）アッラー*が、実現されることになっていたことをご決行されるためだった。アッラー*にこそ、全ての物事は戻り行く。 <sup foot_note=>1</sup>,
1205,信仰する者たちよ、（戦いにやって来た不信仰者*の）集団と会したら、堅固であれ。そしてあなた方が成功するように、アッラー*を沢山唱念するのだ。,
1206,また、アッラー*とその使徒*に従え。そして争い合って、それゆえに尻込みし、（力と勝利への）勢いを失ってはならない。忍耐*するのだ。本当にアッラー*は（そのご援助によって）、忍耐*する者たちと共にあるのだから。,
1207,また、得意然として人々に見せびらかし、（自分たちと人々を）アッラー*の道から阻むべく、自分たちの家を出た者たちのようになるのではない[1]。アッラー*は、彼らの行うことを包囲されている。 <sup foot_note=>1</sup>,
1208,シャイターン*が、彼らの行いを彼らに煌びやかにして見せ、（こう）言った時のこと（を思い起させるがよい）。「この日、人々の内で、あなた方を打ち負かす者はいない。そして本当に私は、あなた方の援助者である[1]」。それで両軍が会すると、彼（シャイターン*）は踵を返して後ずさりし、（こう）言ったのだ。「本当に私は、あなた方とは無関係だ。実に私は、あなた方の見えないものを目にしている。本当に私は、アッラー*を怖れているのだ。アッラー*は厳しく懲罰されるお方である」。 <sup foot_note=>1</sup>,
1209,偽信者*たちと、心に病がある者たち[1]が（こう）言った時のこと（を思い起させよ）。「その宗教（イスラーム*）が、これらの者たち（ムスリム*）を欺いたのだ！」誰であろうとアッラー*に全てを委ねる*者（、アッラー*はその者を見捨てられたりはしない）、本当にアッラー*は威力ならびない*お方、英知あふれる*お方なのだから。 <sup foot_note=>1</sup>,
1210,天使*たちがその顔や背中を殴りつけつつ、不信仰だった者*たち（の魂）を取り上げる時のこと[1]を、あなたが見るのならば！（彼らは、こう言う。）「（焼き尽くす）炎の懲罰を味わうのだ」。 <sup foot_note=>1</sup>,
1211,それは、あなた方自身が行ったことゆえ（の報い）である。またアッラー*が（公正に裁かれるお方であり）僕たちに対する不正*者などではないことゆえなのだ。,
1212,（彼らの結末は）フィルアウン*の一族と、それ以前の（不信仰）者*たちの習いと同様である。彼らはアッラー*の御徴を否定し、それでアッラー*はその罪ゆえに彼らを罰された。本当にアッラー*は、強力なお方、厳しく懲罰されるお方。,
1213,それというのもアッラーは、ある民に授けられた恩恵を、彼らが自分たちの状況を（敢えて悪い方へ）変えない限り、変更されることがないお方だからである[1]。またアッラーが、よくお聞きになるお方、全知者であられるからなのだ。 <sup foot_note=>1</sup>,
1214,（彼らの結末は）フィルアウン*の一族と、（使徒*たちを嘘つき呼ばわりした）彼ら以前の者たちの習いと、同様である。彼らはその主*の御徴を嘘呼ばわりし、それでわれら*はその罪ゆえに彼らを滅ぼした。またわれらは、フィルアウン*の一族を溺れさせたのである。そして（彼らは）皆、不正*者であった。,
1215,本当にアッラー*の御許で、地上を歩く生き物の内でも最悪のものとは、不信仰に陥った者*たちのことである。彼らは信じないのだから。,
1216,（使徒*よ、彼らは）あなたが彼らと協定を結んだ後に、（アッラー*を）畏れる*ことなく[1]、毎回、自分たちの協定を破る者たち[2]。 <sup foot_note=>1</sup>,
1217,それで、もしあなたが戦争で彼らを捕らえたならば、彼ら（を罰すること）によって、その背後にいる者たちを散り散りにしてしまうがよい。（それは）彼らが、教訓を得るようにするためである。,
1218,また（使徒*よ）、もしあなたがある民による裏切り行為を怖れる[1]というのなら、彼らに向けて（協定を）、等しく[2]投げ捨ててやれ。本当にアッラー*は、裏切り者たちをお好みにはならないのだから。 <sup foot_note=>1</sup>,
1219,不信仰に陥った者*たちは、自分たちが（アッラー*の懲罰を）やり過ごしたなどと、断じて考えるのではない。本当に彼らは、（アッラー*を）やり過ごすことが出来る者ではないのだから。,
1220,また（ムスリム*たちよ、）あなた方は彼らに対し、力と、馬をつなぎとめておくことによって、出来る限りの準備[1]をしておくのだ。あなた方はそれによってアッラー*の敵とあなた方の敵、そしてあなた方が（まだ）しらずともアッラー*はご存知であられる、彼ら以外の別の者たち[2]を脅かす。アッラー*の道において何か費やせば、あなた方は不正*を蒙ることなく、ふんだんに報われよう。 <sup foot_note=>1</sup>,
1221,また、もし彼らが講和に傾くのなら、（預言者*よ、）あなたもそこへと傾くがよい[1]。そしてアッラー*に全てを委ねる*のだ。本当にかれこそはよくお聞きになるお方、全知者なのだから。 <sup foot_note=>1</sup>,
1222,そして、もし彼ら（講和を結ぶ者たち）があなたを欺こうとしても、本当にアッラー*だけであなたには十分なのである。かれは、そのご援助と信仰者たちによって、あなたを支えられたお方なのだから。,
1223,また、かれ（アッラー*）は、彼らの心を結び付けて下さった[1]。たとえあなたが地上にある全てのものを費やしたとしても、あなたが彼らの心を結びつけることは叶わなかった。しかしアッラー*が、彼らを団結させられたのである。本当にかれは、偉力ならびない*お方、英知あふれる*お方。 <sup foot_note=>1</sup>,
1224,預言者*よ、あなたには、アッラー*だけで十分なのである。そして信仰者たちの内で、あなたに従った者にとっても。,
1225,預言者*よ、信仰者たちを戦いへと駆り立てよ。もし、あなた方の内からの忍耐*強い者が二十人いれば、彼らは（敵）二百人を打ち負かすであろう。また、もしあなた方の内からの（忍耐*強い）者百人がいれば、彼らは不信仰に陥った者*たち千人を打ち負かすであろう。それというのも、彼らは理解することのない民[1]だからである。 <sup foot_note=>1</sup>,
1226,（信仰者たちよ、）今、アッラー*はあなた方に軽減された。そしてかれは、あなた方の内に弱さをお認めになったのである。もし、あなた方の内からの忍耐*強い者百人がいれば、彼らは二百人（の不信仰者*）を打ち負かすであろう。また、もしあなた方の内からの千人がいれば、アッラー*のお許しにより、二千人を打ち負かすであろう。アッラー*は（そのご援助と共に）、忍耐*強い者たちと共におられる。,
1227,地上で徹底的に痛めつける[1]まで、いかなる預言者にも、捕虜を取ることは許されなかった。あなた方は現世のつまらぬ利益[2]を望み、アッラー*は来世をお望みになる。アッラー*は偉力ならびない*お方、英知あふれる*お方。 <sup foot_note=>1</sup>,
1228,もし、（戦利品*と捕虜の身代金が合法化されるということを）先んじ（て記し）た、あなたの主*からの書[1]がなければ、あなた方には自分たちが手にしたものゆえ、この上ない懲罰が降りかかったことであろう。[2] <sup foot_note=>1</sup>,
1229,ならば、あなた方が戦利品*としたものから、合法で善きものを享受するがよい。そしてアッラー*を畏れ*よ。本当にアッラー*は赦し深いお方、慈愛深い*お方なのだから。,
1230,預言者*よ、捕虜の内、あなた方の手許にある者に、（こう）言ってやるがいい。「もしアッラー*が、あなた方の心の内に善きものがあることをご存知ならば、かれは、あなた方から奪われたものよりも善きものをあなた方にお授けになり[1]、あなた方をお赦しになろう」。アッラー*は赦し深いお方、慈愛深い*お方。 <sup foot_note=>1</sup>,
1231,そして（使徒*よ、）もし彼ら（解放した捕虜たち）があなたへの裏切りを望んでいるとしても（、それがあなたを害することはない）、以前[1]にも彼らはアッラー*を裏切り、そしてかれは（あなたに）彼らを掌握させられたのだから。アッラー*は偉力ならびない*お方、英知あふれる*お方。 <sup foot_note=>1</sup>,
1232,本当に信仰し、移住*し、自分たちの財産と生命によってアッラー*の道に奮闘した者たち（ムハージルーン*）と、（彼らを）住まわせ、援助した者たち（アンサール*）、それらの者たちは、お互いに盟友[1]である。そして信仰しても移住*しなかった者たちは、彼らが移住*するまで、あなた方に彼らとの盟友関係などは一切ない。また、もし彼らが宗教においてあなた方に援助を求めて来たら、あなた方は彼らを援助しなければならない。但し、あなた方とその間に確約がある民に敵対（して彼らを援助）することは除かれるが。アッラー*はあなた方の行うことを、（全て）ご覧になるお方。 <sup foot_note=>1</sup>,
1233,また不信仰に陥った者*たちは、お互いに盟友である。（信仰者たちよ、）あなた方がそうしなければ、地上に試練と大きな腐敗*が生じてしまうであろう。[1] <sup foot_note=>1</sup>,
1234,そして信仰し、移住*し、アッラー*の道に奮闘した者たち（ムハージルーン*）と、（彼らを）住まわせ、援助した者たち（アンサール*）、それらの者たちこそは、真の信仰者である。彼らにこそ、お赦しと、貴い糧[1]があるのだ。 <sup foot_note=>1</sup>,
1235,また（ムハージルーン*とアンサール*の）後に信仰し、移住*し、あなた方と共にアッラー*の道に奮闘した者たち、それらの者たちは、（信仰者たちよ、）あなた方の同胞である。また近親関係にある者たちは（遺産相続に関し）、アッラー*の定めにおいて互いに優先される[1]。本当にアッラー*は、全てをご存知のお方なのだ。 <sup foot_note=>1</sup>,
1236,（これは）シルク*の徒の内で、あなた方が協約を結んだ者たちに対する、アッラー*とその使徒*からの解除（通告）である。[1] <sup foot_note=>1</sup>,
1237,ゆえに（シルク*の徒よ、）あなた方は四ヶ月間、地上を（安全に）通行するがよい。そして、あなた方がアッラー*（の懲罰）から逃れることなど出来ない身であり、アッラー*は不信仰者*たちを（現世と来世で）辱められるお方であることを、知るのだ。[1] <sup foot_note=>1</sup>,
1238,また（これは、）大いなるハッジ*の日における、アッラー*とその使徒*から人々への、「アッラー*とその使徒*は、シルク*の徒とは無縁である」という通告[1]である。もし（シルク*の徒よ）、あなた方が悔悟し（てシルク*を止め）たなら、それがあなた方にとってより善いこと。そしてもし（シルク*の放棄と信仰から）背を向けるのならば、自分たちがアッラー*（の懲罰）から逃れることなど、出来ない身であることを知るがよい。（使徒*よ、）不信仰に陥った者*たちに、痛烈な懲罰の吉報を告げてやる[2]のだ。 <sup foot_note=>1</sup>,
1239,但しシルク*の徒の内、あなた方が協約を結んだ者たちで、それからあなた方（との協約）に対していかなる不備もなく、あなた方に（敵）対していかなる者も援助しなかった者たちは、別である。ならば彼らに対しては、彼らとの協約を、その期限まで全うせよ。本当にアッラー*は、身を慎む者[1]たちをお好みになるのだから。 <sup foot_note=>1</sup>,
1240,また、禁じられた（四ヶ）月[1]が終了したら、シルク*の徒をどこでも見つけた場所で殺すがよい[2]。そして彼らを捕まえ、彼らを阻み[3]、彼らのためにあらゆる見張り場所に待機せよ。それでもし彼らが（不信仰から）悔悟し、礼拝を遵守*して浄財*を支払ったならば、彼らを自由にしてやるがよい。本当にアッラー*は赦し深いお方、慈愛深い*お方なのだから。 <sup foot_note=>1</sup>,
1241,また（使徒*よ、）シルク*の徒の誰かが、あなたに庇護を要請してきたら、彼がアッラー*の御言葉（クルアーン*）を耳にする（ことで、その導きを知ることが出来る）まで、彼を庇護してやるがよい[1]。それから彼を、彼にとって安全な場所まで送り届けてやれ。それというのも、彼らが（イスラーム*の実像を）知らない民であるからなのだ。 <sup foot_note=>1</sup>,
1242,アッラー*の御許とその使徒*のもとで、どうしてシルク*の徒に対する協約などがあり得ようか？但し、ハラーム・マスジド*であなた方が協約[1]を結んだ者たちは、別である。彼らがあなた方（との協約の遵守）に忠実である限り、あなた方も彼ら（との協約の遵守）に忠実であれ。本当にアッラー*は、身を慎む者[2]たちをお好みになるのだから。 <sup foot_note=>1</sup>,
1243,どうして（そのようなことが、あり得ようか）？もし彼ら（シルク*の徒）があなた方に対して優位に立てば、彼らはあなた方に関して血縁も契約も遵守しないというのに。彼らは口ではあなた方を喜ばせるが、その心は拒絶しているのであり、彼らの大半は放逸なのだ。,
1244,彼らはアッラー*の御徴と引き換えに僅かな代価を買い、（自分たちと人々を）かれの道から阻んだ。本当に彼らが行っていたことは、何と忌まわしいことか。,
1245,彼らは信仰者に対し、血縁も契約も遵守しない。そしてそれらの者たちこそ、（契約の破棄において）度を越した者たちなのだ。,
1246,それで、もし彼らが（シルク*から）悔悟し、礼拝を遵守*し、浄財*を施したのであれば、（彼らは）宗教（イスラーム*）における、あなた方の同胞である。われら*は知識ある民に、御徴[1]を明らかにするのだ。 <sup foot_note=>1</sup>,
1247,また、もし彼ら（シルク*の徒）がその協約後に確約を破り、あなた方の宗教（イスラーム*）を中傷したならば、不信仰の長たちと戦え。本当に、彼らには確約などないのだから。（それは）彼らが、（不信仰とイスラーム*への敵対を）止めるようにするためである。,
1248,一体あなた方は、自分たちの確約を破り、（マッカ*からの）使徒*の追放を意図し、あなた方に対して最初に仕掛けてきた[1]民と戦わないのか？一体あなた方は、彼らを怖れるのか？ならば、アッラー*の方が、より怖れるにふさわしいお方なのだ。もしあなた方が、信仰者であるというならば。 <sup foot_note=>1</sup>,
1249,彼らと戦え。アッラー*はあなた方の手でもって彼らを罰され、彼らを辱められ、あなた方を彼らに勝利させて下さろう。そして信仰する民[1]の胸（の悲しみ）を、癒して下さるのだ。 <sup foot_note=>1</sup>,
1250,また、彼らの心の憤りを解消して下さろう。アッラー*はかれがお望みになる者の悔悟を、お受け入れになる。アッラー*は全知者、英知あふれる*お方。,
1251,いや、一体あなた方は、（試練[1]から）放免されるとでも思い込んでいたのか？アッラー*はあなた方の内で、アッラー*とその使徒*と信仰者たち以外を腹心とすることなく努力奮闘した者たちを、まだ如実に表されてはいないというのに。アッラー*は、あなた方の行なうこと（全て）に通暁されているお方。 <sup foot_note=>1</sup>,
1252,自らに対して不信仰を証言していながら、シルク*の徒がアッラー*のマスジド*を管理することなど、あってはならない。そのような者たちは、その行いが台無しになるのである。そして彼らはまさしく業火の中に、永遠に留まることになるのだ。,
1253,アッラー*のマスジド*を管理するのは、アッラー*と最後の日*を信じ、礼拝を遵守*して浄財*を支払い、アッラー*以外の何も怖れない者のみ。そしてそれらの者たちは恐らく、導かれた者の類いとなろう。,
1254,（我が民よ、）一体あなた方は、ハッジ*の給水とハラーム・マスジド*の管理（に従事する者）を、アッラー*と最後の日*を信仰し、アッラー*の道において努力奮闘する者と同様にするのか？彼らはアッラー*の御許で、同等ではない[1]。アッラー*は不正*者である民を、お導きにはならないのだ。 <sup foot_note=>1</sup>,
1255,信仰して移住*し、自らの財産と生命をかけてアッラー*の道に努力奮闘する者は、アッラー*の御許において、より位が偉大なのである。そして、そのような者たちこそが勝利者なのだ。,
1256,彼らの主*は彼らに、その御許からのご慈悲とご満足、楽園の吉報をお告げになる。そこ（楽園）には彼らのため、永遠の安寧があるのだ。,
1257,彼らはそこに、ずっと永遠に留まる。本当にアッラー*、かれの御許には、この上ない褒美がある。,
1258,信仰する者たちよ、自分たちの親や兄弟を盟友としてはならない、もし彼らが信仰よりも不信仰を好む[1]のならば。そして、あなた方の内で彼らを盟友とする者があれば、そのような者たちこそは不正*者なのである。[2] <sup foot_note=>1</sup>,
1259,（使徒*よ、）言ってやるがいい。「あなた方の親、あなた方の子供、あなた方の兄弟、あなた方の配偶者、あなた方の近親、あなた方の稼いだ財産、また、あなた方がその不振を怖れている商売、あなた方が満足する住まいが、アッラー*とその使徒*、そしてかれの道における努力奮闘よりもあなた方にとって好ましいならば、アッラー*がそのご命令[1]をもたらされるまで待つがよい。アッラー*は、放逸な民をお導きにはならないのだ」。 <sup foot_note=>1</sup>,
1260,（信仰者たちよ、）アッラー*は確かに、多くの場面であなた方をお助けになった[1]。また自分たちの多勢ぶりが、あなた方を悦に入らせたフナイン*の日も（、同様であった）。そしてそれはあなた方の何の役にも立たず、大地はその広さにも関わらずあなた方にとって狭くなり[2]、更にあなた方は背を見せて敗走したのである。 <sup foot_note=>1</sup>,
1261,それからアッラー*は、その使徒*と信仰者たちに（彼らを堅固にすべく、）かれの静寂をお下しになり、あなた方の目には見えなかった軍勢[1]を下され、不信仰だった者*たちを罰された。それが不信仰者*たちへの報いなのだから。 <sup foot_note=>1</sup>,
1262,そしてその後アッラー*は、かれがお望みになる者の悔悟[1]をお受け入れになる。アッラー*は、赦し深いお方、慈愛深い*お方。 <sup foot_note=>1</sup>,
1263,信仰する者たちよ、シルク*の徒こそは不浄[1]である。ゆえに今年[2]以降、彼らはハラーム・マスジド*[3]に近付いてはならない。そして、もしあなた方が困窮を怖れるのであっても、やがてアッラー*がそのご恩寵でーーかれがお望みならーー、あなた方を豊かにしてくれよう[4]。本当にアッラー*は、全知者、英知あふれる*お方なのだから。 <sup foot_note=>1</sup>,
1264,（ムスリム*たちよ、）啓典を授けられた者*たちの内、アッラー*と最後の日*を信仰せず、アッラー*とその使徒*が禁じた物事を禁じもせず、真理の宗教に従わない者たちと、彼らが、すごすごとシズヤ*を手渡しで払うまで戦うのだ。[1] <sup foot_note=>1</sup>,
1265,ユダヤ教徒*は言った。「ウザイル[1]はアッラー*の御子である」。また、キリスト教徒*は言った。「マスィーフ*（イーサー*）はアッラー*の御子である」。それは（彼ら）以前の不信仰だった者*たちの言葉に似た、口先だけの彼らの言葉である。アッラー*が彼らを成敗してくださいますよう。彼らはどうして、（真理から）背かされるのか？ <sup foot_note=>1</sup>,
1266,彼ら（啓典の民*）はアッラー*を差しおいて、彼らの学者や修道僧たちを、彼らの主*としたのだ。また、マルヤム*の子マスィーフ*も（主とした）[1]。彼らは、唯一の神（アッラー*）のみを崇拝*することしか、命じられてはいなかったというのに。かれ以外に、（真に）崇拝*すべきものなど存在しない。彼らがシルク*を犯しているものから（無縁な）、アッラー*に称え*あれ。 <sup foot_note=>1</sup>,
1267,彼らは、その口先でアッラー*の御光[1]を消してしまおうと望んでいる。そしてアッラー*は、その御光を完遂させずにはおかれない。たとえ不信仰者*たちが、（それを）嫌おうとも（、である）。 <sup foot_note=>1</sup>,
1268,かれは、その使徒*を導きと真理の宗教（イスラーム*）と共に遣わされたお方。（それは）かれが、それ（イスラーム*）をあらゆる宗教の上に君臨させる[1]ため。たとえ、シルク*の徒が（そのことを）嫌おうとも（、なのだ）。 <sup foot_note=>1</sup>,
1269,信仰する者たちよ、本当に（啓典の民*の内の）多くの学者や修道僧たちは、まさに人々の財産を偽って貪り、（自分たちと人々を）アッラー*の道から阻んでいる。そして金銀を貯め込み、それをアッラー*の道において施すことのない者たち[1]、彼らには（使徒*よ、）痛ましい懲罰の吉報を告げる[2]がよい。 <sup foot_note=>1</sup>,
1270,それら（の金銀）が地獄の業火の中で熱せられ、彼らの額と脇腹と背中がそれで焼き付けられる（復活の）日*。（彼らには、こう言われる。）「これが、お前たちが自分たちのために貯め込んでいた物である。ならばお前たちは、自分たちが貯め込んでいた物（ゆえの罰）を味わうがよい」。,
1271,実に、アッラー*が諸天と大地を創造された日、アッラー*の書[1]でのアッラー*（の裁定）における月数は、十二か月である。その内の四ヶ月が神聖月*。それが正しい宗教なのだ。ならば、そこにおいて自分たちに不正*を働いてはならない[2]。また、シルク*の徒と全面的に戦え、彼らがあなた方と全面的に戦うように[3]。そしてアッラー*は敬虔な*者たちと共にあるということを、知るのだ。 <sup foot_note=>1</sup>,
1272,実に（神聖月*の）延期は、不信仰における（更なる）上乗せである。不信仰に陥った者*たちは、それによって迷わせられているのだ。彼らはアッラー*が禁じられた（神聖月*の）数に帳尻合わせして、ある年にはそれを合法とし、また別の年にはそれを禁じ、アッラー*の禁じられたものを合法としている[1]。彼らにはその悪い行いが、目映く映ったのだ。アッラー*は、不信仰である民をお導きにはならない[2]。 <sup foot_note=>1</sup>,
1273,信仰する者たちよ、あなた方に「アッラー*の道に出征せよ」と言われた後、（自分たちの）土地に（へばりついて）もたもたしたのはどういうことか？一体、あなた方は来世をよそに、現世の生活に満足しているというのか？現世の生活の楽しみなど、来世（との比較）においては、ごく僅かな物でしかないのだぞ。[1] <sup foot_note=>1</sup>,
1274,（信仰者たちよ、）もし出征しないのであれば、かれ（アッラー*）はあなた方を痛ましい懲罰で罰され、あなた方以外の（アッラー*とその使徒*に従順な）民を代わりに置かれよう。あなた方がかれのことを害することなど、微塵もない。アッラー*は全てのことがお出来のお方。,
1275,たとえ、あなた方が彼（ムハンマド*）を援助しなくても、アッラー*は不信仰に陥った者*たちが、二人の内の一人だった彼を（マッカ*から）追放した時、確かに彼を援助されたのである。二人が洞窟の中にあった時、つまり彼（ムハンマド*）がその同伴者に「悲しむのではない。本当にアッラー*は私たちと共にあるのだから」と言った時。アッラー*は彼にその静寂をお下しになり、あなた方の目に見えない（天使*の）軍勢によって彼をお助けになり、不信仰に陥った者*たちの言葉を最下のものとされた[1]。アッラー*の御言葉こそは最上のものなのだ[2]。アッラー*は偉力ならびない*お方、英知あふれる*お方。 <sup foot_note=>1</sup>,
1276,軽かろうと、重かろうと[1]、出征し、あなた方の財産と生命をかけて、アッラー*の道において努力奮闘せよ。それがあなた方にとって、より善いことなのである。もし、あなた方が（その徳と褒美を）知っていたのならば。 <sup foot_note=>1</sup>,
1277,（預言者*よ、）もしそれが手近な利益だったり、適度な（距離の）旅[1]だったなら、彼ら（偽信者*たち）はあなたについて行ったのであろう。だが彼らには距離が遠かった（ために、厳しく感じられた）のである。そして彼らは、アッラー*に誓（ってこう言）う。「出来るものなら、私たちはあなた方と共に出発したのだが」。彼らは（嘘と偽の信仰で、）自分自身を滅ぼしている。アッラー*は本当に彼らが、まさしく嘘つきであることをご存知なのだ。 <sup foot_note=>1</sup>,
1278,（預言者*よ、）アッラー*はあなたを大目に見られた。（言い訳をして出征しなかった者の内、その言い訳において）正直だった者たちがあなたに明らかになり、あなたが（彼らの内の）嘘つきどもを知る前に、彼らに（出征の免除を）許可するとはどういうことか？[1] <sup foot_note=>1</sup>,
1279,アッラー*と最後の日*を信じる者は、自らの財産と生命をかけて努力奮闘することにおいて、あなたに（嘘の言い訳をしつつ、出征免除の）許可を請うたりはしない。アッラー*は敬虔な*者たちを、ご存知のお方。,
1280,実にあなたに（嘘の言い訳をして、出征免除の）許可を請うのは、アッラー*と最後の日*を信じず、その心が（イスラーム*に対する）疑惑に満ちた者たちだけである。そして彼らは自らの疑惑の中で、右往左往しているのだ。,
1281,もし彼ら（偽信者*たち）が出発を望んだなら、そのために装備を整えただろう。しかしアッラー*は彼らの遠征を厭われ、彼らを億劫にさせられたのだ。そして彼らに、「居残る者たち[1]と共に、残っていよ」と言われた[2]のである。 <sup foot_note=>1</sup>,
1282,たとえあなた方と共に出発したとしても、彼ら（偽信者*たち）はあなた方に堕落しか上乗せせず、あなた方に誘惑[1]を望みつつ、あなた方の間を奔走する[2]ーー（信仰者たちよ、）あなた方の中には彼らのスパイもいるのだーー。アッラー*は、不正*者たちのことをご存知のお方。 <sup foot_note=>1</sup>,
1283,（預言者*よ、タブークの戦い*）以前から、彼ら（偽信者*たち）は確かに（信仰者たちへの）誘惑[1]を望み、あなたに対して策を練り上げて来た。（それは）真理が到来し、アッラー*の物事[2]が顕現するまでのことだった。彼らはそれを嫌っていたのだが。 <sup foot_note=>1</sup>,
1284,また、彼ら（偽信者*たち）の内には、「私に（出征からの残留を）お許し下さい。そして、私のことを試練にかけないで下さい」と言う者もいる。彼らはまさに、（偽の信仰という）試練の中に陥ったのではないか。そして本当に地獄は、不信仰者*たちをまさに包囲している。[1] <sup foot_note=>1</sup>,
1285,（預言者*よ、）もしあなたに善いことが起これば、それは彼ら（偽信者*たち）を消沈させる。そしてもしあなたに災厄が降りかかれば、彼らは「私たちは確かに前もって、大事を取っておいたのだ[1]」と言い、有頂天になって（あなたから）背き去る。 <sup foot_note=>1</sup>,
1286,（預言者*よ、彼らに）言ってやるがよい。「私たちには、アッラー*が私たちにお定めになったことしか起こらないーーかれは私たちの庇護者*であるーー。そして信仰者たちには、アッラー*にこそ全てを委ね*させるのだ」。,
1287,（預言者*よ、彼らに）言うのだ。「あなた方は私たちに、二つの善きこと[1]のいずれかを待ち望んでいるに外ならないのではないか？そして私たちはあなた方に、アッラー*がその御許からの懲罰によって、あるいは私たちの手（による成敗）によって、あなた方を襲われるのを待ち望んでいるのである。ならば、待ち望むがよい。本当に私たちも、あなた方と共に待ち望む者となるから」。 <sup foot_note=>1</sup>,
1288,（預言者*よ、偽信者*たちに）言ってやるのだ。「従順であれ、嫌々であれ、施すがよい。あなた方から（アッラー*に）受け入れられることなど、ないのだ。本当にあなた方は、放逸な民だったのだから」。,
1289,また、彼らの施しが、受け入れられることを彼らから阻んだのは、彼らがアッラー*とその使徒*を否定し、礼拝にはいつも面倒くさそうに顔を出し、嫌々にでしか施すことがないからに外ならない。,
1290,ならば、（預言者*よ、われら*が彼らに与えた）その財産や子供に、心引かれてはならない。アッラー*はそれらによって、現世の生活で彼らを罰せられ[1]、彼らが不信仰者*として事切れることを、まさにお望みなのだから。 <sup foot_note=>1</sup>,
1291,また彼ら（偽信者*たち）は、あなた方の仲間ではないのに、本当に自分たちはまさしくあなた方の仲間である、と（嘘をついて）アッラー*に誓う。しかし彼らは、怖気づいている民なので（、そのようにするので）ある。,
1292,もし避難所や洞窟、穴でも見つければ、彼らは一目散に、そこへと退散するであろう。,
1293,また、彼ら（偽信者*たち）の中には、施しのことであなたをけなす者もいる。それで彼らは、そこから与えられれば満足し、そこから与えられなければ、どうであろうか、激怒するのである。[1] <sup foot_note=>1</sup>,
1294,もし彼らが、アッラー*とその使徒*が自分たちに与えてくれたものに満足し、「私たちにはアッラー*だけで十分。アッラー*はその恩寵によって、そしてその使徒*も（彼がアッラー*から授かったものから）、私たちにお授け下さるだろう。本当に私たちは、アッラー*にこそ（豊かさを）求める者なのだから」（と言えばよかったものを）。,
1295,（義務の）浄財*は、困窮者*、貧者*、それ（浄財*の徴収）に携わる者、（それを与えられることによって）心が融和される者[1]、首[2]、借金している者[3]、アッラー*の道（ゆえに努力奮闘する者）、旅路（で苦境）にある者のためにのみ（与えられる）。（それは）アッラー*からの義務（として定められた）。アッラー*は全知者、英知あふれる*お方であられる。 <sup foot_note=>1</sup>,
1296,また、彼ら（偽信者*たち）の中には預言者*を害し、「奴は耳なのだ[1]」と言う者がある。（預言者*よ、）言ってやるのだ。「（ムハンマド*は）あなた方への善の耳なのである[2]。彼はアッラー*を信じ、信仰者たち（の言うこと）を信じる。また（彼は）、あなた方の内の信仰する者たちへの慈悲なのだ。そしてアッラー*の使徒*を害する者たち、彼らには痛ましい懲罰がある」。 <sup foot_note=>1</sup>,
1297,彼ら（偽信者*たち）は、あなた方（信仰者たち）を満足させようとし、あなた方のためにアッラー*に（嘘の誓いを）誓う。アッラー*とその使徒*の方が、満足させるにより相応しいというのに。もし彼らが、（本当に）信仰者であるというのならば。,
1298,一体、彼ら（偽信者*たち）は知らないのか？誰であろうと、アッラー*とその使徒*に歯向かう者、彼には永遠に留まることになる地獄の業火がある、ということを？それはこの上ない屈辱なのである。,
1299,偽信者*たちは、その心の内（にある不信仰）を自分たちに告げるスーラ*が、彼ら[1]に下ることを警戒している。（預言者*よ、）言ってやれ。「嘲笑しているがよい。本当にアッラー*はあなた方が警戒しているものを暴き出されるお方なのだから」。 <sup foot_note=>1</sup>,
1300,（預言者*よ、）もしもあなたが、彼らに（預言者*とその教友*たちについて何を言ったのか、と）尋ねたならば、彼らはきっと（こう）言うのだ。「私たちはふざけて、戯言を言っていただけですよ」。言ってやるがいい。「一体あなた方は、アッラー*とその御徴と、その使徒*を嘲笑していたのか？[1] <sup foot_note=>1</sup>,
1301,言い訳をするのではない。あなた方は確かにあなた方の信仰後、不信仰を犯したのだから。たとえ、われら*があなた方の内のある集団を大目に見るにしても、われら*は（別の）集団のことは罰するのだ。というのも、彼らは罪悪者だったからである」。,
1302,偽信者*の男たちと偽信者*の女たちは、同じ穴のむじなである。彼らは悪事を命じて善事を禁じ[1]、（アッラー*の道ゆえの施しから）その手を引っ込める。彼らがアッラー*を忘れたゆえに、かれも彼らのことをお忘れになった[2]のだ。本当に偽信者*たちこそは、（アッラー*とその使徒*への信仰から逸脱した、）放逸な者たちなのである。 <sup foot_note=>1</sup>,
1303,アッラー*は偽信者*の男たち、偽信者*の女たち、不信仰者*たちに、永遠に留まることになる地獄の業火を約束された。それだけで、彼ら（の罰）には十分。アッラー*は彼らを呪われ給い[1]、彼らには永遠の懲罰がある。 <sup foot_note=>1</sup>,
1304,（偽信者*たちよ、あなた方は、）あなた方以前の（不信仰）者*たちと同様である。彼らはあなた方より力が強く、より多くの財産と子供を有し、（現世での）その取り分を堪能していた。またあなた方も、あなた方以前の者たちが（現世での）その取り分を堪能ように、自分たちの（現世での）取り分を堪能し、彼らが（アッラー*に対する嘘という）戯言を喋った。それらの者たちは、その行いが、現世と来世において台無しになってしまったのだ。そして彼らこそは、損失者なのである。,
1305,彼らのもとには、ヌーフ*の民、アード*、サムード*、イブラーヒーム*の民、マドゥヤン*の仲間たち、転覆した、町々[1]といった、それ以前の者たちの使徒*たちの知らせが届かなかったのか？彼らの使徒*たちは、彼らのもとに（その正しさを証明する）明証を携えて到来した（が、彼らは使徒*たちを嘘つき呼ばわりしたので、アッラー*に滅ぼされたのだ）。アッラー*が彼らに不正*を働くなどということは、あるべくもなかった。しかし彼らが、自分自身に不正*を働いていたのである。 <sup foot_note=>1</sup>,
1306,また、信仰者の男たちと信仰者の女たちは、互いに盟友である。彼らは善事を命じて悪事を禁じ[1]、礼拝を遵守*し、浄財*を施し、アッラー*とその使徒*に従う。それらの者たち、アッラー*は彼らに、ご慈悲をおかけになるのだ。本当にアッラー*は偉力ならびない*お方、英知あふれる*お方なのだから。 <sup foot_note=>1</sup>,
1307,アッラー*は信仰者の男たちと信仰者の女たちに、彼らが永遠に留まることになる、その下から河川が流れる楽園を約束された。また、永久の楽園の麗しき住まいも（約束された）。そしてアッラー*のご満悦は、更に大きい（享楽）。それこそはこの上ない勝利なのだ。,
1308,預言者*よ、不信仰者*たちと偽信者*らに対して努力奮闘し、彼らに厳しくあれ。彼らの住処は地獄なのだ。そしてその行き先は、何と醜悪であろうか。,
1309,彼ら（偽信者*たち）は、自分たちは（預言者*とその教友*たちの悪口など）言っていない[1]と言って、アッラー*に誓う。彼らは確かに不信仰の言葉を口にし、服従（イスラーム*）後に不信仰に陥り、彼らが（結局は）達成できなかったこと[2]を意図したのである。彼らは（使徒*を）咎めたが、実にアッラー*とその使徒*はその恩寵により、彼らを富ませて下さったに外ならないのである[3]。もし彼らが悔悟するなら、それが彼らにとってより善いのである。けれども、もし背き去るのであれば、かれ（アッラー*）は現世と来世において彼らを痛ましい懲罰で罰され給う。そして彼らには地上において、いかなる庇護者も援助者もないのだ。 <sup foot_note=>1</sup>,
1310,彼ら（偽信者*たち）の中には、アッラー*に対して（このように誓って）約束した者がある。「もしも、かれ（アッラー*）がそのご恩寵から私たちに授けて下さったら、私たちは必ずや（そこから）施し、必ずや正しい者*たちの仲間入りをしましょう」。,
1311,そして、かれがそのご恩寵から彼らにお授けになれば、彼らはそれを出し惜しみし、（イスラーム*から）身を翻して背を向けたのである。,
1312,それでかれ（アッラー*）は、彼らがかれと拝謁することになる（復活の）日*まで、その心の中の偽信（の増加）を、彼らの（行いの）帰結とされた。それというのも彼らがアッラー*に対して、かれに約束したことを破り、嘘をついていたためなのである。,
1313,一体、彼らは知らなかったのか？アッラー*が彼らの秘密も密談もご存知であり、アッラー*が不可視の世界*を熟知されるお方であるということを？,
1314,（彼らは）信仰者たちの内、率先して施す（豊かな）者たちや、自分たちの能力分しか（施し物を）見出せない（貧しい）者たちのことをけなし、彼らを嘲笑する者たち[1]。アッラー*が、彼らのことを嘲笑された[2]のである。そして彼らには、痛ましい懲罰があるのだ。 <sup foot_note=>1</sup>,
1315,（使徒*よ、）彼らのために（アッラー*に）お赦しを乞うがいい。あるいは、彼らのためにお赦しを乞うのではない。たとえ、あなたが彼らのために七十回[1]赦しを乞うても、アッラー*は決して彼らをお赦しにはなるまい。それというのも、彼らはアッラー*とその使徒*を否定したからである。アッラー*は、放逸な民をお導きにはならないのだ。 <sup foot_note=>1</sup>,
1316,（タブークの戦い*へと出征せず、）アッラー*の使徒*に反した状態で[1]（マディーナ*に）居残らされた（偽信）者*たち[2]は、その居残りに有頂天になった。そして、彼らは自分たちの財産と生命をかけてアッラー*の道に努力奮闘することを嫌い、（互いにこう）言ったのだ。「暑さの中、出征することはないぞ」。（使徒*よ、）言ってやるがいい。「地獄の業火は、もっと熱さが厳しいぞ」。もし彼らが、（そのことを）理解していたならば。 <sup foot_note=>1</sup>,
1317,ならば、彼らが稼いでいたもの（不信仰）の報いゆえ、彼らを（現世で）少し笑わせておき、（地獄で）沢山泣かせておくがよい。,
1318,（使徒*よ、）アッラー*があなたを、彼ら（偽信者*たち）の内の一派のもとへと（タブークの戦い*から）帰還させ給い、彼らがあなたに（次の戦いの）出征の許可を請うたら、言ってやるのだ。「あなた方は断じて、私と共に出征することはないし、私と共に敵と戦うこともあるまい。本当にあなた方は最初、（出征せずに）居残ることに満足したのだから。ならば、後方に居残る者たち[1]と共に居残っているがよい」。 <sup foot_note=>1</sup>,
1319,また（使徒*よ）、彼ら（偽信者*たち）の内の他界した誰かのために、断じて祈ってはならない。また（祈願のために）、その墓に立ってもならない。本当に彼らはアッラー*とその使徒*を否定したのであり、放逸な（偽信）者*として死んだのだから。,
1320,そして（預言者*よ、われら*が彼らに与えた）その財産や子供に、心引かれてはならない。実にアッラー*はそれらによって、現世で彼らを罰し給い[1]、彼らが不信仰者*として事切れることを、まさにお望みなのだから。 <sup foot_note=>1</sup>,
1321,また、アッラー*を信じ、その使徒*と共に努力奮闘せよ、というスーラ*が下った時、彼ら（偽信者*たち）の内の裕福な者たちはあなたに、（出征せずに居残る）許しを請い、（こう）言った。「私たちを放っておいて下さい。私たちは、居残る者たち[1]と一緒にいます」。 <sup foot_note=>1</sup>,
1322,彼ら（偽信者*たち）は、（出征せずに）後方に居残る者たち[1]と共にあることに満足し、その心は（偽の信仰と居残りゆえに）塞がれた。ゆえに彼らは、理解することがない。 <sup foot_note=>1</sup>,
1323,しかし使徒*と、彼と共に信仰する者たちは、その財産と生命をかけて努力奮闘した。それらの者たち、彼らには善きものがあり[1]、それらの者たちこそは成功者なのである。 <sup foot_note=>1</sup>,
1324,アッラー*は、彼らのために、その下から河川が流れる楽園をご用意なされた。彼らはそこに永遠に留まる。それは、この上ない勝利なのだ。,
1325,また（出征の免除の）許しをもらうため、ベドウィンの弁解者たち[1]がやって来た。そしてアッラー*とその使徒*に嘘をついた者たちが、（後方に）居残ったのである。彼らの内、不信仰だった者*たちには、（現世と来世において）痛ましい懲罰が襲いかかるであろう。 <sup foot_note=>1</sup>,
1326,弱者にも、病人にも（出征に）費やすものを見出せない者にも、（出征せずに居残ることの）罪はない。もし、アッラー*とその使徒*に誠実であるのなら。善を尽くす者たちに、（罰される）筋合いはないのである。アッラー*は赦し深いお方、慈愛深い*お方。,
1327,また（使徒*よ、）自分たちを（出征のため、乗用の家畜に）乗せてくれるようにと、あなたの所にやって来たものの、あなたが「あなた方を乗せる（余分な）もの（家畜）はない」と言った者たちにも（、罪はない）。彼らは（出征のために）費やすものを見出せずに悲しみ、その目からは涙を溢れ出させながら、引き返して行ったのである。,
1328,咎められるべきは、裕福であるにも関わらず、（出征せずに居残る）許しをあなたに乞う（偽信）者*たちにこそある。彼らは、後方に居残る者たち[1]と共にあることに満足し、アッラー*は彼らの心を（偽の信仰ゆえに）塞がれた。それで彼らは、（自分たちの悪い結末を）知ることもないのだ。 <sup foot_note=>1</sup>,
1329,（信仰者たちよ、）あなた方が（タブークの戦い*から）彼らのもとに戻って来た時、彼らはあなた方に（嘘の）言い訳をする。（使徒*よ、）言ってやるのだ。「言い訳するのではない。私たちはあなた方のことを、信じないのだから。アッラー*は、あなた方の消息の一部を、私たちに確かにお告げになったのだ。アッラー*はあなた方の行いをご覧になり、その使徒*もまた（そうする）[1]。それからあなた方は不可視の世界*も現象界[2]もご存知のお方の御許へと返され、かれはあなた方が（現世で）行っていたことについて、あなた方にお告げになる」。 <sup foot_note=>1</sup>,
1330,あなた方が彼ら（偽信者*たち）のもとに帰れば、彼らはあなた方が（問い詰めることなく）自分たちから離れ去るようにと、あなた方に対し（嘘の言い訳で）アッラー*に誓うであろう。ならば、彼らから離れ去るがよい。彼らは穢れ[1]なのであり、彼らの住処は、彼らが稼いでいたことによる報いゆえの地獄なのだから。 <sup foot_note=>1</sup>,
1331,彼ら（偽信者*たち）は、あなた方が自分たちに満足してくれるようにと、あなた方に対し、（偽って）誓う。そして、たとえあなた方が彼らに満足したとしても、（そんなものは彼らには役には立たない、）本当にアッラー*が放逸な民を喜ばれることはないのだから。,
1332,ベドウィンたち[1]は不信仰と偽信において（町の民）よりひどく、アッラー*がその使徒*に下された決まりについて無知なのも、より当然なのだ[2]。アッラー*は全知者、英知あふれる*お方である。 <sup foot_note=>1</sup>,
1333,また、ベドウィンたちの中には自らが費やすもの[1]を罰金ととらえ、あなた方に（状況の）暗転を待ち望んでいる者がいる。彼らの方にこそ、悪しき暗転があるのだ。アッラー*はよくお聴きになるお方、全知者であられる。 <sup foot_note=>1</sup>,
1334,またベドウィンたちの中にも、アッラー*と最後の日*を信じ、自らが費やすものをアッラー*の御許での（かれへの）お近づきと、（自分への）使徒*の祈願（の手段）としてとらえる者たちがいる。本当にそれは、彼らにとって（アッラー*への）お近づき（の手段）なのではないか。アッラー*は彼らを、（天国という）そのご慈悲の中にお入れになろう。本当にアッラー*は赦し深いお方、慈愛深い*お方なのだ。,
1335,ムハージルーン*とアンサール*の内、先人の先駆け[1]たちと、善を尽くして彼らに従った者[2]たち、アッラー*は彼らをお喜びになり、彼らもアッラー*に満足する。そしてかれ（アッラー*）は彼らのために、その下を河川が流れる楽園を用意されている。彼らはそこに、ずっと永遠に留まる。それは、この上ない勝利なのだ。[3] <sup foot_note=>1</sup>,
1336,またベドウィンたちの内、あなた方（マディーナ*の住民）の周りにいる者たちの中には、偽信者*がいる。そして、マディーナの住民の中にも（同様に）。彼らは偽の信仰にしがみついて（、放埓さを更に上乗せして）いるのだ。（使徒*よ、）あなたは彼らのことを知らない。（しかし）われら*は、彼らのことを知っている。われらは彼らを、二度に亘って罰してやろう[1]。それから彼らは（復活の日）、この上ない懲罰へと戻されることになるのだ。 <sup foot_note=>1</sup>,
1337,また（マディーナ*の周りのベドウィンと、マディーナ*の住民の中には、）自分たちの罪を認めた、別の者たち[1]がいる。彼らは正しい行い*と、別の悪（い行い）[2]を混在させた。恐らくアッラー*は、彼らの悔悟を受け入れて下さるであろう。本当にアッラー*は赦し深いお方、慈愛深い*お方なのだから。 <sup foot_note=>1</sup>,
1338,（預言者*よ、）彼ら[1]の財産から施しを取るがよい。あなたはそれで彼らを清め、育んでやる[2]。そして彼らのために、（罪の赦しを）祈ってやるのだ。本当にあなたの祈願は、彼らにとって（心の）静寂なのだから。アッラー*はよく聴かれるお方、全知者であられる。 <sup foot_note=>1</sup>,
1339,一体、彼らはアッラー*こそが、その僕たちから悔悟をお受け入れになり、施しをお受け取りになることを知らないのか？そしてアッラー*こそが、よく悔悟をお受け入れになる*お方、慈愛深き*お方であることを？,
1340,（預言者*よ、彼らに）言ってやるのだ。「（アッラー*がお喜びになることを、）行え。アッラー*は、あなた方の行いをご覧になるだろうから。また、その使徒*と信仰者たちも（あなた方の行いを見るだろう）。そしてあなた方は、不可視の世界*も現象界[1]もご存知のお方の御許へと返され、かれはあなた方が（現世で）行っていたことについて、あなた方にお告げになろう」。 <sup foot_note=>1</sup>,
1341,また（出征の命令に応じなかった者たちの内、その処分について）、アッラー*のご裁決を見合されている別の者たち[1]、かれ（アッラー*）は彼らを罰されるか、あるいはその悔悟を受け入れられるかされるであろう。アッラー*は全知者、英知あふれる*お方である。 <sup foot_note=>1</sup>,
1342,また（出征の命令に応じなかった者たちの内には）、マスジド*を（信仰者たちへの）害悪と不信仰、信仰者たちの間の分断と、（それ）以前にアッラー*とその使徒*に戦いを仕掛けた者を待ち受けるためのものとする者たちがいる[1]。彼らは実に、（こう）誓うのだ。「私たちは（その建設において）、善いことを望んだだけなのです」。アッラー*は本当に彼らが、まさしく嘘つきであることを証言し給う。 <sup foot_note=>1</sup>,
1343,（預言者*よ、）そこには決して（礼拝のため）立つのではない。最初の日から敬虔さに基づいて築かれたマスジド[1]こそは、あなたが（礼拝に）立つにふさわしいのだから。そこには、自らをよく清めること[2]を愛する者たちがいる。アッラー*は、自らをよく清める者をお好みになるのだ。 <sup foot_note=>1</sup>,
1344,一体、アッラー*への畏れ*の念と、かれのお喜び（を追求すること）に基づいてその建物を築く者の方が善いのか、それとも崩れかかった崖のほとりにその建物を築き、それと一緒に地獄の業火へと崩れ落ちてしまう者（の方が善いの）か？アッラー*は、不正*者である民をお導きにはならないのだ。,
1345,彼ら（偽信者*たち）が建てたその建物は、彼らの心がばらばらに張り裂けるまで[1]、彼らの心の中の疑惑であり続ける。アッラー*は全知者、英知あふれるお方である。 <sup foot_note=>1</sup>,
1346,本当にアッラー*は信仰者たちから、天国と引き換えに、彼らの命と財産を買い取られた。彼らはアッラー*の道において戦い、殺し、殺されるのである。トーラー*と福音*とクルアーン*における、その真のお約束ーーアッラー*よりも自らの約束に忠実なお方があろうか？ーー。ならば、あなた方が契約した自分たちの取引に心躍らせよ。それこそは、この上ない勝利なのだ。,
1347,（彼ら信仰者たちとは、）悔悟する者たち、崇拝*行為に専念する者たち、（アッラー*を）称賛*する者たち、斎戒*する[1]者たち、ルクーゥ*する者たち、サジダ*する者たち、善事を命じる者たち、悪事を禁じる[2]者たち、アッラー*の決まりを守る[3]者たち。（預言者*よ、これらの）信仰者たちに吉報を伝えよ。 <sup foot_note=>1</sup>,
1348,預言者*と、信仰する者たちにとって、シルク*の徒のため（アッラー*に罪の）お赦しを乞うことなど、あってはならない。たとえ彼らが（自分たちの）近親の者であろうとも、火獄の徒であることが彼らに明白になった後には[1]（、そうしてはならない）。 <sup foot_note=>1</sup>,
1349,イブラーヒーム*が（、シルク*の徒であった）自分の父のため、（アッラー*に罪の）お赦しを乞うたのは、彼（イブラーヒーム*）が彼（父）にした約束[1]ゆえに過ぎなかった。そして彼（父）が、アッラー*の敵であることが明らかになった時、彼（イブラーヒーム*）は彼と決別したのである。本当にイブラーヒーム*はまさしく、哀願する者[2]、寛容な者だったのだから。 <sup foot_note=>1</sup>,
1350,そしてアッラー*は、ある民をお導きになった後、彼らが保身するためのことを明らかにされない限りは、彼らを迷わせ給うことはない[1]。本当にアッラー*は、全てのことをご存知のお方なのだから。 <sup foot_note=>1</sup>,
1351,本当にアッラー*、かれにこそ、諸天と大地の王権は属する。かれは、（お望みの者に）生をお授けになり、（お望みの者に）死をお授けになる。そしてあなた方にはアッラー*の外に、いかなる庇護者*も援助者もない。,
1352,アッラー*は確かに、預言者*と、（タブークの戦い*という）苦難の時[1]に彼（預言者*）に従ったムハージルーン*とアンサール*の悔悟を、彼らの一派の心が傾きかけた[2]後、お受け入れになった。それから、かれは彼らの悔悟をお受け入れになったのである。本当にかれは、彼らに対してこそ、哀れみ深い*お方、慈愛深い*お方なのだ。 <sup foot_note=>1</sup>,
1353,そして（出征せず）後方に残された三人[1]に対しても（、アッラー*はその悔悟をお行け入れになった）。やがて、大地がその広さにも関わらず彼らにとって狭くなって[2]、彼らに心苦しいものとなり、彼らがアッラー*（のお怒り）からの逃げ場所は、かれご自身（に赦しを乞うこと）しかないことを確信した時、（彼らはアッラー*に悔悟し、）それからかれ（アッラー*）は、彼らが（その後もしっかりと）悔悟するよう、彼らの悔悟をお受け入れになった。本当にアッラー*こそは、よく悔悟をお受け入れになる*お方、慈愛深い*お方なのだから。 <sup foot_note=>1</sup>,
1354,信仰する者たちよ、アッラー*を畏れ*、正直な者たち[1]と共にあれ。 <sup foot_note=>1</sup>,
1355,マディーナ*の住民とその周辺のベドウィンたちは、アッラー*の使徒*をよそに（出征せず）後方に留まったり、彼（使徒*）よりも自分自身を優先させたりすべきではない[1]。というのも、アッラー*の道において彼らが喉の乾きや、疲労、空腹に襲われたり、（交戦状態にある）不信仰者*たちを憤らせる土地に足を踏み入れたり、敵に被害を与えたりすれば、それにより正しい行い*（の褒美）が、彼らのために必ず記録されるからである。本当にアッラー*は、善を尽くす者[2]たちの褒美を、無駄にはされないのだから。 <sup foot_note=>1</sup>,
1356,また（アッラー*の道において、）費用を少し、あるいは多く出費したり、（行軍して）谷一つ越えたりすれば、彼らのために（その褒美が）記録されないことはないのである。（それは）アッラー*が彼らに、彼らが行っていた最善のもの（行い）でお報いになるためなのだ。,
1357,また信仰者たちは、総動員で出征すべきではない。どうして彼らの内の各集団から、（必要に見合った人数だけの）一団が出征しないのか？（それは出征せずに留まる者たちが）宗教において理解を深め、そして（出征していた）その民が自分たちのもとに戻って来た時、彼らに警告するため[1]。（それは）彼らが、（アッラー*の懲罰に対して）用心するようになるためなのだ。 <sup foot_note=>1</sup>,
1358,信仰する者たちよ、不信仰者*たちの内、あなた方に隣接する者たちと戦え[1]。そして彼らに、あなた方にある強靭さを知らしめよ。アッラー*こそは（その支持と援助によって）、敬虔*な者たちと共にあることを知るのだ。 <sup foot_note=>1</sup>,
1359,スーラ*が下ると、彼ら（偽信者*たち）の内のある者は言う。「一体あなた方の内の誰が、これで（更なる）信仰心を上乗せするというのか？」信仰する者たちこそは、（スーラ*の啓示によって、更なる）信仰心を上乗せするのである。そして彼らは、（授けられた信仰心に）心躍らせるのだ。,
1360,また、心に病がある者たち[1]はといえば（スーラ*の啓示により）、彼らの穢れ[2]の上に更なる穢れを上乗せし、不信仰者*として死んでしまったのである。 <sup foot_note=>1</sup>,
1361,一体、彼ら（偽信者*たち）は、自分たちが毎年一度や二度は、試練[1]にかけられるということを知らないのか？その後に及んで、彼らは悔悟することもなく、教訓を得ることもないのだ。 <sup foot_note=>1</sup>,
1362,また、スーラ*[1]が下れば、彼ら（偽信者*たち）は互いに顔を見合わせ（て、互いにこう言っ）た。「（今、ムハンマド*のもとを立ち去ったとしても、）誰があなた方を目にすることがあろうか？」それから（誰の目にもつかなければ、）彼らは立ち去ってしまう。アッラー*が彼らの心を、彼らが理解しない民であるゆえに、（信仰から）お逸らしになったのだ。 <sup foot_note=>1</sup>,
1363,あなた方自身の内から一人の使徒*（ムハンマド*）が、確かにあなた方のもとに到来した。あなた方が苦しむのは、彼にとって辛いこと。「彼は）あなた方に対して懸命で[1]、信仰者たちにこそ哀れみ深く、慈愛深いのだ。 <sup foot_note=>1</sup>,
1364,（使徒*よ、）それで、もし彼ら（不信仰者たちと偽信者*たち）が（あなたへの信仰から）背くのであれば、言ってやるがよい。「私には、アッラー*だけで十分。かれ以外に（真に）崇拝*すべきものはなくーー私は、かれにこそ全てを委ねた*ーー、かれは偉大なる御座[1]の主であられるお方」。 <sup foot_note=>1</sup>,
1365,アリフ・ラーム・ラー[1]。それは、完全無欠な[2]啓典の御徴（アーヤ*）である。 <sup foot_note=>1</sup>,
1366,一体、人々には驚きだったというのか？われら*が彼らの内のある男に、「人々に、（アッラー*の懲罰を）警告せよ。そして信仰する者たちには吉報を伝えよ、彼らには自分たちの主*の御許で、真の高み[1]があるということを」と啓示したことが？不信仰者*らは言った。「本当にこれはまさしく、紛れもない魔術師である」。 <sup foot_note=>1</sup>,
1367,あなた方の主*は、諸天と大地を六日間で創造され[1]、それから御座[2]にお上がりになったアッラーである。かれは、万事を司られる。かれのお許しの後でなくしては（復活の日*）、いかなる執り成し手もいない。そのお方がアッラー*、あなたの主*。ゆえに、かれを崇拝*せよ。一体、あなた方は教訓を得ないのか？ <sup foot_note=>1</sup>,
1368,かれの御許にこそ（復活の日*）、あなた方全員の帰り所はある。アッラー*の真なるお約束（を、お約束になった）。本当にかれは創造を始められ、それから（死後に）それをお戻しになるのだ。（それは）かれが、信仰して正しい行い*を行った者たちに、公正にお報いになるため。そして不信仰だった者*たちには、彼らが不信仰に陥っていたことゆえに、煮えたぎる湯の飲み物と痛烈な懲罰があるのだ。,
1369,かれは太陽を（燦然たる）光、月を明かりとされ、あなた方が年数と計算[1]を知るべく、それ[2]に諸々の宿り場を定められたお方。アッラー*がそれを創造されたのは、真実ゆえに外ならない[3]。かれは知識ある民に、御徴[4]を明らかにされるのだ。 <sup foot_note=>1</sup>,
1370,本当に夜と昼の交代と、アッラー*が諸天と大地に創造されたものの内にはまさに、敬虔なる*民への御徴[1]がある。 <sup foot_note=>1</sup>,
1371,本当にわれら*との（来世における）拝謁を望まず[1]、現世の生活に満足して、それに安じる者たち、そして、われら*の御徴[2]をなおざりにしている者たち、 <sup foot_note=>1</sup>,
1372,そのような者たちの（来世での）住処は、彼らが（現世で）稼いでいたもの（罪）ゆえの業火。,
1373,本当に、信仰し、正しい行い*を行った者たち、彼らの主*はその信仰心ゆえ、彼らをお導きになる[1]。安寧の楽園では、彼らの下から河川が流れている。 <sup foot_note=>1</sup>,
1374,そこで彼らの祈願は、「あなたに称え*あれ、アッラー*よ」であり、そこでの彼らの挨拶は「（あなた方に）平安を[1]」。そして祈願の締めくくりは、「全創造物の主*、アッラー*に全ての称賛*あれ」。[2] <sup foot_note=>1</sup>,
1375,もし、アッラー*が人々に善きこと（の祈願を聞き入れること）を急がれるように、彼らに悪いこと（の祈願[1]を聞き入れ）を急がれるのであれば、彼らには自分たちの（滅亡の）期限（の到来）が決定されてしまったであろう。だが、われら*は（そうせず、）われら*との拝謁を望まない[2]者たちを彷徨うまま、そのひどい放埓さの中に放ったらかしにしておくのだ。 <sup foot_note=>1</sup>,
1376,また（不信仰な）人間は、有害が降りかかれば、横になって、または座りつつ、あるいは立ちながら、われら*に祈る。そして、われら*が彼からその害悪を取り除いてやれば、彼は自分に降りかかった害悪（からの救い）について、われら*に祈りなどしなかったかのように（以前の不信仰な状態を）続ける。同様に、（アッラー*とその使徒*に対する嘘において）度を越した者たちには、自分たちが行っていたこと[1]が目映く見えたのだ。 <sup foot_note=>1</sup>,
1377,また、われら*は確かにあなた方以前の幾つもの世代を、滅ぼした。使徒*たちが明証[1]を携えて彼らのもとに到来したにも関わらず、彼らが不正*を働き、信仰すべくもない状態にあった時のことであった。同様に、われら*は罪深い民に報いるのだ。 <sup foot_note=>1</sup>,
1378,それから（人々よ）、われら*は彼らの（滅亡の）後、あなた方を地上の継承者[1]とした。あなた方がどのような行いをするか、見届けるために。 <sup foot_note=>1</sup>,
1379,また、彼ら（シルク*の徒）にわれら*の明白な御徴（アーヤ*）が読誦された時、われらとの拝謁を望まない[1]者たちは（、こう）言った「これではないクルアーン*を披露してみよ。あるいは、それを変えよ[2]」。（使徒*よ、）言ってやるがいい。「私には、それを自分勝手に変更する権利などない。ただ私は、自分に啓示されたものに従うだけなのだから。本当に私は、もし我が主*に逆らったりしたら、偉大なる（復活の*）日の懲罰（が降りかかること）を怖れている」。 <sup foot_note=>1</sup>,
1380,（使徒*よ、）言ってやれ。「もしアッラー*がお望みになったのなら、私はそれ（クルアーン*）をあなた方に対して読誦しなかったし、また（アッラー*は）それをあなた方にお教えにもならなかったのだ。（それがアッラー*からの真実だと知れ、）私は確かに、それ（長い）年月[1]を過ごしたのだから。一体、あなた方は分別しないのか？」 <sup foot_note=>1</sup>,
1381,アッラー*に対して嘘を捏造し、あるいはその御徴を嘘呼ばわりする[1]者よりも、ひどい不正*を働く者がいようか？本当に罪悪者たちは、成功しないのである。 <sup foot_note=>1</sup>,
1382,彼ら（シルク*の徒）はアッラー*を差しおいて、彼らを害しなければ、益もしないようなものを崇めている。そして（彼らは、）言うのだ。「この者たちはアッラー*の御許での、私たちの執り成し手なのである」。（使徒*よ、）言ってやるがいい。「アッラー*に対し、かれが諸天においても大地においても関知されないことを、申し上げるというのか？」かれに称え*あれ、かれは彼らがシルクを犯しているものから（無縁で）、遥かに高遠なお方。,
1383,人々はかつて、（イスラーム*という一つの宗教に基づいた、）ただ一つの民に外ならなかったのであり、その後に意見を異にしたのである[1]。そして、もしあなたの主からの先んじた御言葉[2]（による懲罰の猶予）がなかったならば、彼らの間には、彼らが意見を異にしていたことにおいて、（早期での）裁決[3]が下されていただろう。 <sup foot_note=>1</sup>,
1384,また、彼ら（頑迷な不信仰者*たち）は言う。「どうして彼（ムハンマド*）には、彼の主*から御徴[1]が下らないのか？」では（使徒*よ、）言ってやるがいい。「本当にアッラー*にこそ、不可視の世界*は属するのだ。ならば、（私たちへのアッラー*のご裁決を）待つがよい。実に私も、あなた方と共に待つ者となるから」。 <sup foot_note=>1</sup>,
1385,また、われら*が（シルク*を犯している）人々に、彼らに降りかかった災難の後、慈悲[1]を味わわせたならば、どうであろう、彼らはわれら*の御徴に対して策謀[2]する。（使徒*よ、）言ってやれ。「アッラー*は、より早く策謀されるお方[3]」。本当にわれら*の使い（天使*）たちは、あなた方の策謀を書き留めているのだから[4]。 <sup foot_note=>1</sup>,
1386,（人々よ、）かれ（アッラー*）は、あなた方を海に陸に移動させられるお方。やがて、あなた方が船上の人となり、それらがよき風と共に彼ら[1]を乗せて進み、彼らがそれ（よき風）に有頂天になると、そこに強風が到来し、あらゆる場所から波が彼らを襲い、彼らは（八方ふさがりになって）自分たちの一巻の終わりを悟る。彼らはアッラー*だけに真摯に崇拝*行為を捧げつつ、（こう言って）かれに祈るのである[2]。「もしも、あなたが私たちをこれからお救い下さったなら、私たちは必ずや（あなたの恩恵を）感謝する者となりますのに」。 <sup foot_note=>1</sup>,
1387,それで、かれ（アッラー*）が彼らを（その苦境と恐怖から）お救いになれば、どうであろう、彼らは不当にも地上で（腐敗*や罪によって）侵犯するのだ。人々よ、あなた方の侵犯は、自分自身に対するもの[1]に外ならないのだぞ。現世の生活の楽しみ（を、あなた方は楽しんでいるだけ）。やがて、われら*こそがあなた方の帰り所となり、われら*はあなた方が行っていたことを、あなた方に告げ聞かせ（、それに報い）るのである。 <sup foot_note=>1</sup>,
1388,本当に現世の生活の様子は、（雨）水のようなもの。われら*は天からそれを降らし、人々と家畜が食する大地の（様々な）植物が、それと混合（し、茂って互いに混生）する。やがて大地がその装飾品を身にまとい、（種子や果実が花々で）自らを飾り立て、その住民がそれら（の収穫）を手にすることが出来ると思ったところで、（それらを壊滅させるという）われら*の命令が夜中に、あるいは昼間に、それらを襲う。そしてわれら*は、まるでそれらが昨日までは存在しなかったかのように、根こそぎにしてしまうのだ。このようにわれら*は、熟考する民に御徴（アーヤ*）を明らかにする。,
1389,アッラー*は平安の地へとお招きになり、かれがお望みになる者をまっすぐな道[1]へとお導きになる。 <sup foot_note=>1</sup>,
1390,善を尽くした者[1]たちには、最善のものと、（更なる）上乗せ[2]がある、そして彼らの顔を、埃や屈辱が覆うことはない。それらの者たちは天国の民であり、彼らはそこに永遠に留まる。 <sup foot_note=>1</sup>,
1391,そして悪行を稼いでいた者たちには、それと同様の悪い報いがあり、屈辱が彼らを覆う。彼らには、アッラー*（の懲罰）から守ってくれる者など、誰もいない。彼らの顔は、あたかも真っ暗な夜の断片に覆われてしまったかのよう。それらの者たちは業火の民であり、彼らはそこに永遠に留まるのだ。,
1392,われら*が彼らを皆召集し、それからシルク*を犯していた者たちに、（こう）言う（復活の）日*のこと（を思い起こさせよ）。「あなた方と、あなた方（がアッラー*）の同位者（としていたもの）たちは、自分たちの場所に（控えていよ）[1]」。われら*は彼らを別々にし、彼らの（アッラーに対する）同位者たちは、（自分たちを崇めていた者たちに向かって、こう）言う。「あなた方が崇めていたのは、私たちではなかった。 <sup foot_note=>1</sup>,
1393,アッラー*だけで、私たちとあなた方の間の証人は十分。本当に私たちは、あなた方の（私たちに対する）崇拝*について、無頓着だったのだから」。[1] <sup foot_note=>1</sup>,
1394,そこにおいて全ての者は、自分が（現世で）既に行ったことを検証する[1]。そしてアッラー*へと、彼らの真の庇護者*の御許へと戻されるのであり、彼らが捏造して（アッラー*と並べて崇めて）いたものは彼らから消え失せてしまうのだ。 <sup foot_note=>1</sup>,
1395,（使徒*よ、彼らシルク*の徒に）言ってやれ。「天と地から、あなた方に糧を与えられる[1]お方は誰か？いや、（あなた方の）聴覚と視覚を所有されるお方[2]は、誰なのか？また、死から生を取り出され、生から死を取り出される[3]お方は誰か？そして（全ての）物事を司られるお方は、誰なのか？」そうしたら、彼らは言うだろう、「アッラー*である」と。言ってやれ。「一体、あなた方は（かれを）畏れ*ないのか？」 <sup foot_note=>1</sup>,
1396,そのお方がアッラー*、あなた方の真の主*である。そして真理の外には、迷妄があるのみなのではないか？[1]一体、どうしてあなた方は（、アッラー*の崇拝*から別のものの崇拝*へと）逸らされるのか？ <sup foot_note=>1</sup>,
1397,（彼らシルク*の徒と）同様に、放逸だった者たちには、彼らは信仰しないという、あなたの主*の御言葉が確定したのである。,
1398,（使徒*よ、）言ってやれ。「あなた方（がアッラー*）の同位者（としているもの）たちの内、（無から）創造を始め、その（消滅）後、それを（元通りに）戻すものはあるのか？」言ってやるのだ。「アッラー*（のみ）が創造を始められ、その後にそれをお戻しになる。一体、どうしてあなた方は（、アッラー*の崇拝*から別のものの崇拝*へと）背かされるのか？」,
1399,（使徒*よ、）言ってやるがいい。「あなた方（がアッラー*）の同位者（としているもの）たちの内、真理へと導くものはあるのか？」言ってやれ。「アッラー*（のみ）が真理へとお導き下さるのである。それで一体、真理へとお導き下さるお方が、従われるにより相応しいのか？それとも導かれなければ、自ら導きを得ることはない[1]もの（が従われるに相応しいの）か？一体、あなた方はどうしたことか？あなた方は何という、（誤った）判断[2]をしているのか？ <sup foot_note=>1</sup>,
1400,彼らの大半が従っているのは、憶測に外ならない。実に憶測は真理に対して、少しも役立つことなどないのに[1]。本当にアッラー*は、彼らがなすことをご存知のお方。 <sup foot_note=>1</sup>,
1401,このクルアーン*が、アッラー*以外（の誰か）によって捏造されることなど、あり得ない。だが（それは、）それ以前のもの（諸啓典）への確証であり、全創造物の主*からの、疑惑の余地のない啓典（法）の解明なのである。,
1402,いや、一体、彼らは（こう）言うのか？「彼（ムハンマド）がそれ（クルアーン*）を捏造したのだ」。（使徒*よ、）言ってやれ。「では、それと同様のスーラ*を一つ、持って来てみよ[1]。そして、あなた方がアッラー*以外に（それを頼むことが）出来る（あらゆる）者を、呼んで、（手伝わせて）みるがよい。もし、あなた方が本当のことを言っているのなら」。 <sup foot_note=>1</sup>,
1403,いや、彼らは、まだその知識[1]を把握してもいなかったものを、（早合点して）嘘よばわりしたのだ。そしてその結末は、まだ彼らのもとに到来してはいないというのに[2]。同様に、彼ら以前の（不信仰）者*たちも、嘘よばわりしたのだ。そして見るがよい、不正*者たちの結果がいかなるものであったかを。 <sup foot_note=>1</sup>,
1404,（使徒*よ、）彼ら（あなたの民）の内には、それ（クルアーン*）を信じる者がおり、また彼らの内には、それを信じない者もいる。あなたの主*は、腐敗*を働く者たちのことを最もよくご存知である。,
1405,また（使徒*よ）、もし彼ら（シルク*の徒）があなたを嘘つき呼ばわりしたなら、言ってやるのだ。「私には自分の行い（とその報い）があり、あなた方には自分たちの行い（とその報い）がある。あなた方は私が行うことから無関係であり、私もあなた方が行うこととは無関係なのだ」。,
1406,また彼ら（不信仰者*たち）の中には、あなたに（表面的にのみ）耳を傾ける者たちがいる。一体あなたは、分別することもない聾に聞かせるというのか？[1] <sup foot_note=>1</sup>,
1407,また、彼ら（不信仰者*たち）の中には、あなた（の正しさの証明）に（表面的にのみ）目を向ける者たちがいる。一体あなたは、眼識もない盲人を導くというのか？,
1408,本当にアッラー*は、人々に対して少しの不正*も行われない。しかし人々が、自らに不正*を働いているのである。,
1409,かれ（アッラー*）が彼らを、あたかも昼の一時しか過ごさなかったかのような状態[1]で召集される（復活の）日*、（そこで）彼らは、お互いを認め合う[2]。アッラー*との拝謁を嘘呼ばわりした者たちは確かに損失したのであり、彼らは導かれた者たちではなかったのだ。 <sup foot_note=>1</sup>,
1410,そして（使徒*よ）、もしわれら*が（あなたの存命中）、彼らに約束したものの一部[1]をあなたに見せてやるにせよ、あるいは（その前に）あなたを召すにせよ、われら*にこそ彼らの帰り所はある。それからアッラー*は、彼らがすることの証人なの（であり、彼らに相応の報いを与えられるの）だ。 <sup foot_note=>1</sup>,
1411,また、（過去の）全ての民には、使徒*が（遣わされて）いる。それで彼らの使徒*が（来世において）到来する時、彼らの間は公正に、不正*を被ることなく、裁かれるのだ。,
1412,また、彼ら（シルク*の徒）は言う。「その約束（復活の日*）は、いつなのか？もし、あなた方が本当のことを言っているのならば」。,
1413,（使徒*よ、）言ってやれ。「私は自分自身に対し、アッラー*がお望みになったものの外、害（する力）も益（する力）も有してはいない。いかなる民にも、（定められた滅亡の）期限があるのだ。その期限が来れば、（彼らはそれを）一刻たりとも遅らせたり、早めたりすることはない」。,
1414,（使徒*よ、）言ってやるがいい。「言ってみよ、もし夜、あるいは昼に、かれ（アッラー*）の懲罰があなた方に到来したら？一体罪悪者たちは、その（懲罰の）内の何を、性急に求めている[1]のか？ <sup foot_note=>1</sup>,
1415,それから一体、あなた方（シルク*の徒）は、それ（アッラー*の懲罰）が起こる時になって、それを信じるというのか？（その時、あなた方にはこう言われる、）『一体、今頃になって（信じるのか）？あなた方は確かに、それを性急に求めていたくせに』」。[1] <sup foot_note=>1</sup>,
1416,それから不正*（シルク*）を働いていた者たちに、（こう）言われる。「永遠の懲罰を味わえ。一体、あなた方が報われているのは、自分たちが（現世で）稼いでいたことゆえ以外の、何ものでもないのではないか？」,
1417,（使徒*よ、）彼ら（シルク*の徒）は、あなたに尋ねる。「一体、それ[1]は真実なのか？」言ってやるのだ。「然り、我が主*にかけて、本当にそれはまさしく真実である。そしてあなた方は、（それから）、逃れられる者ではない」。 <sup foot_note=>1</sup>,
1418,もし、不正*（シルク*）を働いたあらゆる者に、地上にあるもの（全て）があったなら、（そして、それを懲罰を免れるための代償とすることが出来たのならば、）それで償ったであろう。そして懲罰を目の当たりにする時、彼らは（余りの恐怖ゆえ）後悔の念を露わに出来ない[1]。彼らは不正*を受けることなく、自分たちの間を公正に裁かれるのだ。 <sup foot_note=>1</sup>,
1419,本当にアッラー*にこそ、諸天と大地にあるもの（全て）が属するのではないか。本当にアッラー*のお約束[1]は、真実ではないか。だが、彼らの大半は知らないのだ。 <sup foot_note=>1</sup>,
1420,かれは生をもたらされ、死をもたらせせられる。そしてかれ（の御許）にこそ、あなた方は戻らされるのである。,
1421,人々よ、あなた方のもとには確かに、あなた方の主*からの訓戒と、胸の内にあるものへの癒し[1]、導きと、信仰者たちへの慈悲（である、クルアーン*）が到来した。 <sup foot_note=>1</sup>,
1422,（使徒*よ、）言うのだ。「アッラー*のご恩寵とそのご慈悲[1]ゆえに（喜べ）、それゆえにこそ喜ぶがよい。それは彼らが（現世で）集めている（つまらなく儚い）ものより、善いのだから」。 <sup foot_note=>1</sup>,
1423,（使徒*よ、彼ら不信仰者*たちに）言ってやるがいい。「言ってみよ、アッラー*があなた方のために下された糧のもの（について）。あなた方は（自分たちに）、その一部を非合法とし、（別の一部を）合法とした[1]」。言ってやれ。「一体アッラー*が、あなた方に（それを）許可されたのか？いや、あなた方はアッラー*に対して（嘘を）捏造しているのだ」。 <sup foot_note=>1</sup>,
1424,復活の日*、アッラー*に対して嘘を捏造する者たちの（、自分たちの結末に対する）予測は、いかなるものであろう？アッラー*こそはまさしく、人々への恩寵の主であられるが、彼らの大半は感謝しない。,
1425,（使徒*よ、）あなたが何らかの用事中でも、まさにクルアーン*から読誦する時でも、あなた方がいかなる行為を行っている時でも、あなた方がそれに取りかかっている時、われら*はもとより、あなた方を見守る者なのである。そして僅かな重みでも、大地にあろうが天にあろうが、あなたの主*（の知識）から免れることはない。また、それより小さいものでも、大きなものでも、明白な書[1]に（予め記されてい）ないものはないのだ。[2] <sup foot_note=>1</sup>,
1426,本当にアッラー*と親密な者[1]たち、彼らには怖れもなければ、悲しむこともない[2]のではないか。 <sup foot_note=>1</sup>,
1427,（彼らは）信仰し、（アッラー*を）畏れ*ていた者たち。,
1428,彼らには現世の生活と来世において、吉報がある[1]。アッラー*の（お約束という）御言葉に、変更はない。それこそは、偉大なる勝利なのである。 <sup foot_note=>1</sup>,
1429,（使徒*よ、）彼ら（シルク*の徒）の言葉が、あなたを悲しませるようであってはならない。本当に偉力は全て、アッラー*に属するのだから。かれはよくお聴きになるお方、全知者であられる。,
1430,本当にアッラー*にこそ、諸天にある者と、大地にある者（全て）が属するのではないか。そしてアッラー*を差しおいて（、かれの）同位者（と自分たちが見なしているもの）たちに祈っている者たちは、何に従っているのか？彼らは憶測に従っているに過ぎないのであり、彼らは決めつけているだけなのだ。,
1431,（人々よ、）かれ（アッラー*）は、あなた方がそこで安らぐように夜をお創りになり、昼を（生活のために）視界が利くものとされたお方。本当にそこにはまさしく、耳を傾ける民にとっての御徴[1]がある。 <sup foot_note=>1</sup>,
1432,彼ら（シルク*の徒）は、言った。「アッラー*は御子をもうけられた」ーーかれ（アッラー*）に称え*あれ[1]－－。かれは、満ち足りておられる*お方であるのに。かれにこそ、諸天にあるものと大地にあるもの（全て）は属する。あなた方には、これ[2]についての根拠などないのだ。一体あなた方は、アッラー*について知りもしないことを言うのか？ <sup foot_note=>1</sup>,
1433,言ってやれ。「本当にアッラー*に対して嘘を捏造する者たちは成功しない」。,
1434,（それは）現世における享楽[1]。その後、われら*（の御許）こそが、彼らの帰り所となる。それからわれら*は、彼らが不信仰を犯していたことゆえに、彼らに厳しい懲罰を味わわせるのだ。 <sup foot_note=>1</sup>,
1435,（使徒*よ、）彼ら（不信仰者*たち）に、ヌーフ*の話を読唱して聞かせよ。彼（ヌーフ）がその民に、（こう）言った時のこと。「我が民よ、もし（あなた方のもとでの）私の滞留と、アッラーの御徴[1]による（あなた方に対しての）私の訓戒が、あなた方にとって苦痛となったとしても、私はアッラーにこそ全てを委ねた*のだ。ならば、あなた方は自分たちの事を、あなた方（がアッラー）の同位者（としているもの）たちと共に決定し、その後はあなた方の（決定した）事を包み隠すことなく（公にし）、それから私に対してやり遂げてみよ[2]。私を猶予してくれなくてもよい。 <sup foot_note=>1</sup>,
1436,それで、もしあなた方が（私の呼びかけから）背き去ったとしても、私はあなた方に見返り[1]を要求していたわけではない。私の見返りは、全創造物の主*から以外の何ものでもないのであり、私は服従する者（ムスリム*）となるように命じられたのだから」。 <sup foot_note=>1</sup>,
1437,そして彼らは、彼（ヌーフ*）を嘘つき呼ばわりした。それで、われら*は彼と、彼と共にあった者を船で救って、彼らを継承者[1]とし、われら*の御徴[2]を嘘とした者たちを、溺れ（死に）させた[3]。ならば、警告を受けた者たちの結末がいかなるものだったかを、見てみるがよい。 <sup foot_note=>1</sup>,
1438,それから彼（ヌーフ*）の後、われら*は（その他の）使徒*たちを、彼らの民に遣わした。それで彼ら（使徒*たち）は、明証[1]と共に彼ら（その民）のもとに到来したものの、彼ら以前にそれを嘘呼ばわりしていたことゆえ、（使徒*たちのもたらしたものを）信じるべくもなかった[2]。同様にわれら*は、（アッラー*の法と使徒たちの教えに対する）侵犯者たちの心を、閉じてしまうのである[3]。 <sup foot_note=>1</sup>,
1439,それから彼らの後、われら*はムーサー*とハールーン*をわれら*の御徴[1]と共に、フィルアウン*とその（民の）有力者たちに遣わした。そして彼らは、（真実を受け入れることに）高慢であり、罪悪者である民であった。 <sup foot_note=>1</sup>,
1440,そして、彼らのもとにわれら*の御許からの真実が訪れると、彼らは言った。「本当にこれはまさしく、紛れもない魔術だ」。,
1441,ムーサーは言った。「一体あなた方は真実があなた方のもとを訪れた時、それに対して（そのようなことを）言うのか？これが魔術だというのか？魔術師たちは、成功しないというのに」。,
1442,彼らは、（ムーサー*に）言った。「一体あなたは、私たちが見出した自分たちのご先祖様のやり方[1]から、私たちを背かせるために来たのか？そして地上での権威が、あなた方両人（ムーサー*とハールーン*）のものとなるために？私たちはあなた方のことなど、信じる者ではないというのに」。 <sup foot_note=>1</sup>,
1443,フィルアウン*は、（有力者たちに）言った。「あらゆる習熟した魔術師を、私のもとに連れて来い」。,
1444,そして魔術師たちがやって来ると、ムーサー*は彼らに言った。「あなた方が投げる物（紐や杖など）を、「投げるがよい」。[1] <sup foot_note=>1</sup>,
1445,それで彼らが（それらを）投げた時、ムーサー*は言った[1]。「あなた方が披露したものは、魔術である。本当にアッラー*は、それを無効にして下さろう。実にアッラー*は、腐敗*を働く者たちの行い[2]を、容認されないのだから。 <sup foot_note=>1</sup>,
1446,そしてアッラー*は、その御言葉によって真理を確立される。たとえ、罪悪者たちが嫌がろうとも」。,
1447,そしてムーサーを信じたのは、その民の子孫だけだった。彼らは、フィルアウン*とその有力者たち[1]が、自分たちを試練にかけることを怖がっていたーー本当にフィルアウンは地上で驕り高ぶり、本当にまさしく、彼は度を越した者たちの類いであったーー。 <sup foot_note=>1</sup>,
1448,また、ムーサー*は言った。「我が民よ、もしアッラー*を信じたというのなら、かれにこそ全てを委ねよ*。もしあなた方が、服従する者（ムスリム*）であるならば」。,
1449,それで彼ら（ムーサー*の民）は、言った。「私たちは、アッラー*にこそ全てを委ねました。我らが主*よ、私たちを不正*者である民への試練とはしないで下さい[1] <sup foot_note=>1</sup>,
1450,また、あなたのご慈悲によって、私たちを不信仰の民*からお救いください」。,
1451,われら*は、ムーサー*とその兄（ハールーン*）に（、こう）啓示した。「あなた方二人の民のためにエジプトで家々を拠り所とし、あなた方の家々をキブラ*とし、礼拝を遵守*せよ[1]。そして信仰者たちには、吉報を伝えるのだ」。 <sup foot_note=>1</sup>,
1452,また、ムーサー*は言った。「我らが主*よ、実にあなたはフィルアウン*とその（民の）有力者に、現世の生活において、飾りと財産をお与えになりました。我らが主*よ、（その結果、）彼らは（それらの恩恵に感謝せず、）あなたの道から（自分たちと人々を）迷わせたのです。我らが主*よ、彼らの財産を変容させ[1]、彼らの心をきつく狭め、それで痛烈な懲罰を目の当たりにするまでは、彼らが信仰しないようにして下さい」。 <sup foot_note=>1</sup>,
1453,かれ（アッラー*）は仰せられた。「あなた方二人の祈願は、確かに聞き入れられた。ゆえに確固としてあれ[1]。そして（われら*の約束と警告について）知識のない者たちの道には、断じて従ってはならない」。 <sup foot_note=>1</sup>,
1454,われら*は、イスラーイールの子ら*に海を渡らせた[1]。そしてフィルアウン*とその軍勢は不当にも敵対して、彼らを追った。やがて溺死が彼（フィルアウン*）に襲いかかった時、彼は言った。「私は、イスラーイールの子ら*が信じたお方（アッラー*）の外、崇拝*すべき何ものもないことを信じました。そして私は、服従する者（ムスリム*）の一人なのです」。 <sup foot_note=>1</sup>,
1455,「（フィルアウン*よ、）今頃（信仰するの）か？[1]あなたは以前、確かに反抗していたし、腐敗*を働く者たちの類いだったのに。 <sup foot_note=>1</sup>,
1456,それでわれら*はこの日、あなたがあなたの後（世）の者たちへの（訓戒すべき）御徴となるべく、あなたをその肉体のみ[1]、高台にうち上げてやるとしよう。本当に多くの人々は、われら*の御徴に無頓着なのである[2]」。[3] <sup foot_note=>1</sup>,
1457,われら*は確かに、イスラーイールの子ら*を善い土地に住まわせ、善きものの内から、彼らに糧を授けた。そして彼らが意見を異にしたのは、彼らのもとに知識が到来した後のことだったのだ[1]。本当にあなたの主*は復活の日*、彼らが意見を異にしていたことについて、彼らの間に裁決をお下しになる。 <sup foot_note=>1</sup>,
1458,もし（使徒*よ）、われら*があなた[1]に下したもの（の真実性）について疑念を抱いているのなら、（確証と証言を得るため、）あなた以前に啓典を読んでいる者たちに尋ねるがよい。真理は確かにあなたの主*から、あなたのもとに到来したのである。ならば絶対に、（そのことを）疑わしく思う者たちの類いになってはならない。 <sup foot_note=>1</sup>,
1459,また（使徒*よ、）あなたは絶対に、アッラー*の御徴を嘘呼ばわりした者たちの一人となり、それによって損失者の類いとなってはならない。,
1460,本当に、（懲罰という）あなたの主*の御言葉が自分たちに確定した者たちは、信じないのである。,
1461,たとえ、彼らのもとに（訓戒と教訓としての）あらゆる御徴が訪れても。痛烈な懲罰を目の当たりにするまで（、信じないのだ）。[1] <sup foot_note=>1</sup>,
1462,どうして町（の住民）は（、懲罰を目の当たりにする前に）信仰し、その信仰で自らを益しなかったのか？[1]　但しユーヌス*の民だけは別で、彼らが信仰した時（、懲罰はまさに下ろうとしていたが）、われら*は彼らから現世の生活における屈辱の懲罰を取り除いてやり、暫しの間、彼ら（の余命）を楽しませておいたのである。[2] <sup foot_note=>1</sup>,
1463,（使徒*よ、）あなたの主*がお望みになったなら、地上の全ての者が揃って、信仰に入ったであろう。一体あなたは、人々が信仰者となるように強制するというのか？[1] <sup foot_note=>1</sup>,
1464,また、アッラー*のお許しなくしては、誰も信仰することなど叶わない。そして、かれ（アッラー*）は（、そのご命令を）弁えない者たちに対して、穢れ[1]をお与えになるのだ。 <sup foot_note=>1</sup>,
1465,（使徒*よ、）言ってやれ。「諸天にあるものと、大地にあるものを考えてみよーー御徴も警告も、信仰しない民には無益なのだがーー」。,
1466,彼らは一体、彼ら以前に過ぎ去って行った（不信仰）者*たちの日々[1]のようなものを、待つというのか？（使徒*よ、）言ってやるがいい。「では、待つがよい。本当に私も、あなた方と共に（あなた方への懲罰を、）待つ者となるから」。 <sup foot_note=>1</sup>,
1467,それからわれら*は、われらの使徒たちと、信仰した者たちを、救い出す。そのようにーー（それは）われらにとって必須なのだーー、われらは信仰者たちを救う。,
1468,（使徒*よ、）言うのだ。「人々よ、もしあなた方が私の宗教（イスラーム*）に疑念を抱いていたとしても、私はあなた方がアッラー*を差しおいて崇めているものを、崇拝*しない。だが私は、あなた方（の魂）をお召しになるアッラー*を崇拝*するのであり、信仰者の一人となることを命じられたのである。,
1469,そして、『（使徒*よ、）あなた[1]の顔をその純正[2]な宗教（イスラーム*）へと正すのだ。断じて、シルク*の徒の類いとなってはならない。 <sup foot_note=>1</sup>,
1470,また、あなたを益することもなければ害することもないもの[1]を、アッラー*を差しおいて祈ってはならない。もし（そのようなことを）したならば、そうしたら、本当にあなたは不正*者の類いとなってしまうだろう』と（命じられたのだ）」。 <sup foot_note=>1</sup>,
1471,（使徒*よ、）もしアッラー*があなたに害悪をお与えになれば、かれ以外には誰一人、それを取り除いてくれる者はいない。また、かれがあなたに何らかの善をお望みになれば誰一人として、その恩寵を突き返す（ことの出来る）者はいない[1]。かれはその僕の内から、かれがお望みになる者に、それ（有害あるいは善）をお与えになるのであり、かれは赦し深いお方、慈愛深い*お方なのだ。 <sup foot_note=>1</sup>,
1472,（使徒*よ、）言ってやれ。「人々よ、あなた方の主*から、あなた方のもとに真理が到来した。それで（それにより）導かれた者があれば、本当に彼は自分を益するために導かれるだけであり、また迷う者があれば、自分を害するために迷うだけ。そして私は（あなた方の信仰を委任された）、あなた方に対する代理人などではない」。,
1473,そして（使徒*よ、）あなたに啓示されるものに従い、アッラー*が裁決[1]を下されるまで忍耐せよ。かれは、裁決者の内でも最善のお方であられる。 <sup foot_note=>1</sup>,
1474,アリフ・ラーム・ラー[1]。（これは）そのアーヤ*が完全に仕上げられ、それから解明された、英知あふれる*お方、通暁されたお方の御許からの啓典である。 <sup foot_note=>1</sup>,
1475,あなた方が、アッラー*以外のいかなるものも崇拝*しないように、との。（ムハンマド*よ、人々に言え。）「本当に私はあなた方への、かれ（アッラー*）からの警告者、吉報を伝える者[1]である」。 <sup foot_note=>1</sup>,
1476,また、あなた方の主*に（罪の）お赦しを乞い、それからかれに悔悟せよ、との。（そうすれば、）かれは定められた期限まで、あなた方を善き楽しみで楽しませて下さり、あらゆる徳の持ち主には、その徳をお授け下さろう[1]。もし、彼らが（あなたが誘うものから）背き去るのであれば、（言うのだ、）「本当に私は、あなた方に対し、大いなる（復活の*）日の懲罰を怖れている」。 <sup foot_note=>1</sup>,
1477,アッラー*にこそ、あなた方の帰り所がある。そしてかれは、あらゆることがお出来なお方。,
1478,本当に彼ら（シルク*の徒）は、かれ[1]から（心の内を）隠そうとして、身をかがめているではないか。彼らがその衣服ですっぽり身を覆う時でも、かれ（アッラー*）は彼らの秘密にすることも、露わにすることもご存知なのではないか。本当にかれは、胸中にあるものを（全て）ご存知になるお方なのだから。 <sup foot_note=>1</sup>,
1479,地上を歩くいかなる生き物でも、その糧がアッラー*に委ねられていないものはない。またかれは、それらの定住地と収容地[1]をご存知である。全ては、明白なる書[2]の中に（予め定められて）あるのだから。 <sup foot_note=>1</sup>,
1480,また、かれ（アッラー*）は、あなた方の誰が最も行いが善いか、あなた方を試されるため、諸天と大地を六日間で創造された[1]お方ーー（その時、）かれの御座[2]は水の上にあったーー。（使徒*よ、）もしもあなたが彼ら（シルク*の徒）に、「本当にあなた方は死後、蘇らされる身の上なのだ」と言ったならば、不信仰に陥った者*たちは必ずや（こう）言う。「これ（クルアーン*）は、紛れもない魔術に外ならない」。 <sup foot_note=>1</sup>,
1481,そして、もしもわれら*が彼ら（シルク*の徒）に、決められた時期まで懲罰を遅らせてやったならば、彼らは必ずや（こう）言う。「（懲罰が真実なら、）何がそれ（が到来するの）を妨げているのか？[1]」見よ、それ（懲罰）が彼らに到来する日、それが彼らから逸らされることはなく、自分たちが嘲笑していたもの（懲罰）が彼らを包囲することになるのだ。 <sup foot_note=>1</sup>,
1482,また、もしもわれら*が人間に、われら*の御許からの慈悲[1]を（一旦）味わわせてやり、その後に彼からそれを奪い取ってしまったならば、本当に彼は必ず、（アッラー*のご慈悲に対して）失意の念激しい者、（かれの恩恵に対する）大層な恩知らずになる。 <sup foot_note=>1</sup>,
1483,そして、もしもわれら*が、彼に降りかかった害悪の後、恩恵[1]を味わわせたならば、彼は必ずや（こう）言うであろう。「悪事は、私から去って行ったぞ[2]」。本当に彼はまさしく、（恩恵に）有頂天な者、（他人に対して）高慢ちきな者である。 <sup foot_note=>1</sup>,
1484,但し、忍耐*して正しい行い*を行う者たちは、別である。それらの者たち、彼らには（罪の）お赦しと、大いなる褒美がある。,
1485,（使徒*よ、）あなたは、彼らが「どうして彼（ムハンマド*）に、財宝が下されなかったのか？あるいは、彼と共に（、彼が使徒*であることを証明する）天使*[1]がやって来なかったのか？[2]」と言うこと（を恐れるが）ゆえに、あなたに啓示されるものの一部を放棄しようとしたり[3]、それゆえに心苦しくなったりするかもしれない。（彼らの言うことは気にするな、）あなたは（啓示を伝えるだけの）警告者に過ぎず、アッラー*は全ての物事を請け負われる*お方なのだから。 <sup foot_note=>1</sup>,
1486,いや、一体、彼ら（シルク*の徒）は、「彼（ムハンマド*）が、それ（クルアーン*）を捏造したのだ」。と言うのか？言ってやれ。「では、それと同様の、捏造された十のスーラ*を（創作して）持って来てみよ[1]。そして、あなた方がアッラー*以外に（それを頼むことが）出来る（あらゆる）者を呼んで（手伝わせて）みるがよい。もし、あなた方が本当のことを言っているのならば。 <sup foot_note=>1</sup>,
1487,それで、もし彼らがあなた方に応じなかったなら、知るがよい。それ（クルアーン*）が実にアッラー*の御知識と共に下され、かれ（アッラー*）以外には（真に）崇拝*すべきものがないということを。ならば一体、あなた方は服従する者（ムスリム*）であるか？[1] <sup foot_note=>1</sup>,
1488,誰であろうと、現世の生活とその飾りが欲しい者、われら*は彼らにそこで、その行い（の報い）を余すことなく与えてやろう。そして彼らがそこで、（行為の報いを）減じられることはないのだ。[1] <sup foot_note=>1</sup>,
1489,それらの者たちは、来世では業火の外に、何もない者たち。彼らがそこ（現世）で成したことは台無しとなるのであり、彼らが行っていたことは、まさしく無意味なのだ。,
1490,また一体、自分の主*からの明証に依拠していた者[1]は（、現世のみを欲していた者と同様であろうか）？そして、かれ（アッラー*）の御許からの証人[2]と、それ以前に（信仰者への）指針と慈悲であったムーサー*の啓典[3]が、それ（明証）に次ぐのである。それらの者たちが、それ（クルアーン*）を信じるのだ。そして（預言者*に敵対する）党派の内、それ（クルアーン*）を否定した者は誰でも、業火がその約束の地となる。ならば、（使徒*よ、）あなた[4]は、それを疑わしく思う者となってはならない。本当にそれは、あなたの主*からの真実なのだから。だが、人々の大半は信じない。 <sup foot_note=>1</sup>,
1491,アッラー*に対して嘘を捏造した者よりも、ひどい不正*を働く者がいようか？それらの者たちは（復活の日*、自らの行いに対する清算のため、）自分たちの主*に差し出される。そして証人[1]たちは言うのだ。「この者たちが（現世で）、自分たちの主*に対して嘘を言った者たちです」。不正*者たちには、アッラー*の呪い[2]があるのではないか。 <sup foot_note=>1</sup>,
1492,（彼らは、自分たちと人々を）アッラー*の道から阻み、それ（その道）を捻じ曲げることを望む者たち。そして彼らこそは、まさしく来世を否定する者たちなのである。,
1493,それらの者たちは、地上で（アッラー*の懲罰から）逃れられる者ではなかったのであり、彼らにはアッラー*の外に、（自分たちを守ってくれる）いかなる庇護者もなかったのだ。彼らには（地獄で、）懲罰が倍増される。彼らは聞くことも出来なければ、見ることもなかったのだ[1]。 <sup foot_note=>1</sup>,
1494,それらの者たちは自らを損ねた者たちであり、彼らが（執り成し手[1]として）でっち上げていたものは、彼らから消え去ってしまったのだ。 <sup foot_note=>1</sup>,
1495,間違いなく、彼らこそは来世において、最大の損失者である。,
1496,本当に、信仰し、正しい行い*を行い、自分たちの主*に謹んで従う[1]者たち、それらの者たちは天国の徒。彼らはそこに、永遠にと留まる。 <sup foot_note=>1</sup>,
1497,その二つの集団（不信仰者*と信仰者）の状況は、盲人と聾、見える者と聞こえる者[1]のようである。それら（二つの集団）は、その状況において同等だろうか？一体、彼らは教訓を得ないのか？ <sup foot_note=>1</sup>,
1498,われら*は確かに、ヌーフ*をその民に遣わした。（彼は、民に言った。）「本当に私はあなた方への、明白なる警告者である。,
1499,（私はあなた方に、）アッラー*以外のものを崇拝*してはならない（、と命じる）。本当に私は、あなた方に、痛烈な日の懲罰を怖れているのだから」。,
1500,すると彼の民の内の、不信仰だった有力者たちは言った。「私たちは、あなたが私たちと同様の人間としか思わないし、あなたに短絡的に[1]従ったのは、私たちの内でもまさに最底辺の者たちとしか思わない。また私たちに対して、あなた方に特に優れた点があるとも思えない。いや、私たちはあなた方が嘘つきだと確信しているのだ」。 <sup foot_note=>1</sup>,
1501,彼（ヌーフ*）は、言った。「我が民よ、言ってみよ。私が、我が主*からの明証[1]に依拠し、その御許からのご慈悲[2]を授かっているにも関わらず、（自分たちの無知と偽りゆえに、そのご慈悲が）あなた方に見えないのであれば、一体私たちはそれをあなた方に（無理矢理）押しつけることが出来ようか？あなた方はそれを、嫌っているというのに？ <sup foot_note=>1</sup>,
1502,我が民よ、私は、それ[1]ゆえにあなた方にお金を要求しているのではない。私の見返りは、全創造物の主*から以外にはないのだから。また私は、信仰する者たちを追い出す者ではない[2]。本当に彼らは（復活の日*）、彼らの主*と拝謁する身の上[3]なのだから。しかし私は、あなた方が無知な民であると思う。 <sup foot_note=>1</sup>,
1503,我が民よ、一体、誰が私をアッラー*（の懲罰）から助けてくれるのか？もし私が、彼ら（信仰者たち）を追い出したりしたら？一体、あなた方は教訓を得ないのか？,
1504,また私はあなた方に、自分にはアッラー*の（数々の）宝庫があるなどとは言っていないし、不可視の世界*も知らないし[1]、自分は天使*だとも言ってはいない。また、あなた方が見下している者たちに対し、アッラー*は彼らに善きもの[2]をお授けにはならない、とも言わない。アッラー*が彼らの胸中を、最もよくご存知なのだ。本当に私は、そうすれば[3]、まさに不正*者の仲間となってしまうのだから」。 <sup foot_note=>1</sup>,
1505,彼ら（不信仰者*たち）は、言った。「ヌーフ*よ、あなたは私たちと論争し、私たちとやたら論争した。では、あなたが私たちに約束するもの（懲罰）を、私たちにもたらしてみよ。もし、あなたが本当のことを言っているのであれば」。,
1506,彼（ヌーフ*）は、言った。「（外ならぬ）アッラー*こそが、それ（懲罰）をあなた方にもたらされるのだーーもし、かれがお望みになればーー。あなた方は、（それから）逃れられる者ではない。,
1507,また私の忠告は、あなた方の役には立たない。もしアッラー*が、（あなた方が真理を拒否したことゆえ、）あなた方を逸脱させることをお望みならば、たとえ私があなた方への忠告を望んだとしても。かれがあなた方の主*なのであり、かれにこそ、あなた方は戻らされるのだから」。,
1508,いや、一体、彼らは「彼がそれ[1]を捏造したのだ」と言うのか？言ってやれ。「もし私がそれを捏造したのなら、私（のみ）に我が罪がある。そして私は、あなた方の犯しているもの（不信仰）から無縁なのだ」。 <sup foot_note=>1</sup>,
1509,そしてヌーフ*に、啓示された。既に信仰した者の外、あなたの民の内から（誰一人）信仰することはない、と。ならば彼らがしていたことで、悲嘆に暮れるのではない。,
1510,また、われら*の眼差しのもと[1]、われら*の啓示によって[2]船を造り、（不信仰という）不正*を働いた者たち（の懲罰の延期を求めること）について、われに話しかけるのではない。実に彼らは、溺れさせられる者たちなのだから。 <sup foot_note=>1</sup>,
1511,彼の民の有力者らが彼のもとを通りかかるたび、彼を嘲笑する中、彼は船を造る。彼（ヌーフ*）は言った。「あなた方が私たちを嘲笑しても、実に私たちは（いずれ）、あなた方が私たちを嘲笑しているように、あなた方を嘲笑するのだ。,
1512,それであなた方はやがて、知ることとなろう。誰に辱めの懲罰が到来し、（来世においては）永続の懲罰が襲いかかることになるかを」。,
1513,ついに（不信仰者*を滅亡させる）われら*の命令が到来し、焼き窯が噴出した[1]時、われら*は（ヌーフ*）に言った。「それ（船）に、全て（の生き物）から一つがいずつと、あなたの家族と信仰した者を、そこに乗り込ませよ。但し、既に（懲罰の）言葉が定められた者[2]は別である」。そして僅かな者たちだけしか、彼と共に信仰しなかった。 <sup foot_note=>1</sup>,
1514,彼（ヌーフ*）は、（信仰者たちに）言った。「それに乗り込むのだ。その航行と停泊は、アッラー*の御名において。本当に我が主*はまさしく、赦し深いお方、慈愛深い*お方」。,
1515,船は彼らを乗せて、山々のような波の中を走った。そしてヌーフ*は、自分の息子を呼んだーー彼は、（信仰者たちから）遠い場所[1]にいたのだーー。（ヌーフ*は言った。）「我が息子よ、私たちと一緒に（船に）乗れ！不信仰者*たちと一緒にいるのではない！」 <sup foot_note=>1</sup>,
1516,彼（息子）は言った。「私は、水から自分を守ってくれる山に、避難します」。彼（ヌーフ*）は言った。「この日アッラー*のご命令から守ってくれるものは、何一つない。但し、かれがご慈悲をかけて下さ（り、信仰して船に乗）った者は、別だが」。そして二人の間を波が阻み、彼（息子）は溺れ死んだ者たちの一人となった。,
1517,そして（、こう）言われた[1]。「大地よ、あなたの水を呑み込み、天よ、（雨を）止めよ」。そして水は引き、（不信仰者たちの滅亡という）ご命令は成就され、それ（船）はアル＝ジューディー[2]の上で泊まった。そして不正*者である民に、（こう）言われたのだ。「滅亡あれ」。 <sup foot_note=>1</sup>,
1518,ヌーフ*は彼の主*に呼びかけて、申し上げた。「我が主*よ、本当に我が息子は、我が家族の一員です。そして本当にあなたのお約束は真実であり、あなたは最善の裁き手であられますのに（、彼は溺れ死んでしまいました）」。,
1519,かれ（アッラー*）は、仰せられた。「ヌーフ*よ、本当に彼は、あなたの家族の一員などではない[1]。実に彼は、行いが正しくない者なのだから。ならば、（その結果の善悪について）自分に知識もないことを、われに求めるのではない。本当にわれは、あなたが無知な者の類いとならぬよう、あなたを戒める」。 <sup foot_note=>1</sup>,
1520,彼（ヌーフ*）は申し上げた。「我が主*よ、本当に私は、自分に知識がないことをあなたに求めたりしないよう、あなたにご加護を乞います。そしてあなたが私をお赦しになり、私にご慈悲をかけて下さらなければ、私は損失者の類いとなってしまいます」。,
1521,（すると、こう）言われた[1]。「ヌーフ*よ、われら*からの平安と共に、そしてあなたと、あなたと共にある者（たち）からなる共同体への祝福と共に、（船から地上へと）降りよ。（その子孫の内には、）われら*が（現世で）楽しませておき、その後にわれら*かれの痛ましい懲罰が降りかかる共同体も（、出現することになるのだが）」。 <sup foot_note=>1</sup>,
1522,それは（使徒*よ）、われら*があなたに啓示する、不可視の世界*に属する消息の一部である。あなたも、あなたの民もこれ以前、それを知りはしなかったのだ。忍耐*せよ。本当に（現世と来世での善き）結末は、（アッラー*を）畏れる*者たちにあるのだから。,
1523,またアード*には、その同胞フード*を（遣わした）。彼（フード*）は言った。「我が民よ、アッラー*（のみ）を崇拝*せよ。あなた方にはかれの外、崇拝*すべきものなどないのだから。あなた方は（シルク*という嘘の）、捏造者以外の何者でもない。,
1524,我が民よ、私はそれ[1]ゆえに、あなた方に見返りを要求しているのではない。私の見返りは、私を創成[2]されたお方（アッラー*）から以外にはないのだ。一体、あなた方は（真理を）弁えないのか？ <sup foot_note=>1</sup>,
1525,我が民よ、そして自分たちの主*に（罪の）赦しを乞い、それからかれに悔悟するのだ。（そうすれば、）かれはあなた方の上に豊かな雨を送り給い、あなた方の力の上に更なる力を上乗せして下さろう。そして（私の招く教えから、）罪深くも背き去ってはならない」。,
1526,彼ら（アード*）は、言った。「フード*よ、あなたは（自分の正しさを証明する）証拠を、私たちに持って来てはいない。また、私たちはあなたの言葉ゆえに、私たちの神々[1]を放棄する者ではないし、私たちはあなたを信じる者でもないのだ。 <sup foot_note=>1</sup>,
1527,私たちの神々の内のいくつかが、あなたを悪いもの（狂気）で祟ったとしか言いようがない」。彼（フード*）は言った。「実に私は、アッラー*を（私の言葉の）証人としよう。そしてあなた方は、あなた方が（アッラー*の）同位者としているものと私が無縁であると証言せよ。,
1528,かれ（アッラー*）を差しおいて（、あなた方がシルク*を犯しているものとは無縁だ、と）。では、あなた方は一丸となって、私に対し策略を練るがよい。それから私には、猶予など与えなくてもよい。,
1529,本当に私は、我が主*であり、あなた方の主*であるアッラー*に、全てを委ねた*のだから。地を歩く生きもので、かれがその前髪をお掴みになっていないものはない[1]。本当に我が主*は、まっすぐな道におられる[2]お方。 <sup foot_note=>1</sup>,
1530,それでもし、あなた方が（私が招くことから）背き去ったとしても、（私は構わない、）私は確かに、私があなた方へと託されて遣わされたものを、あなた方に伝えたのだから。我が主*は（あなた方を滅ぼされ）、あなた方とは別の（信仰する）民をお継がせになるのであり、あなた方がかれを害することなど少しもないのだ。本当に我が主*は全てのことを、よくお守りになる*お方」。,
1531,（アード*を滅ぼすという）われら*の命令が到来した時、われら*はわれら*の御許からの慈悲によって、フード*と、彼と共に信仰した者たちを救い出した。われら*は彼らを、荒々しい懲罰から救ったのである。,
1532,それがアード*、彼らは自分たちの主*の御徴[1]を否定し、その使徒*ら[2]に歯向かい、（真理に対して）尊大で頑迷なあらゆる者たちの命令に従った。 <sup foot_note=>1</sup>,
1533,また彼らは、この現世において、呪い[1]に付きまとわれた。そして、復活の日*においても。まさしくアード*は自分たちの主*に対して不信仰だったのではないか。フード*の民アード*に滅亡あれ。 <sup foot_note=>1</sup>,
1534,またサムード*には、その同胞サーリフ*を（遣わした）。彼は言った。「我が民よ、アッラー*（のみ）を崇拝*せよ。あなた方にはかれの外、崇拝*すべきものなどないのだから。かれは大地からあなた方（の祖アーダム*）を創造され、あなた方をそこにおける開拓者とされた[1]。ならば、かれに（罪の）お赦しを乞い、かれに悔悟するのだ。本当に私の主*は近くにおられるお方、（祈りを）聞き届けられるお方[2]であるのだから」。 <sup foot_note=>1</sup>,
1535,彼ら（サムード*）は、言った。「サーリフ*よ、あなたはこれ[1]以前、私たちの間で確かに期待された人物であった。一体あなたは、私たちが、私たちのご先祖様が崇めるものを、崇めることを、禁じるのか？本当に私たちは、あなたが私たちを招いているものに対する、大きな疑惑の真っ只中にあるというのに」。 <sup foot_note=>1</sup>,
1536,彼（サーリフ*）は、言った。「我が民よ、言ってみよ。もし私が、我が主*からの明証[1]に立脚し、その御許からのご慈悲[2]を授かっているにも関わらず、私がかれに逆らったならば、誰が私をアッラー*（の懲罰）から助けてくれるのか？あなた方（の呼びかけ）は私に、損失を上乗せするだけである。 <sup foot_note=>1</sup>,
1537,我が民よ、そしてこれは（私の言うことの正しさを証明する、）あなた方への御徴としての、アッラー*の雌ラクダ[1]だ。ゆえにそれをアッラー*の地で食べるがままにしておき、それに対して害を及ぼしてはならない。そうすれば、間近に迫った懲罰があなた方に襲いかかるであろう」。 <sup foot_note=>1</sup>,
1538,こうして彼らは（サーリフ*を嘘つき呼ばわりし）、その（雌ラクダの）腱を切った[1]。彼（サーリフ*）は、言った。「（懲罰が下るまでの）三日間、自分たちの土地で楽しんでいるがいい。それは偽りではない、（アッラー*からの）お約束だ」。 <sup foot_note=>1</sup>,
1539,そして（、サムード*を滅ぼすという）われら*の命令が到来した時、われら*はわれら*の御許からの慈悲によって、サーリフ*と、彼と共に信仰した者たちを救い出した。また、その日の屈辱から（、彼らを救ったのだ）。本当にあなたの主*は強力なお方、偉力ならびない*お方である。,
1540,そして不正*を働いた者たちを（轟く）一声[1]が捉えると、彼らは（四日目の）朝、自宅で突っ伏して（死んで）いた。 <sup foot_note=>1</sup>,
1541,彼らはあたかも、そこに暮らしてはいなかったかのようであった[1]。まさしくサムード*は、彼らの主*に対して不信仰であったのではないか。サムード*に滅亡あれ。 <sup foot_note=>1</sup>,
1542,また、われら*の御使い（人間の姿を借りた天使*）たちは確かに、吉報を携えてイブラーヒーム*のもとに到来した[1]。彼らは（イブラーヒーム*に）言った。「（あなたに）平安を[2]」。彼（イブラーヒーム*）は言った。「（あなた方にこそ）平安を」。そして彼はすぐさま、焼いた仔牛を持って（彼らのところへと）やって来た。 <sup foot_note=>1</sup>,
1543,そして彼（イブラーヒーム*）は、彼らの手がそれ（仔牛）に伸びないのを見た時、彼らを不審に思い、彼らに対して恐怖感を抱いた。彼らは言った。「怖がらなくてもよい。本当に私たちは、ルート*の民に（彼らを滅ぼすべく）遣わされたのだから」。,
1544,彼の妻（サーラ）は立って（その話を聴いて）おり[1]、笑ってしまった[2]。そしてわれら*は彼女に（天使*たちを介して）、イスハーク*（誕生）の吉報を伝えた。またイスハーク*の後には、ヤァクーブ*を（授けたのだ）。 <sup foot_note=>1</sup>,
1545,彼女（サーラ）は言った。「我が災いよ[1]！私は年寄りで、これ（イブラーヒーム*）は老人である我が主人だというのに、私が出産するとでも？本当にこれは全く、驚くべきことです」。 <sup foot_note=>1</sup>,
1546,彼ら（天使*たち）は、言った。「あなたはアッラー*の定めに驚いているのか？（預言者*）家の人々よ、アッラー*のご慈悲と祝福が、あなた方の上にあるように。本当にかれは称賛されるべき*お方、栄誉高き*お方である」。,
1547,そしてイブラーヒーム*から（、彼らが食事に手を出さなかったことによる）恐怖が去り、彼のもとに吉報が訪れると、彼はルート*の民について、われら*（の天使*たち）と議論[1]し出す。 <sup foot_note=>1</sup>,
1548,本当にイブラーヒーム*こそは寛容な者、哀願する者[1]、よく（アッラー*に悔悟して）立ち返る者である。 <sup foot_note=>1</sup>,
1549,（天使*たちは言った。）「イブラーヒーム*よ、これ[1]から身を引くのだ。本当にあなたの主*のご命令は確かに到来したのであり、彼らにはまさしく、防ぐことの出来ない懲罰が襲いかかるのだから」。 <sup foot_note=>1</sup>,
1550,そしてわれら*の使いたちが（やはり人間の姿で）ルート*を訪れた時、彼は彼ら（の来訪）ゆえに気が滅入り、心苦しくなった。彼は言った。「これは大変な日だ」。[1] <sup foot_note=>1</sup>,
1551,そして彼（ルート*）の民が、彼のもとに急き立てられるようにしてやって来た。彼らは（天使*たちの訪問）以前、悪行（男色）を働いていたのだ。彼（ルート*）は言った。「我が民よ、これらの者たちは私の娘[1]である（から、望むなら結婚せよ）。彼女らの方が、あなた方にとって清浄なのだ。ならばアッラー*を畏れ*、私の客人のことで私を辱めるのではない。一体あなた方の中に、まともな者はいないのか？」 <sup foot_note=>1</sup>,
1552,彼ら（民）は言った。「あなたの娘たちへの用など私たちにないことは、とっくに知っているはずだ。そして本当にあなたは、私たちが求めるものを、まさに知っている」。,
1553,彼（ルート*）は言った。「もし私に、あなた方に対する力があったなら。あるいは、力強い支持者に身を寄せることが出来たなら」。,
1554,彼ら（天使*たち）は言った。「ルート*よ、実に私たちは、あなたの主*の御使いなのだ。彼らが（害悪をもって）、あなたに触れることはない。ゆえに夜が更けてから、あなたの家族と共に（町[1]を）出発せよ。そしてあなた方の誰一人として、（後ろを）振り向いてはならない。但し、あなたの妻は別である。本当に、彼らに降りかかるもの（懲罰）が、彼女に（も）降りかかるのだから。実に彼らの約束の時は、早朝である。一体、早朝は間近なのではないか？」 <sup foot_note=>1</sup>,
1555,そして（ルート*の民を滅ぼすという）われら*の命令が到来した時、われら*はそれ（町）を逆さまに（ひっくり返）し、その上に、積み重なった[1]（硬い）泥土からなる石を降らせた。 <sup foot_note=>1</sup>,
1556,主*の御許で、印[1]がつけられた（石を）。それは（クライシュ族*の不信仰者*という）不正*者たちから、遠いわけではない[2]。 <sup foot_note=>1</sup>,
1557,またマドゥヤン*（の民）には、その同胞シュアイブ*を（遣わした）。彼は言った。「我が民よ、アッラー*（のみ）を崇拝*せよ。あなた方にはかれの外、崇拝*すべきものなどないのだから。そして升と秤[1]を減じ（、不正*を働い）てはならない。私はあなた方が豊かなのを目にしているが、本当に私はあなた方に対し、（あなた方を）八方ふさがりにする日の懲罰[2]（が降りかかるの）を怖れているのだから。 <sup foot_note=>1</sup>,
1558,我が民よ、そして升と秤（の測量）を公正さでもって全うするのだ。人々に対し、彼らのもの（権利）を損ねたり、腐敗*を働く者となって、地上で退廃を広めたりしてはならない。,
1559,アッラー*が残された物[1]の方が、あなた方にとってより善いのである。もし、あなた方が（本当に）信仰者なのであれば、だが。そして私は、あなた方への監視役[2]などではない」。 <sup foot_note=>1</sup>,
1560,彼ら（民）は、言った。「シュアイブ*よ、あなたの（常々行っている）礼拝[1]が、私たちのご先祖様が崇めるもの[2]や、私たちが自分たちの財産において好き勝手に振舞うことを私たちが放棄するよう、あなたに命じているのか？本当にあなたという人は、寛大なお方、まともなお方だ[3]」。 <sup foot_note=>1</sup>,
1561,彼（シュアイブ*）は言った。「我が民よ、言ってみよ、私が我が主*からの明証[1]に依拠し、その御許からの善き糧を授かっているというのに（、どうして私がアッラー*の命に背こうか）？そして私は、自分があなた方に禁じることにおいて、自ら違反するつもりはない。私は自分の出来る限り、（あなた方を）改善したいだけなのだから。そして私の成功は、アッラー*のみにかかっている。私はかれにこそ全てを委ね*、かれにこそ（悔悟して不断に）立ち返るのだ。 <sup foot_note=>1</sup>,
1562,我が民よ、私への反目のせいで、ヌーフ*の民、フード*の民、サーリフ*の民に降りかかったようなものを、自分たちに降りかからせては、絶対にならない。ルート*の民は、あなた方から遠い[1]わけではないのだ。 <sup foot_note=>1</sup>,
1563,そしてあなた方の主*にお赦しを乞い、それからかれに悔悟せよ。本当に我が主*は、慈愛深い*お方、寵愛深い*お方なのだから」。,
1564,彼ら（民）は、言った。「シュアイブ*よ、私たちはあなたの言うことの多くが分からないし、本当に私たちはまさしく、あなたが私たちの内で弱者だと思う。また、もしあなたの身内さえいなければ、あなたを（石で）打ち殺してやった[1]のだが。あなたは、私たちにとって貴人などではない」。 <sup foot_note=>1</sup>,
1565,彼（シュアイブ*）は言った。「我が民よ、一体アッラー*よりも私の身内の方が、あなた方にとって貴いというのか？かれ（アッラー*）のことを、自分たちの背後に放ったらかしにしておきながら？本当に我が主*は、あなた方の行なうことを悉く包囲される*お方。,
1566,我が民よ、あなた方は自分たちのやり方で（、出来る限りのことを）行うがよい。実に私も、（自分のやり方で）行おう。あなた方はやがて、誰のもとに懲罰が訪れて、その者を辱めることになるか、また誰が嘘つきかを、知ることになろう。そして（自分たちに何が起こるか、）見守っているがよい。本当に私も、あなた方と共に見守る者なのだから。,
1567,そして（マドゥヤン*を滅ぼすという）われら*の命令が到来した時、われら*はわれらの御許からの慈悲によって、シュアイブ*と、彼と共に信仰した者たちを救い出した。そして不正*を働いた者たちを（轟く）一声[1]が捉えると、彼らは朝、自宅で突っ伏して（死んで）いた。 <sup foot_note=>1</sup>,
1568,彼らはあたかも、そこに暮らしてはいなかったかのようであった[1]。サムード*が滅亡したように、マドゥヤン*に（も）滅亡あれ。 <sup foot_note=>1</sup>,
1569,また、われら*は確かにムーサー*を、われら*の御徴と紛れもなき証拠[1]と共に遣わした。 <sup foot_note=>1</sup>,
1570,フィルアウン*と、その（民の）有力者たちに。それで彼ら（民）は、（それを信じるのではない、という）フィルアウン*の命令に従った。フィルアウン*の命令など、真っ当なものではないのに。,
1571,彼（フィルアウン）は復活の日*、その民の先頭を切って進み、彼らを（地獄の）業火（という水場）に連行する[1]。（彼らの）連行先である水場は、何と醜悪であろうか。 <sup foot_note=>1</sup>,
1572,また彼らは、これ（現世）と復活の日*において、呪いに付きまとわれる。（彼らに）授けられたその授かり物は、何と醜悪であろうか。,
1573,（使徒*よ、）それは（われら*が滅ぼした）町々の消息の一部であり、われら*があなたに語り聞かせるもの。その中には（まだ痕跡の）残っているものもあれば、（跡形もなく）壊滅させられたものもある。,
1574,そして、われら*が彼らに不正*を働いたのではない。しかし彼らが、（シルク*と地上で腐敗*を働くことで、）自分自身に不正*を働いたのである。（彼らの懲罰という）あなたの主*のご命令が到来した時、彼らがアッラー*を差しおいて祈っている彼らの神々[1]は、彼らを少しも益することがなかった。そしてそれらは彼らに、破滅以外の何も上乗せしてはくれなかったのである。 <sup foot_note=>1</sup>,
1575,そして不正[1]を働く町々（の民）を（懲罰で）捕らえた時の、あなたの主*の捉え方も、（それらの町々に対するそれと）同様なのである。本当にかれの捉え方は、痛烈で凄まじい。 <sup foot_note=>1</sup>,
1576,本当にその中にまさしく、来世の懲罰を怖れる者への御徴[1]がある。それは（清算と報いの）そのために、人々が集められる日、そしてそれは（前創造物によって）立ち会われる日なのだ。 <sup foot_note=>1</sup>,
1577,そしてわれら*はそれ（復活の日*）を、決められた期限までしか、先延ばしにすることがない。,
1578,いかなる者も、かれ（アッラー*）のお許しなくしては話すことがない[1]、それ（復活の時）が到来する日。彼らの中には不幸な者も、幸福な者[2]もいる。 <sup foot_note=>1</sup>,
1579,それで（間違った信仰と悪行ゆえ、現世で）不幸になった者たちといえば、（地獄の）業火の中にある。そこで彼らに、（その苦しみゆえの）大きな呻き声と喘ぎ声[1]がある。 <sup foot_note=>1</sup>,
1580,諸天と大地が続く限り[1]、永遠にそこに留まる。但し、あなたの主*がお望みになったこと[2]は別だが。本当に（使徒*よ、）あなたの主*は、かれがお望みになることを決行されるのだ。 <sup foot_note=>1</sup>,
1581,また幸福な者たちはといえば、天国の中にある。諸天と大地が続く限り[1]、永遠にそこに留まる。但し、あなたの主*がお望みになったこと[2]は別だが。（アッラー*は）途絶えることのない賜物（を、彼ら幸福な者たちにお与えになる）。 <sup foot_note=>1</sup>,
1582,ならば（使徒*よ）、あなた[1]は（シルク*の徒である）これらの者たちが崇めるもの（の無意味さ）を、疑わしく思ってはならない。彼らは、過去に自分たちの先祖が崇めていたように（偶像を）崇めているに過ぎず、本当にわれら*は必ずや、彼らの取り分[2]を不足なく全うしてやるのだから。 <sup foot_note=>1</sup>,
1583,また、われら*は確かに、ムーサー*に啓典（トーラー*）を授けた。すると、そこにおいて異論が生じ（、ある者は信じ、ある者は信じなかっ）た。そして（使徒*よ）、もし（彼らに対する懲罰を猶予する、という）あなたの主*からの先んじた御言葉がなければ、彼らの間には裁決[1]が下されてしまったであろう。そして本当に彼ら（不信仰者*たち）はそれ（クルアーン*）に対して、大きな疑惑の真っ只中にあるのだ。 <sup foot_note=>1</sup>,
1584,（使徒*よ、）本当に全ての者に対し、あなたの主*は必ずや、その行いにお報いになるのである。本当にかれは、彼らが行うことに通暁されるお方なのだから。,
1585,（預言者*よ、）あなたが命じられたように、確固としてあれ[1]。そして、あなたと共に悔悟した者も（確固としてあれ）。また（アッラー*の法という境界線を、）踏み越えてはならない。本当にかれは、あなた方の行なうこと（全て）をご覧になるお方なのだから。 <sup foot_note=>1</sup>,
1586,そして不正*を働いた者（不信仰者*）たちに同調し、それゆえに（地獄の）業火があなた方に触れることになってはならない。あなた方にはアッラー*の外、いかなる庇護者もなく、（地獄に入った）その後には（そこから）助けられることもないのだ。,
1587,また（預言者*よ、）昼の両端と夜の一部[1]に、礼拝を遵守せよ*。本当に善行は、悪行を駆逐する[2]のだから。それは教訓を得る者たちにとっての、教訓である。 <sup foot_note=>1</sup>,
1588,そして忍耐*せよ。本当にアッラー*は、善を尽くす者[1]たちの褒美を無駄にはされないのだから。 <sup foot_note=>1</sup>,
1589,どうして、あなた方以前の幾つもの世代には、地上での腐敗*を禁じる善き名残を有した者[1]たちがいなかったのか？われら*が彼ら（不信仰の民*）から救い出した、僅かな者たちを除いては（、そのような者たちはいなかったのである）。そして不正*を働いた者たちは、（現世の享楽という）与えられた贅沢を追求したのであり、罪悪者だったのだ。 <sup foot_note=>1</sup>,
1590,（使徒*よ、）あなたの主*は、その住民が改善者である時に、町々を不正[1]ゆえに滅ぼされたりはしない。[2] <sup foot_note=>1</sup>,
1591,もしあなたの主*がお望みだったなら、人々を（イスラーム*のもとに）一つの共同体とされたであろう。（だが、アッラー*は英知ゆえにそうはされなかったのであり、）彼らは未だ、（宗教において）分裂しているのである。,
1592,但し、あなたの主*がご慈悲をかけられ（、アッラー*を信仰し、使徒*に従っ）た者[1]は、その限りではない。それ[2]ゆえにかれは、彼らを創造されたのである。そして「われは必ずや、（信仰しなかった）全てのジン*と人間で、地獄を満たすのだ」という、あなたの主*の御言葉は確定したのだ。 <sup foot_note=>1</sup>,
1593,そして（使徒*よ）、われら*は使徒*たちの消息の内からあなたに（、あなたが必要とする）全てを、つまりそれによって、われら*があなたの心を堅固にするものを語り聞かせよう。あなたには、この（スーラ*の）中で、真理と訓戒、信仰者にとっての教訓が到来したのだ。,
1594,（使徒*よ、）信仰しない者たちに、（こう）言え。「あなた方は自分たちのやり方で（、出来る限りのことを）行うがよい。実に私たちも、（自分たちのやり方で）行おう。,
1595,そして（、私たちの結末を）待つがよい。本当に私たちも、（あなた方の結末を）待っているのだから」。,
1596,アッラー*にこそ、諸天と大地における不可視の世界*（に関する知識）は属し、かれにこそ、物事は万事帰される。ならば、彼を崇拝*し、かれに全てを委ね*よ。そしてあなたの主*は、あなた方が行うことに、無頓着なお方ではあられない。,
1597,アリフ・ラーム・ラー[1]。それは、解明する啓典[2]の御徴（アーヤ*）。 <sup foot_note=>1</sup>,
1598,本当にわれら*はそれを、あなた方が（その意味を）弁えるべく、アラビア語のクルアーン*として下した。,
1599,（使徒*よ、）われら*はこのクルアーン*をあなたに啓示することで、あなたに最良の物語を話して聞かせる。実にあなたはそれ以前、（このような話には、）無頓着な者の類いだったのだが。,
1600,ユースフ*が、自分の父親（ヤァクーブ*）に（こう）言った時のこと。「お父さん、本当に私は（夢で）十一個の星と、太陽と、月を見ました。私はかれら[1]が、私にサジダ*するのを見たのです」。 <sup foot_note=>1</sup>,
1601,彼（ヤァクーブ*）は、言った。「我が息子よ、お前の夢を兄さんたちに話してはならない。そうすれば彼らは、お前に悪だくみをする。本当にシャイターン*は、人間への紛れもない敵なのだから。,
1602,そして（、お前に正夢を見せて下さったのと）同様に、お前の主*はお前を選び抜かれ、お前に話の解釈[1]をお教えになり、お前とヤァクーブ*の一族にその恩恵を全うされる。ちょうどかれが以前、お前の二人の祖イブラーヒーム*とイスハーク*に対してそれを全うされたように。本当にお前の主*は、全知者、英知あふれる*お方」。 <sup foot_note=>1</sup>,
1603,ユースフ*とその兄弟（の間に起きた話）には、確かに（それについて）尋ねる者たちにとっての御徴[1]があった、 <sup foot_note=>1</sup>,
1604,彼ら（ユースフ*の兄たち）が（密談して、こう）言った時のこと（を思い起こせ）。「本当にユースフ*とあいつの弟[1]は、私たちよりもお父さんに愛されている。私たちは多勢であるというのに。本当にお父さんは全く、紛れもない迷妄の中におられる。 <sup foot_note=>1</sup>,
1605,ユースフ*を殺してしまえ。それか、（どこか辺鄙な）土地に放り投げてしまえ。（そうすれば、）お父さんの顔はあなた方だけに向けられるし、あなた方はその後で正しい民となる[1]のだ」。 <sup foot_note=>1</sup>,
1606,彼らの内にある者が、言った。「ユースフ*を殺さず、井戸の奥底に投げ入れてしまえ。（そうすれば、旅行中の）通行人たちが、あいつを拾ってくれるだろう。もし、あなた方がそうするのであれば、だが」。,
1607,（そうすることを決定した後、）彼らは言った。「お父さん、あなたが私たちにユースフ*を任せて下さらないのは、どういうわけですか？本当に私たちは、彼に対して実に親身ですのに。,
1608,彼を明日、私たちと一緒に（遊牧地へ）送ってください。（そうすれば）彼は満喫し[1]、遊ぶでしょう。本当に私たちは、まさしく彼の保護者なのです」。 <sup foot_note=>1</sup>,
1609,彼（ヤァクーブ*）は言った。「本当に私は、お前たちが彼を連れて行くことがひどく悲しい。そしてお前たちが彼に不注意になっている時に、狼が彼を食べてしまうのではないかと怖れているのだ」。,
1610,彼らは言った。「私たちは多勢であるというのに、もしも狼が彼を食べてしまうことがあれば、本当にその時は、私たちはまさしく（役立たずの）損失者です」。,
1611,それで彼らが彼（ユースフ*）を連れて行き、彼を井戸の奥底に投げ入れることで一致した時（、彼らはそれを実行した）。われら*は彼（ユースフ*）に、（こう）啓示した。「あなたは必ずや（将来）、彼らの（策謀した）この事について、彼らに語り聞かせることになろう。彼らは（その時、あなたがユースフ*であることに）気付かないのだが」。,
1612,彼ら（ユースフ*の兄たち）は夜、泣きながら、自分たちの父親のもとにやって来た。,
1613,彼らは言った。「お父さん、本当に私たちは競争[1]しに行き、ユースフ*を荷物の所に残しておきました。すると、狼が彼を食べてしまったのです。あなたは私たちのことを信用してはくれないでしょう。たとえ私たちが、正直者であったとしても」。 <sup foot_note=>1</sup>,
1614,そして彼らは、偽物の血の付いた彼の上着を持って来た[1]。彼（ヤァクーブ*）は言った。「いや、お前たち自身の心が（その醜悪な）事を、お前たちに惑わせて促したのである。（我が忍耐*は、）よき忍耐*[2]。アッラー*（こそ）は、お前たちの言うことに対して（私から）援助を乞われるべきお方である」。 <sup foot_note=>1</sup>,
1615,こうして（井戸に、旅行中の）通行人たち[1]がやって来た。彼らは水汲みの者を（井戸に）やり、彼はその水桶を（井戸の中に）垂らした。（そしてユースフ*をそれに掴まって井戸の外に出てくると、）彼は言った。「おお、吉報よ！これは（素晴らしい）男の子だ[2]」。彼らは彼のことを、商品として秘密にした[3]。アッラー*は彼らが（ユースフ*に対して）行うことを、ご存知のお方であられる。 <sup foot_note=>1</sup>,
1616,また、彼ら[1]は僅かな値で、つまり数えるほどのディルハム[2]で、彼を売り払った。彼らは、彼に関して無欲な者たちだったのだ。 <sup foot_note=>1</sup>,
1617,（旅行者らはエジプトでユースフ*を売ったが、）彼を買ったエジプト出身の者[1]は、自分の妻に言った。「彼の待遇を、よく気遣ってやりなさい。彼は私たちの役に立つかもしれないし、また私たちは彼を子供の代わりにするかもしれないのだから」。そのように、われら*はユースフ*に（エジプトの）その地で、確固たる地位を授けた[2]。そして（それは、）われら*が彼に、話の解釈[3]を教えるためであった。アッラー*は、事を決行されるお方[4]であられる。しかし多くの人々は、（それが）分からないのだ。 <sup foot_note=>1</sup>,
1618,彼（ユースフ*）が成熟[1]した時、われら*は彼に英知と知識[2]を授けた。そのようにわれら*は、善を尽くす者[3]たちに報いるのである。 <sup foot_note=>1</sup>,
1619,そして彼が住んでいた家の女性（大臣の妻）が彼を（不倫へと）誘惑し、扉をきっちりと閉めて言った。「さあ、いらっしゃい」。彼は言った。「アッラー*のご加護を（乞います）。本当にあのお方は、私によくしてくださった我がご主人様なのですから。不正*者が成功することは、絶対にありません」。,
1620,そして彼女は確かに彼を望み、彼もまた、彼女に対して欲が生じた[1]。彼が、その主*の根拠[2]を目にしなかったなら（、彼もまた彼女を求めたであろう）。そのように（見せたのは）、われら*が彼から悪と醜行[3]を逸らすためである。本当に彼は、われら*の精選された僕[4]の内の一人なのだから。 <sup foot_note=>1</sup>,
1621,そして二人は扉へと我先に急ぎ[1]、彼女は彼の上着を後ろから（引っぱって）破いてしまった。そして二人は、扉のところに彼女の主人を見出した。彼女は言った。「あなたの家人に悪さをしようとした者の応報は、牢獄に入れられるか、あるいは痛ましい懲罰の外にはありません」。 <sup foot_note=>1</sup>,
1622,彼（ユースフ*）は言った。「彼女が私を（不倫へと）誘惑したのです」。そして彼女の家族の内の裁決者が、（こう）裁決した[1]。「もし彼の上着が前方から破れていたら、彼女は本当のことを言ったのであり、彼が嘘つきの類いということになります。 <sup foot_note=>1</sup>,
1623,そして、もし彼の上着が後方から破れていたら、彼女は嘘をついたのであり、彼が正直者の類いということになります」。,
1624,それで彼（大臣）は、彼の上着が後方から破れているのを見ると、（こう）言った。「実に、これはあなたたち（女性）の作策略の一つである。本当にあなた方の策略は、途方もないものなのだから。,
1625,ユースフ*よ、これ（を他言すること）から身を慎むのだ。そして（妻よ、）自分の罪の赦しを乞え。本当にあなたは、過ちを犯した者の類いなのだから」。,
1626,町の婦人たち[1]は、（噂を聞いて）言った。「（大臣）閣下の奥様が、（彼女の召使いの）若者を誘惑するんですって。（彼は）彼女のことを、恋心で夢中にさせたんですよ。本当に彼女は、紛れもない迷いの中にありますわね」。 <sup foot_note=>1</sup>,
1627,それで彼女（大臣の妻）は彼女たちの策謀[1]を聞くと、彼女たちに（使いを）送っ（て、邸宅の招待し）た。そして彼女たちに肘掛けを用意[2]し、彼女たち一人一人に（食事用の）ナイフを渡し、（こう）言った。「（ユースフ*よ、）彼女たちのところに、お出でなさい」。それで彼女たちは彼を目にした時、彼に賛嘆し、（余りの美しさに驚き、ナイフで）自分たちの手を切ってしまった。そして彼女たちは、（こう）言った。「アッラー*にご加護を（乞います）。これは人間じゃないわ！これは、高貴な天使*様以外の何ものでもないわよ！」[3] <sup foot_note=>1</sup>,
1628,彼女（大臣の妻）は（彼女たちに）、言った。「その人が、あなた方が彼（への恋心）ゆえに私を咎めた者です。私は確かに彼を誘惑し、彼は自らを守りました。もしも（今後、）私が彼に命じることをしなければ、彼は必ずや牢獄に入れられ、惨めな者の類いとなるでしょう」。,
1629,彼（ユースフ*）は言った。「我が主*よ、私には、彼女たちが私を招いていること（醜行）よりも、牢獄の方がましです。そして、もしあなたが私から彼女たちの策略を遠ざけて下さらなければ、私（の欲）は彼女らへと揺れ動き、私は（罪を犯す）愚か者の類いとなってしまいます」。,
1630,そして彼の主*は彼（の祈り）をお聞き届けになり、彼女たちの策略を彼から遠ざけて下さった。本当に彼こそは、よくお聴きになるお方、全知者であられる。,
1631,それから（ユースフ*が無実である）証拠[1]を目にした後、彼を暫く牢獄に入れておくことにしよう、と（いう意見が、）彼ら[2]に持ち上がった。[3] <sup foot_note=>1</sup>,
1632,こうして彼と一緒に、二人の若者[1]が牢獄に入った。その片方が、（こう）言った。「本当に私は（夢で）、自分が酒*（を造るために葡萄）を搾っているのを見ました」。また、もう一方は言った。「本当に私は（夢で）、自分の頭の上にパンを運ぶのを見ました。そこから、鳥が啄んでいました」。（二人は言った。）「（ユースフ*よ、）この解釈について、私たちにお告げ下さい。本当に私たちは、あなたが善を尽くす者[2]たちの類いであるとお見受けしますから」。 <sup foot_note=>1</sup>,
1633,彼（ユースフ*）は、言った。「あなた方が貰うことになっている食事は、あなた方にやって来ることはありませんよ。それがあなた方にやって来る前に、私がその解釈について、あなた方に告げるまでは[1]。それ（解釈）は、我が主*が私に教えて下さったものの一部。本当に私は、アッラー*を信じず、来世に対してもまさしく不信仰者*である民の宗教を、捨て去りました。 <sup foot_note=>1</sup>,
1634,そして私は、我がご先祖様たち、イブラーヒーム*とイスハーク*とヤァクーブ*の宗教に従ったのです。私たちはアッラー*（の崇拝*）に、いかなるものも並べるべきではないのですから[1]。それ（タウヒード*）は私たちと人々への、アッラー*のご恩寵からのものです。しかし人々の大半は、（その恩寵の主に）感謝しません。 <sup foot_note=>1</sup>,
1635,牢獄の仲間たちよ、異なる複数の主[1]（の崇拝*）がより善いのでしょうか？それとも唯一で*、全てに君臨し給う*お方、アッラー*（の崇拝*がより善いの）でしょうか？ <sup foot_note=>1</sup>,
1636,あなた方はかれ（アッラー*）を差しおいて、自分たちと自分たちの先祖が名付けた名前[1]を崇めているに過ぎません。アッラー*はそれら（の崇拝*）に、いかなる（正当な）根拠も下されてはいないのです。ご裁決はアッラー*にのみ属し、かれはあなた方が、かれ以外は崇拝*しないように命じられたのですから。それが正しい宗教。しかし人々の大半は（、そのことを）知りません。 <sup foot_note=>1</sup>,
1637,牢獄の仲間たちよ、あなた方の一人はといえば（牢獄から出ることになり）、そのご主人（エジプト王）に酒*を注ぐでしょう。そしてもう一人はといえば、磔のされ（て殺され）、鳥がその頭を啄むことになるでしょう。あなた方二人が教示を請うたことは、決定されました[1]」。 <sup foot_note=>1</sup>,
1638,彼（ユースフ*）は、二人の内、（牢獄から）助かる者であることを知った者に、言った。「あなたのご主人様（王）のもとで、私（が無実の罪で投獄されていること）について、話して下さい」。そして（彼は牢獄から出たが、）シャイターン*が彼に、その主人に話すことを忘れさせた[1]。それで彼（ユースフ*）は数年間、牢獄で過ごすことになった。 <sup foot_note=>1</sup>,
1639,王は言った。「本当に私は（夢で）、痩せた七頭の雌牛に食べられてしまう太った七頭の雌牛と、七本の緑の穂と、別の（七本の）枯れた穂を見た。名士たちよ、我が夢について教示してくれ。もし、あなた方が夢を解釈するのならば」。,
1640,彼ら（名士たち）は言った。「（それは、）夢まぼろしがごちゃ混ぜになった（無意味な）ものです。そして私たちは、夢の解釈など知る者ではありません」。,
1641,そして（牢獄の仲間だった）二人の内の助かった者が、（ユースフ*のことを）長い時間の（経過した）後に思い出して、言った。「私めがその解釈を、あなた方に申し上げましょう。ですから、私を（ユースフ*のもとに）お遣わし下さい」。,
1642,（彼はユースフ*の所に着くと、言った。）「ユースフ*よ、大そうな正直者[1]よ、（王様がご覧になった、）痩せた七頭の雌牛に食べられてしまう太った七頭の雌牛と、七本の緑の穂と、別の（七本の）枯れた穂（の夢）について、私たちにご教示下さい。私は人々のもとへと、（それを伝えるべく）変えるでしょう。（それは、）彼らが知るため[2]なのです」。 <sup foot_note=>1</sup>,
1643,彼（ユースフ*）は、言った。「七年間、ずっと懸命に耕し、あなた方が収穫したものは、それを穂につけたまま置きなさい。但し、あなた方が食べる少量のものは別ですが。,
1644,そしてその（豊作の七年の）後、あなた方がそのために予め蓄えていたものを、あなた方が貯蔵する僅かなものを除いて食べ尽くしてしまう、（凶作の）過酷な七年が到来します。,
1645,そしてその（豊作の七年の）後、（雨によって）人々が救済され、（果実を）搾る年がやって来ます」。,
1646,（夢の解釈を聞いた後、）王は言った。「彼（ユースフ*）を（牢獄から出し）、私のもとに連れて来なさい」。そして彼のもとに使いが来ると、彼は言った。「あなたのご主人様のもとに戻り、（私の無実から明らかになるよう、）自分たちの手を切ったご婦人方[1]の件（の真実）について、彼に尋ねて下さい。本当に我が主*は、彼女らの策略についてご存知のお方です」。 <sup foot_note=>1</sup>,
1647,彼（王）は（それを聞くと、婦人たちと大臣の妻を呼んで、）言った。「（その日、）ユースフ*を誘惑した時の、あなた方の件は何だったのか？」彼女らは言った。「アッラー*にご加護を（乞います）。私たちは彼に、何の落ち度も認めませんでした」。（大臣）閣下の妻は、言った。「今、真実が明るみに出ました。私が彼を誘惑したのであり、本当に彼は正直者です。,
1648,それ[1]は彼（大臣）が、私が彼を陰で騙してはおらず[2]、また、アッラー*が欺く者たちの策略をお導きにはならないというこよを、知るためなのです。 <sup foot_note=>1</sup>,
1649,そして私は、自分自身が潔白だとは言いません。本当に人の自我というものは、我が主がご慈悲をかけて下さった者を除いては、悪をよく指図するもの[1]ですから。本当に我が主*は赦し深いお方、慈愛深い*お方です」。 <sup foot_note=>1</sup>,
1650,（ユースフ*の無実を知ると、）王は言った。「彼（ユースフ*）を連れて来るのだ。そうすれば彼を、私にとっての特別な側近としよう」。それで（ユースフ*がやって来て）話した時、彼（王）は（ユースフ*の無実と徳の高さを知って、）言った。「本当にあなたはこの日、私たちのもとで地位高き者、（全権を委ねられた）信頼篤き者である」。,
1651,彼（ユースフ*）は、言った。「私を、（エジプトの）地の蔵相として下さい。本当に私は管理に長じた者、知者ですから」。,
1652,そのように、われら*は（エジプトの）地において、ユースフ*に確固たる地位を授けた。彼は自分が望む場所どこにでも、滞在することが出来る。われら*は、誰でもわれら*が望む者に、われら*の慈悲を授け、善を尽くす者[1]たちの報いを反故にはしないのだ。 <sup foot_note=>1</sup>,
1653,来世の報いこそは、信仰し、（アッラー*を）畏れ*ていた者たちにとって、（現世の報い）より善いのである。,
1654,（そして不作に見舞われたため、食料を得ようと、）ユースフ*の兄たちが、（エジプトに）やって来た[1]。彼らが彼（ユースフ*）のところに入った時、彼は彼らのことが分かった。彼らは（長い時間の経過とユースフ*の変わりっぷりゆえ）、彼に気付かずにいたが。 <sup foot_note=>1</sup>,
1655,そして彼（ユースフ*）は（彼らを気前よく歓待した後）、彼ら（のラクダ）にその荷物[1]を用意した時、言った。「あなた方の父方の弟（ビンヤーミーン）を、私の所に連れて来なさい[2]。あなた方は、私が升[3]（による計量）を全うするとは、そして私が最良の歓待者だとは、思わないのですか？ <sup foot_note=>1</sup>,
1656,そして（次回）、もしあなた方が私のところに彼を連れて来なかったら、私のもとにあなた方の（食料を量るための）升はありません。また、私のもとにも近付かないで下さい」。,
1657,彼らは言った。「私たちは彼（を一緒に連れて来ること）に関し、彼の父親を口説いてみましょう。本当に私たちは、必ずやります」。,
1658,彼（ユースフ*）は、自分の小間使いたちに言った。「彼らの物品[1]を（気付かれないように）、彼らの荷物の中に入れておきなさい。彼らが家人のもとに帰った時、彼らがそれに気付くように。彼らは恐らく、戻って来るでしょう」。[2] <sup foot_note=>1</sup>,
1659,そして彼ら（ユースフ*の兄たち）は、自分たちの父親のところに戻ると、言った。「お父さん、私たちに（食料を量るための）升[1]が禁じられてしまいました[2]。ですので私たちと共に、私たちの弟（ビンヤーミーン）を遣わして下さい。（そうすれば、）本当に私たちは彼への保護者でありつつ、（食料を）量（って持って来）れることになります」。 <sup foot_note=>1</sup>,
1660,彼（ヤァクーブ*）は言った。「どうして私が、お前たちに彼（ビンヤーミーン）を任せようか？以前、私がお前たちに彼の兄を任せ（て、裏切られ）たように？（私はお前たちの保護は信用しないが、アッラー*の保護を信頼する。）アッラー*は保護者の内でも最善のお方であられ、かれは慈悲深い者たちの中でも最も慈悲深いお方」。,
1661,そして彼らが自分たちの荷物を開けた時、彼らは、自分たちの物品[1]が彼らに返されているのを見出した。彼らは言った。「お父さん、（これ以上）何を求めましょうか？これは私たちに返された、私たちの物品です。（だから安心して、ビンヤーミーンを行かせて下さい、）私たちは私たちの家族に食料を調達し、私たちの弟を保護し、（彼の分として）ラクダ一頭分の升（で量った食料）を付け加えましょう。それは（エジプトの蔵相にとって）、取るに足らない升（の量）です」。 <sup foot_note=>1</sup>,
1662,彼（ヤァクーブ*）は言った。「私は彼（ビンヤーミーン）を、お前たちと一緒に行かせたりするまい。お前たちが八方ふさがりとならない限り、必ずや彼を連れて（戻って）来る、というアッラー*を証人とした誓約を私にするまでは」。そして彼らが、彼に対してその誓約をすると、彼は言った。「アッラー*が私たちの言うことに対し（ての証人であり）、請け負われる*お方であられる」。,
1663,また、彼（ヤァクーブ*）は言った。「我が息子たちよ、（エジプトに入る時は）一つの門から入るのではなく、別々の門から入るのだ[1]。そして私は、アッラー*（の定め）をよそに、あなた方を益することなど、少しも出来やしない。裁決はアッラー*にのみ属するのだから。私は、かれにこそ全てを委ねた*。そして（何かを誰かに）委ねる者たちには、かれにこそ全てを委ねさせるのだ」。 <sup foot_note=>1</sup>,
1664,そして彼らが、父親の命じた所から（エジプトに）入った時、（そのことが）アッラー*（の定め）をよそに、彼らのことを益することなどは少しもなかった。ただ、（それは）ヤァクーブ*の気がかりだったのであり、彼はそれを晴らしただけなのである[1]。本当に彼はまさしく、われら*が（啓示によって）彼に教えたものによる、知識の持ち主であった。しかし人々の大半は知らないのだ。 <sup foot_note=>1</sup>,
1665,そして彼らがユースフ*のもとに入った時、彼（ユースフ*）はその弟（ビンヤーミーンと二人きりになり、彼）を自分の方へ抱き寄せた。彼は（ビンヤーミーンに）言った。「実に私こそは、お前の兄なのだ。ならば彼らが（昔、私に対して）行っていたことゆえに、悲嘆に暮れるのではない」。,
1666,そして彼ら（のラクダ）にその荷物を用意した時、彼（ユースフ*）は自分の弟の荷物に（、こっそりと）器を入れ（させ）た[1]。それから（彼らが出発しようとした時、）呼びかける者が（こう）呼びかけた。「隊商（の人々）よ、実にあなた方はまさしく盗人だ！」 <sup foot_note=>1</sup>,
1667,彼ら（ユースフ*の兄弟ら）はその（呼ぶ）者たちの方に向かい、言った。「何が無いのですか？」,
1668,彼ら（呼ぶ者と、その取り巻き）は言った。「王の器が無いのだ。そしてそれを持って来た者には（褒美として）、ラクダ一頭分の（食料が入った）荷をやろう」。（呼ぶ者は、言った。）「私がその保証人だ」。,
1669,彼ら（ユースフ*の兄弟ら）は言った。「アッラー*に誓って、あなた方は確かにご存知になったでしょう。私たちが（エジプトの）地を腐敗*させるために来たのではなく、私たちが盗人でもなかったということを」。,
1670,彼らは言った。「では（あなた方のもとでの）、その者（盗人）の報いは何か？もし、あなた方が嘘つきだったとしたら（、だが）」。,
1671,彼ら（ユースフ*の兄弟ら）は言った。「その者（盗人）の報いは、荷物の中にそれ（器）が見つかった者、彼自身がその報いとなる[1]ことです。このように私たちは、（私たちの法において、盗みを犯した）不正*者たちに報いるのです」。 <sup foot_note=>1</sup>,
1672,（ユースフ*の兄弟らはユースフ*のもとに戻され、）彼（ユースフ*）は、彼の弟の荷物入れの前に、彼らの荷物入れ（の検査）から始めた。それから、彼の弟の荷物入れから、それ（器）を取り出した。このように、われら*はユースフ*に対して（、ビンヤーミーンを手許に留めておけるよう、）取り計らった。彼はアッラー*がお望みにならない限り、（エジプト）王の決まりにおいて、彼の弟を引き取ることが叶わなかった[1]のだから。われら*は、われら*が望む者の位を上げる。そしてあらゆる知者の上には、（更なる）知者がいる[2]のだ。 <sup foot_note=>1</sup>,
1673,彼ら（ユースフ*の兄ら）は言った。「もし彼（ビンヤーミーン）が盗みを犯したのなら、以前、彼の兄（ユースフ*）も確かに、盗みを犯した[1]のです」。そしてユースフ*はそれ（彼らの嘘）を心の内に隠し、彼らに対してそれを露わにはしなかった。彼は（心の中で）言った。「あなた方は（あなた方が貶している者）よりも、悪い地位にあるのだ。そしてアッラー*はあなた方の言うことを、最もよくご存知であられる」。 <sup foot_note=>1</sup>,
1674,彼ら（ユースフ*の兄ら）は言った。「閣下、実に彼には、老いた年配の父親がいるのです。ですから彼の代わりに、私たちの誰か一人をお取り下さい。本当に私たちは、あなた様を善人とお見受けしますから」。,
1675,彼（ユースフ*）は言った。「私たちが、私たちの（盗難）品をその手許に見出した者以外を捕まえるなどということから、アッラー*のご加護を（乞う）。そうしたら、本当に私たちはまさしく不正*者です」。,
1676,そして彼（の返事）に絶望すると、彼らは自分たちだけになって密談した。彼らの最年長者は言った。「一体あなた方は、お父さんが確かに、アッラー*を証人とする誓約[1]をあなた方にさせたのを、知らないのか？（これ）以前にも、あなた方はユースフ*のことで不手際を犯したのだ。そして私は、お父さんが私（のエジプト出発）をお許しになるか、あるいはアッラー*が私にご裁決[2]を下されるまで、この（エジプトの）地を離れまい。かれは裁決者の内でも最善のお方なのだ。 <sup foot_note=>1</sup>,
1677,お父さんのもとに戻り、（こう）言うのだ。『お父さん、本当にあなたの息子（ビンヤーミーン）は盗みを働きました。そして私たちは、自分たちが知ったこと以外は証言していない[1]のであり、知り得ないことにおいてまで保護する者ではなかったのです[2]。 <sup foot_note=>1</sup>,
1678,また、私たちがいた町（エジプトの人々）と私たちが共に旅した隊商（の同行者ら）に、（事の真相を）お尋ねください。本当に私たちは、まさしく正直者なのです』」。,
1679,（彼らは父親のもとに帰ると、事の一部始終を話した。）彼（ヤァクーブ*）は言った。「いや、お前たちの（悪に傾きやすい）自我が（その）事を、お前たちに惑わせて促したのである。（我が忍耐*は、）よき忍耐*[1]だ。アッラー*は彼らを全員[2]、私へと連れ戻して下さるかもしれない。本当に彼は全知者、英知あふれる*お方なのだから」。 <sup foot_note=>1</sup>,
1680,そして彼らから背を向け、言った。「ユースフ*への我が悲哀よ！」彼の両目は悲しみゆえに白く濁り[1]、彼は（募る悲しみを）押し殺した。 <sup foot_note=>1</sup>,
1681,彼ら（息子たち）は言った。「アッラー*に誓って、あなたは身を滅ぼしそうになるまで、あるいは（実際に）破滅する者の類いとなるまで、ユースフ*のことを思い続けます（か）！」,
1682,彼（ヤァクーブ*）は言った。「私は自分の苦悩と悲しみを、アッラー*のみに訴えるのだ。そして私はアッラー*によって、お前たちの知らないこと[1]を知っている。 <sup foot_note=>1</sup>,
1683,息子たちよ、（再びエジプトへ）赴き、ユースフ*とその弟を探索せよ。そしてアッラー*のご慈悲に、失意してはならない。本当にアッラー*のご慈悲に失意するのは、不信仰の民*だけなのだから」。,
1684,彼らは（エジプトへと向かい、）彼（ユースフ*）のもとに（参じて）入ると、言った。「閣下、私たちと私たちの家族を（旱魃と飢饉の）災害が襲い、私たちは僅か（で粗悪）な物品を携えて来ました。ですから、私たちのために升[1]を満たし、私たちに施して下さい。本当にアッラー*は、施す人々にお報いになりますから」。 <sup foot_note=>1</sup>,
1685,彼（ユースフ*）は言った。「一体あなた方は、あなた方が無知な者たちであった時[1]に、ユースフ*とその弟に対して自分たちがしたことを知っているのですか？」 <sup foot_note=>1</sup>,
1686,彼らは言った。「本当に、あなたは本当に、ユースフ*なのですか？」彼は言った。「私はユースフ*で、これが我が弟です。アッラー*は私たちに、確かに（別離の後の再会という）お恵みを授けて下さいました。本当に誰であとろうと、（アッラー*を）畏れ*、忍耐*する者、実にアッラー*は（そのように）善を尽くす者[1]たちの褒美を無駄にされることがないのです」。 <sup foot_note=>1</sup>,
1687,彼らは言った。「アッラー*に誓って、アッラー*は確かにあなたを、私たちよりもお引き立て下さいました。そして本当に私たちはまさしく、過った者たちだったのです」。,
1688,彼は言った。「この日、あなた方に咎めはありません。アッラー*があなた方を、お赦し下さいますよう。そして、かれは慈悲深い者の内でも、最も慈悲深いお方です」。,
1689,（それから父ヤァクーブ*の話を聞くと、ユースフ*は彼らに言った。）「この私の上着を携えて（再びお父さんの所へ）行き、それをお父さんの顔に投げかけなさい。彼は、眼が見えるようになるでしょう。そしてあなた方の家族を皆、私のもとに連れて来るのです」。,
1690,隊商が（ユースフ*の上着と共にエジプトを）出発した時、彼らの父（ヤァクーブ*）は（周りに）言った。「本当に私は、まさにユースフ*の匂いを感じる。あなた方が私のことを、愚か者扱いするのでなければ（、私のことを信じたであろうに）」。,
1691,彼ら（ヤァクーブ*の周りにいた者たち）は、言った。「アッラー*に誓って、本当にあなたはまさしく、（まだ）昔の迷い[1]の中にありますね」。 <sup foot_note=>1</sup>,
1692,それで（ヤァクーブ*に）吉報を伝える者が到着した時、彼はそれ（ユースフ*の上着）を彼の顔に投げかけ、彼の視力は戻った。彼（ヤァクーブ*）は（、周りの者たちに）言った。「一体、私はお前たちに言わなかったのか？本当に私はアッラー*によって、お前たちの知らないこと[1]を知っている、ということを？」 <sup foot_note=>1</sup>,
1693,彼ら（ユースフ*の兄たち）は、（エジプトからヤァクーブ*のもとに戻って来ると、彼に）言った。「お父さん、私たちのため、私たちの罪の赦しを乞うて下さい。本当に私たちは、過った者たちだったのですから」。,
1694,彼は言った。「お前たちのため、そのうち我が主*にお赦しを乞おう[1]。本当にかれこそは、赦し深いお方、慈愛深い*お方なのだから」。 <sup foot_note=>1</sup>,
1695,そして彼ら（全員）が（エジプトの）ユースフ*のもとにやって来た時、彼（ユースフ*）は両親を自分の方へ抱き寄せて、言った。「安全にーーアッラー*がお望みならーー、エジプトにお入り下さい」。[1] <sup foot_note=>1</sup>,
1696,そして彼は自分の両親を御座の上に上げ（て自分の傍に座らせ）、彼ら（両親と十一人の兄弟）は、彼に向かってサジダ*[1]した。彼は言った。「お父さん、これは我が主*がまさに実現して下さった、以前（小さい頃に）私が見た夢[2]の解釈です。かれ（我が主*）は私に、本当によくして下さいました。私を牢獄から出して下さり、シャイターン*が私と私の兄たちの間を突い（てこじれさせ）た[3]後、あなた方を辺境の地から連れて来て下さったのですから。本当に我が主*は、かれがお望みになること（の遂行）に霊妙な*お方であられます。本当にかれは全知者、英知あふれる*お方。 <sup foot_note=>1</sup>,
1697,我が主*よ、あなたはまさしく私に王権の一部を下さり、私に話の解釈[1]を教えて下さいました。諸天と大地の創成者*よ、あなたは現世と来世における、我が庇護者*です。私を服従する者（ムスリム*）としてお召しになり、正しい者*たちの仲間入りをさせて下さい」。 <sup foot_note=>1</sup>,
1698,（使徒*よ、）それ[1]は、われら*があなたに啓示する、不可視の世界*に属する消息の一部。そして彼ら（ユースフ*の兄たち）が策謀しつつ、彼らの事[2]を示し合わせた時、あなたは彼らのもとに（立ち合わせて）はいなかったのである。 <sup foot_note=>1</sup>,
1699,そして（使徒*よ、）人々の大半は、ーーたとえ、あなたが（彼らを信じさせようとして）躍起になったとしてもーー、信仰者とはならない。,
1700,また、あなたはそれ[1]ゆえに、彼らにいかなる見返りも求めてはいない。それは全世界に対する教訓に、外ならないのだから。 <sup foot_note=>1</sup>,
1701,諸天と大地における、いかに多くの（アッラーの唯一性*と御力を示す）御徴を、彼らは通り過ぎ（目にし）ていることか？それらに対して背を向けながら？,
1702,また彼らの大半は、シルク*の徒であることなくして、アッラー*を信じることがない。[1] <sup foot_note=>1</sup>,
1703,一体彼らは、アッラー*の懲罰である、（彼らを）覆い尽くすものが、自分たちに襲いかからないと安心していたのか？あるいは彼らが気付かぬまま、（復活の）時が彼らのもとに突然やって来ることはない、と？,
1704,（使徒*よ、）言え。「これは、我が道。私も、私に従った者たちも確証に基づき、アッラー*（のみへの崇拝*）へと招く。アッラー*に称え*あれ、私はシルク*の徒の類いではない」。,
1705,そして（使徒*よ）、われら*があなた以前に（使徒*として）遣わしたのは、われら*が啓示を下す、町の住民の男性たち（人間）たち以外の何者でもなかった[1]。それで一体彼ら（不信仰者*たち）は、地上を旅し、彼ら以前の（不信仰）者*たちの結末がいかなるものであったかを見なかったのか？来世の住まいこそは、（アッラー*を）畏れる*者たちにとって、（現世など）より善いのである。一体あなた方は、分別しないのか？ <sup foot_note=>1</sup>,
1706,（使徒*よ、過去の使徒*たちも嘘つき呼ばわりされたが、すぐ勝利が訪れたわけではなかった。）やがて使徒*たちが（、自分の民はもはや信じることはないという）大きな失意に陥り、（民が、自分たちは使徒*たちに）確かに嘘をつかれた[1]のだと思った時、彼ら（使徒*たち）のもとにわれら*の勝利が到来し、われら*が望む者は救い出されたのだ。かれの猛威（という懲罰）が、罪悪者である民から遮られることはない。 <sup foot_note=>1</sup>,
1707,彼ら（ユースフ*とその兄弟たち）の物語の中には確かに、澄んだ理性の持ち主にとっての教示があった。それ（クルアーン*）は、でっち上げられた作り話などではない。しかし（それは）それ以前の者[1]の確証、全ての物事[2]の解明、導きであり、信仰する民への慈悲なのである。 <sup foot_note=>1</sup>,
1708,アリフ・ラーム・ミーム・ラー[1]。それは啓典の御徴（アーヤ*）。そして（使徒*よ、）あなたの主*からあなたに下されたものは、真理である。だが、人々の大半は信じない。 <sup foot_note=>1</sup>,
1709,アッラー*は諸天を、いかなる柱もなしにお上げになったお方。あなた方は、それを目にしている[1]。それからかれは、御座にお上がりになった。また、太陽と月を（人々の利益のために）仕えさせられた。（その）いずれも、定められた時期（である復活の日）まで運行し続ける。かれは（現世と来世の）物事を司られる。あなた方が自分たちの主との拝謁を確信するため、かれは（ご自身の御力と唯一性*を示す）御徴を明らかにされるのだ。 <sup foot_note=>1</sup>,
1710,また、かれは地を広げ、そこに堅固な山々と河川を置かれ、そこに全ての果実から、二つの種類[1]をお創りになったお方。かれは夜を昼に覆わせられる[2]。本当にそこにはまさしく（アッラーの唯一性*と御力を示す）、熟考する民への御徴があるのだ。 <sup foot_note=>1</sup>,
1711,また大地には、隣接し合った（異なる性質[1]の）土地、（その内の肥沃な土地にできる）葡萄園、（種々の）農作物、同根で多幹のナツメヤシの木と、同根で多幹ではないものがある。（それらは皆）同一の水を与えられている。そして、われら*はその内のあるものを、別のものよりも果実において引き立てるのだ[2]。本当にその中にはまさしく（アッラー*の御力と唯一性*を示す）、分別する民への御徴がある。 <sup foot_note=>1</sup>,
1712,（使徒*よ、）あなたが（、これらの御徴をそっちのけにした人々の不信仰を）驚くのなら、（更に）驚くべきは、「（死んで）土となった後、本当に私たちが新たに創造[1]されるとでもいうのか？」という彼らの言葉である。それらの者たちは、自分たちの主*を否定した者であり、それらの者たちは（復活の日*に、）その首に枷が（かけられて）ある者なのである。そしてそれらの者たちは、（地獄の）業火の住人であり、彼らはそこに永遠に留まる者たちなのだ。 <sup foot_note=>1</sup>,
1713,また、彼ら（不信仰者*たち）はあなたに、善よりも先に悪を（もたらすことを）性急に求める[1]。彼ら以前（の不信仰者*たち）にも確かに、懲罰が降りかかってきたというのに。（使徒*よ、）本当にあなたの主*は人々が不正*を行っても（悔悟するならば）、彼らにとってまさしく赦しの主なのである。そして本当にあなたの主*は（不信仰と迷いとアッラー*への反抗に固執する者に対し）、実に懲罰が厳しいお方なのだ。 <sup foot_note=>1</sup>,
1714,また、不信仰に陥った者*たちは言う。「どうして彼（ムハンマド*）に、その主*から御徴[1]が下されないのか？」（使徒*よ、）あなたは警告者でしかない。そしていかなる民にも、（その）導き手がいる。 <sup foot_note=>1</sup>,
1715,アッラー*は、いかなる女性が（胎内に）宿すものも、子宮が減じるのも、増えるもの[1]もご存知である。そして全ての物事は、かれの御許で（一定の）量に（定められて）ある。 <sup foot_note=>1</sup>,
1716,（アッラー*は、）不可視の世界*と現象界[1]をご存知のお方。大いなる*お方、至高の*お方であられる。 <sup foot_note=>1</sup>,
1717,あなた方の内、言葉を秘める者も、それを露わにする者も、夜にこそこそとする者も、昼に堂々とする者も、（アッラー*には）同じこと。,
1718,かれには、（人間の）その前と、その後ろに、アッラー*のご命令によって彼を守（り、その行いを記録す）る、交代番[1]（の天使*たち）がいる。本当にアッラー*は、民の（恩恵に溢れた）状況を、彼らが自分たちの状況を（自ら）変える[2]まで、変更されることがないのだ。そしてアッラー*が民に災難をお望みになれば、それを遮るものは誰一人としてなく、彼らには、かれ以外にいかなる庇護者もいない。 <sup foot_note=>1</sup>,
1719,かれ（アッラー*）はあなた方に、（あなた方が）恐怖と待望[1]を抱く稲光をお見せになり、（雨を湛えた）重厚な雲をお造りになるお方。 <sup foot_note=>1</sup>,
1720,また、雷鳴[1]はかれ（アッラー*）への称賛*と共に（かれを）称え*、天使*たちはかれへの恐怖から（そうする）。そしてかれは稲妻を送り、彼ら（不信仰者*たち）がアッラー*（の唯一性*と御力）について議論している最中に、それでお望みになる者を撃たれる。かれは、御力[2]の凄まじいお方。 <sup foot_note=>1</sup>,
1721,真の呼びかけ[1]は、かれ（アッラー*）だけに属する。そして、彼を差しおいて彼らが祈っているものたちは、少しも彼らに応じることなどない。自分の（乾いた）口に届くよう、その両手を（遠くから）水へと伸ばすが、そこには届かない者（が、その念願を叶えられる）程度のもの以外には（、その念願を叶えられないのだ）[2]。不信仰者*たちの祈願は、全くの徒労である。 <sup foot_note=>1</sup>,
1722,そしてアッラー*にこそ、諸天と大地にある（全ての）ものは、従順にであろうと嫌々であろうと[1]、サジダ*する。また（創造物の）影も、朝に夕に（サジダ[2]する）。（読誦のサジダ*） <sup foot_note=>1</sup>,
1723,（使徒*よ、シルク*の徒に）言え。「諸天と大地の主*は誰か？」言ってやるのだ。「（それは）アッラー*である」。言うのだ。「（そのことを認めている）にも関わらず、一体あなた方はかれを差しおいて、自分自身への益も害も有さない庇護者を設けたというのか？」言え。「盲人と見える者[1]は同じか？いや、闇と光[2]は同じなのか？」いや、彼らはアッラー*に、かれの創造と同様に創造し、それゆえに（それらの創造とアッラー*の）創造が彼らにとって紛らわしくなってしまった同位者を設け（、アッラー*と共に崇拝*し）ているのか？（使徒*よ、）言うがよい。「アッラー*は全てのものの創造主であり、かれは唯一の*お方、君臨し給う*お方である」。 <sup foot_note=>1</sup>,
1724,かれ（アッラー*）は天から（雨）水をお降らしになり、渓谷（の水）はその規模に応じて流れ、流水は浮き上がった（無益な）泡を湛える。また、彼らが装飾品や道具（の加工・鋳造）を望んで火の中にくべるもの[1]の内にも、それと同様の（無益な）泡が（生じる）。同様にアッラー*は、真理と虚偽について譬えられる。それで泡はといえば散って消え去り、人々を益するものはといえば、地上に残存する。そのようにアッラー*は、（真理と虚偽、導きと迷いについて）譬えを挙げられるのだ。 <sup foot_note=>1</sup>,
1725,自分たちの主*に応え（て従っ）た者たちには、最善のもの[1]がある。そしてかれに応え（て従わ）なかった者たちは、もし彼らに地上にある全てのものとそれと同様のものが（もう一つ）あり、（それを懲罰を免れるための代償とすることが出来たのならば、）それで償ったであろう。それらの者たち、彼らには悪い清算があり、その住処は地獄なのだ。そしてその寝床は、何と醜悪なことだろうか。 <sup foot_note=>1</sup>,
1726,（使徒*よ、）一体、あなたの主*からあなたに下されたものが、まさしく真理であることを知（って信じ）る者は、盲人[1]である者と同様であろうか？澄んだ理性の持ち主が、まさに教訓を得るのである。 <sup foot_note=>1</sup>,
1727,（それらの者たちとは、）アッラー*との契約[1]を全うし、確約を破らない者たち。 <sup foot_note=>1</sup>,
1728,また、アッラー*が繋ぎとめられるよう命じられたものを繋ぎとめ[1]、その主*を恐れ、悪い清算[2]を怖れる者たち。 <sup foot_note=>1</sup>,
1729,また、その主*の御顔を求めて忍耐*し、礼拝を遵守*し、われら*は授けたものから（施しのため）秘密裏に、または公に費やし[1]、善行によって悪行を追い払う[2]者たち。そのような者たち、彼らには、世の（善き）結末[3]がある。 <sup foot_note=>1</sup>,
1730,（それは）彼らと、彼らの祖先、配偶者、子孫の内で正しかった者*、が入ることになる、永久の楽園。天使*たちも（彼らを祝福すべく）、全ての扉から彼らのもとに入る。,
1731,（天使*たちは、彼らに言う。）「あなた方が（現世で、アッラー*への服従において）忍耐*したことゆえ、あなた方に平安を[1]」。そして世の（善き）結末[2]は、何と素晴らしいことか。 <sup foot_note=>1</sup>,
1732,アッラー*との契約をそれが確約された後に破り、アッラー*が繋ぎとめられるよう命じられたもの[1]を断ち、地上で腐敗*を働く者たち、それらの者たちの上には呪いがある。そして彼らには（来世で）、忌まわしい住処があるのだ。 <sup foot_note=>1</sup>,
1733,アッラー*は、かれがお望みの者に糧を豊富に与えられ、また控えられる[1]。現世の生活など、来世（との比較）においては（僅かで儚い）楽しみでしかないのに、彼ら[2]は現世の生活に浮かれているのだ。 <sup foot_note=>1</sup>,
1734,不信仰に陥った者*たちは言う。「どうして彼（ムハンマド*）の主*から、彼のもとに御徴が下されなかったのか？[1]」言ってやるがいい。「本当にアッラー*は（、導きを頑固に拒む者の内、）お望みの者を迷わされ、よく（アッラー*に悔悟して）立ち返る者を、かれの御許へとお導きになる」。 <sup foot_note=>1</sup>,
1735,信仰し、その心がアッラー*の唱念で安らぐ者たち（を、お導きになるのだ）。アッラーの唱念によってこそ、心は安らぐのではないか。[1] <sup foot_note=>1</sup>,
1736,信仰し、正しい行い*を行う者たち、彼らには麗しきもの[1]と、よき戻り場所がある。 <sup foot_note=>1</sup>,
1737,（過去にも数々の使徒*を遣わしたのと）同様に、（使徒*よ、）われら*はあなたを、それ以前にいくつもの共同体が滅び去っていった共同体に、遣わした。（それは）あなたが、慈悲あまねき*お方を否定している[1]彼らに、われら*があなたに啓示したもの（クルアーン*）を読誦するためである。（使徒*よ、彼らに）言ってやるのだ。「かれは我が主*、彼以外に、（真に）崇拝*すべきものなど存在しない。かれにこそ、私は全てを委ねた*のであり、かれの御許にこそ、我が帰り先はあるのだ」。 <sup foot_note=>1</sup>,
1738,もし読誦されるもの（啓典）によって山々が動かされ、またはそれによって大地が裂け、あるいはそれによって死人が（蘇らされて）語りかけられるとするならば（、このクルアーン*こそが、それである）。いや、アッラー*にこそ全ての物事は属する[1]のだ。一体、信仰する者たちは、もしアッラー*がお望みになれば（奇跡など起さずとも）、全ての人々をお導きになっただろうことを知らないのか？[2]不信仰に陥った者*たちにはアッラー*のお約束[3]が到来するまで、自分たちが成したことゆえに災難[4]が襲いかかるか、あるいはそれが彼らの土地の近くに降りかかり続けるのだ。本当にアッラー*は、約束をお破りにはならない。 <sup foot_note=>1</sup>,
1739,（使徒*よ、）あなた以前の使徒*たちも確かに（自分の民から）嘲笑されたのであり、われは不信仰だった者*たちに猶予を与え、それから彼らを罰したのだ。わが懲罰はいかなるものであったか？,
1740,一体、あらゆる者をその稼ぐものにおいて司るお方[1]が（崇拝*に値するのか、それとも彼以外の不能な創造物か）？彼らは（創造物の内から）、アッラー*（の崇拝*）に同意者を設けた。（使徒*よ、）言ってやれ。「それらの（同位者の）名（と性質）を述べてみよ[2]。いや、一体あなた方は、かれが地上において関地されないもの[3]について、かれに申し上げるというのか？いや、一体（実体もないのに）言葉の上っ面で、（それを同位者と呼んでいるだけ）なのか？いや、不信仰に陥った者*たちには自分たちの策謀[4]が目映く見せられ、彼らは（アッラー*の）道から阻まれてしまったのだ。誰だろうとアッラー*が迷わせ給う者には、いかなる導き手もない」。 <sup foot_note=>1</sup>,
1741,彼らには現世の生活で懲罰があり、来世の懲罰こそはもっと厳しい。そして彼らにはアッラー*（の罰）から、誰も守ってくれる者などない。,
1742,敬虔な*者たちが約束された、天国の様子（とは、このようなもの）。その下からは河川が流れている。その食べ物は絶えることがなく、その陰も（同様）。それが（アッラー*を）畏れる者たちの結末。そして不信仰者*らの結末は、（地獄の）業火なのだ。,
1743,われら*が啓典を授けた者たちは、あなたに下されたもの（が、自分たちの教えと符合している事実）に歓喜する[1]。そして（不信仰の）徒党の内には、その一部を否定する者[2]がいる。（使徒*よ、）言うのだ。「私はアッラー*を崇拝*し、かれ（の崇拝*）に何ものも並べない[3]よう、命じられたに過ぎない。かれ（の崇拝*）にこそ私は（人々を）招くのであり、かれの御許にこそ、我が戻り場所はある」。 <sup foot_note=>1</sup>,
1744,（使徒*よ、過去の預言者*たちに、彼らの言葉で啓典を下したのと）同様に、われら*はそれ（クルアーン*）をアラビア語の裁定[1]として下した。もしもあなたが、自分に知識が到来した後に彼ら（シルク*の徒）の私欲に従うのなら、あなたにはアッラー*（の罰）に対する、いかなる庇護者も守護者もないのだ。 <sup foot_note=>1</sup>,
1745,（使徒*よ、）われら*は確かに、あなた以前にも使徒*たちを遣わし、彼らに妻と子孫を授けた[1]。そしてアッラー*のお許しなしには、いかなる使徒*も御徴[2]をもたらすことはない。全ての期限には、（定められた）書がある[3]のだから。 <sup foot_note=>1</sup>,
1746,アッラー*は、お望みのものを抹消され、また、定着させられる。そしてかれの御許には、書の母があるのだ[1]。 <sup foot_note=>1</sup>,
1747,（使徒*よ、）もし、われら*が彼らに約束したもの[1]の一部をあなたに見せてやるにしても、あるいは（その前に）あなたを召すにせよ、あなたには（アッラー*の教えの）伝達あるのみなのであり、清算するのはわれら*の役目なのだ。 <sup foot_note=>1</sup>,
1748,そして一体、彼ら（不信仰者*たち）は見ないのか？われら*が（彼らの）土地に取りかっては、それをその端々から削り取っていく[1]のを？アッラー*は裁決を下されるが、そのご裁決を覆す者などはないのであり、かれは即座に計算される*お方なのだ。 <sup foot_note=>1</sup>,
1749,彼ら以前の者たちは（自分たちの使徒*に対して）確かに策謀した。そうであっても、全ての策謀はアッラー*に属する[1]。かれは、全ての者が稼ぐもの（行為）をご存知なのだから。そして不信仰者*らは（復活の日*）、誰に世の（善き）結末[2]があるかを知ることになろう。[3] <sup foot_note=>1</sup>,
1750,不信仰に陥った者*たちは言う。「（ムハンマド*よ、）あなたは（アッラー*の御許から）遣わされた者ではない」。言ってやれ。「私とあなた方の間の証人は、アッラー*だけで十分である。そして、啓典の知識を有する者[1]（の証言）だけで」。 <sup foot_note=>1</sup>,
1751,アリフ・ラーム・ラー[1]。（使徒*よ、これは）あなたが人々を、彼らの主*のお許しによって闇から光[2]へ、つまり偉力ならびない*お方、称賛されるべき*お方の道へと（導き）出すべく、われら*があなたに下した啓典（クルアーン*）である。 <sup foot_note=>1</sup>,
1752,諸天にあるものと、大地にあるものが属する、アッラー*（の道へと）。そして不信仰者*たちには、厳しい懲罰という災いあれ。,
1753,（それらの者たちは、）来世よりも現世の生活を愛し、アッラー*の道（イスラーム*）から（人々を）阻み、それ（その道）を捻じ曲げようと望む者たち。それらの者たちは、（真実から）遠い迷いの中にある。,
1754,われら*はいかなる使徒*も、その民の言葉でしか、遣わすことがなかった。（それは）彼らに、（アッラー*の教えを）明白にするため。アッラー*はお望みになる者を迷わされ、お望みになる者をお導きになる。かれは偉力ならびない*お方、英知あふれる*お方。,
1755,われら*は確かに、ムーサー*をわれら*の御徴[1]と共に遣わし（、こう命じ）た。「あなたの民を、闇から光[2]へと（導き）出すのだ。そしてアッラー*の日々[3]について、彼らに思い出させよ」。本当にそこにはまさしく、忍耐*強く感謝深い全ての者[4]への（、アッラーの唯一性*と全能性を示す）御徴があるのだから。 <sup foot_note=>1</sup>,
1756,ムーサー*が、その民（イスラーイールの子ら*）に（こう）言った時のこと（を思い起こさせよ）。「あなた方に対するアッラー*の恩恵を思い起こすのだ。かれがあなた方を、フィルアウン*の一族から救い出された時のことを。彼らはあなた方に過酷な懲罰を味わわせ、男児は殺し、女児は生かしておいた[1]。そしてそこには、あなた方の主*からの偉大な試練があったのだ。 <sup foot_note=>1</sup>,
1757,また、あなた方の主*が（こう）宣言された時のこと（を思い起こさせるのだ）。『もしも、あなた方が（わが恩恵ゆえ、われに）感謝したなら、われは必ずや（わが恩寵を）あなた方に上乗せしてつかわそう。そして、もしもあなた方が恩知らずになったなら、本当に（あなた方への）わが懲罰は、まさしく厳しいものなのである』」。,
1758,そしてムーサー*は、（彼らに）言った。「もし、あなた方と、地上にいる者全てが不信仰に陥ろうとも（、それはあなた方自身を害するだけ）、実にアッラー*こそは、満ち足りた*お方、称賛されるべき*お方なのだから」。,
1759,（人々よ、）あなた方には、あなた方以前の者たちの消息が届いていないのか？ヌーフ*の民、アード*、サムード*、そしてアッラー*以外には（その数を）ご存知にならない、彼ら以後の者たち（の知らせ）が？彼らには、彼らの使徒*たちが明証[1]を携えてやって来たのだ。そして彼ら（民）は、彼らの手を自分たちの口に持っていき[2]（、苛立ちゆえにそれを噛みながら、こう）言った。「本当に私たちは、あなた方が携えて遣わされたものを否定する。そして本当に私たちは、あなた方が私たちを招いているもの[3]に対して、大きな疑惑を抱いているのだ」。 <sup foot_note=>1</sup>,
1760,使徒*たちは、（彼らに）言った。「一体、アッラー*（と、かれのみを崇拝*すること）に疑念を抱くのか？諸天と大地の創成者*に？かれはあなた方のために、あなた方の罪の一部をお赦しになり、あなた方に一定の時期まで（懲罰の）猶予を与えて下さるべく、あなた方を（信仰へ）招いておられるのだ」。彼ら（民）は、（使徒*たちに）言った、「あなた方は、私たちと同様の人間に外なら（ず、使徒*などに相応しいものでは）ない。あなた方は、私たちのご先祖様が崇めていたもの（を私たちが崇めること）から、私たちを阻もうとしているのだ。（あなた方が本当に使徒*）ならば、紛れもなき証拠[1]を私たちに持って来てみよ」。 <sup foot_note=>1</sup>,
1761,使徒*たちは、彼らに言った。「私たちは、あなた方と同様の人間に外ならない。しかしアッラー*はその僕の内、お望みになる者にお恵みを垂れ給う[1]のだ。また私たちは、アッラー*のお許しもなく、あなた方に証拠[2]をもたらすことは出来ない。信仰者たちには、アッラー*にこそ全てを委ね*させよ。 <sup foot_note=>1</sup>,
1762,また、どうして私たちが、アッラー*に全てを委ねないことがあろうか？かれは私たちを確かに、（救済への）いくつもの道[1]へとお導きになったというのに。私たちは必ずや、あなた方が私たちを害したことに対して、耐え切るのだ。そして（何かを誰かに）委ねる（信仰）者たちには、アッラー*にこそ全てを委ね*させよ」。 <sup foot_note=>1</sup>,
1763,不信仰に陥った者*たちは、自分たちの使徒*たちに言った。「私たちは必ずや、あなた方を私たちの土地から追放しよう。さもなくば、あなた方は私たちの宗教に戻る外ないのだ」。それで彼らの主*は、彼ら（使徒*たち）に（こう）啓示した。「われら*はきっと、不正*者たちを滅ぼそう。,
1764,そして彼らの（滅亡）後に必ずや、あなた方をその土地に住ませよう。それはわが立ち所[1]を怖れ、わが（罰の）約束を怖れていた者のためのもの」。 <sup foot_note=>1</sup>,
1765,そして彼ら（使徒*たち）は（アッラー*に、敵に対する）勝利を乞い、（真理に対して）尊大で頑迷な全ての者は敗北した。,
1766,彼（不信仰者*）の前には地獄があり、彼は（そこで、その住人の）血膿を飲まされる[1]。 <sup foot_note=>1</sup>,
1767,彼はそれをどうにか飲み込もうとするが、なかなか喉元を通すことが出来ない[1]。そして彼は死人（となって楽）になれないにも関わらず、死（の原因である苦しみ）がありとあらゆる場所から彼のもとを訪れる。また、その後にも、（別の）荒々しい懲罰があるのだ。 <sup foot_note=>1</sup>,
1768,自分たちの主*を否定する者たちの様子、その行いは、強風の日に風が激しくなっ（て、跡形もなく吹き散らしてしまっ）た灰のようなもの。彼らは自分たちが稼いだもの（行い）によって、（アッラー*の御許で）何一つ（益を）得ることがない[1]。それこそは（まっすぐな道から）遠い、迷いなのである。 <sup foot_note=>1</sup>,
1769,一体あなた[1]は、アッラー*が真理ゆえに、諸天と大地をお創りになったことを知らなかったのか？[2]かれがお望みなら、あなた方を滅ぼされ、新たな創造物[3]をもたらされるのだ。 <sup foot_note=>1</sup>,
1770,そして、それはアッラー*にとって難しいことなどではない。,
1771,（復活の日*、）彼らは皆アッラー*へと向かって（馳せ参じるべく、墓から）姿を現す[1]。そして弱者たちは、高慢だった者たち[2]に（、こう）言うのだ。「本当に私たちは（現世で）あなた方に追従していた。それでは（この日、）あなた方は少しでも、アッラー*の懲罰から私たちを守ってくれるのか？」彼ら（高慢だった者たち）は、言う。「もしアッラー*が私たちをお導きになっていたら、私たちもあなた方を導いていたのだ[3]。私たちが嘆き悲しもうが、忍耐*しようが、私たちにとっては同じこと。私たちに、（懲罰からの）逃げ道などない」。[4] <sup foot_note=>1</sup>,
1772,そしてシャイターン*は、事が裁決され（、天国の民と地獄の民が振り分けられ）た後、言う。「本当にアッラー*は、あなた方に（復活と報いという）真実の約束を約束され、私もあなた方に（それらが嘘だと）約束した。そして私は、あなた方を裏切ったのだ。また私には、あなた方に対していかなる（正当な）根拠[1]もなかった。ただ、私はあなた方を（不信仰と迷いへと）招き、あなた方は私に応じたのである。ならば、私を責めるのではなく、自分自身を責めよ。私は（この日、アッラー*の懲罰に対する）あなた方の救護者などではないし、あなた方が私の救護者なのでもない。本当に私は、以前（、現世で）あなた方が私を（アッラー*の）同位者として（服従して）いたこと（に対する責任）[2]を、否定した」。本当に不正*者たち、彼らには痛ましい懲罰があるのだ。[3] <sup foot_note=>1</sup>,
1773,そして信仰し、正しい行い*を行った者たちは、その主*のお赦しによって、その下から河川が流れる楽園に入れられる。彼らはそこに、永遠に留まる。そこでの彼らの挨拶は、「（あなた方に）平安を[1]」である。 <sup foot_note=>1</sup>,
1774,（使徒*よ、）あなたは、アッラー*がいかに譬えをお挙げになったのか、知らないのか？その根っこは堅固であり、その天辺は天に聳える、よき樹木のような、よき言葉（という譬え）を？[1] <sup foot_note=>1</sup>,
1775,それはその主*のお許しによって、あらゆる時節にその果実を振舞う[1]。アッラー*は人々に、数々の譬えを示されるのだ。（それは、）彼らが教訓を得るように、とのためである。 <sup foot_note=>1</sup>,
1776,また、悪い言葉とは、地表から抜かれてしまった、悪い樹木のようなもの[1]。それには、いかなる安定もない。 <sup foot_note=>1</sup>,
1777,アッラー*は現世においても来世においても、信仰する者たちを確固とした言葉で堅固にされる[1]。またアッラー*は不正*者たちを迷わせ給うのだ[2]。アッラー*はかれがお望みのことをし給うのである。 <sup foot_note=>1</sup>,
1778,一体あなた[1]は、アッラー*の恩恵[2]を不信仰で取り換え、自分たちの民を破滅の世界へと住まわせた者たちを見なかったのか？ <sup foot_note=>1</sup>,
1779,彼らがそこに入って炙られることになる、地獄へと？その定着地は、何と醜悪であろうか。,
1780,また、彼ら（不信仰者*たち）は（、人々をイスラーム*という）その道から迷わせるべく、アッラー*に同位者を置い（て崇め）た。（使徒*よ、）言ってやれ。「（現世で）楽しんでいよ。本当にあなた方の行き先は、業火なのだから」。,
1781,（使徒*よ、）信仰するわが僕たちに、言うのだ。いかなる売買[1]も友愛もない（復活の）日*が到来する前に、礼拝を遵守*し、われら*が彼らに授けたものから秘密裏に、そして公然と（施しとして）費やせ[2]、と。 <sup foot_note=>1</sup>,
1782,アッラー*は諸天と大地を創造され、天から（雨）水をお降らしになり、それによって果実というあなた方への糧をお出しになり、そのご命令によって海を航行すべく船をあなた方に仕えさせ、河川をあなた方に仕えさせられた[1]お方。 <sup foot_note=>1</sup>,
1783,また、かれは、あなた方に太陽と月を仕えさせて運行し続けさせ、あなた方に夜と昼を仕えさせられた（お方）。[1] <sup foot_note=>1</sup>,
1784,また、かれは、あなた方がかれに求めた全てのものの内から、あなた方にお授けになった（お方）。たとえあなた方がアッラー*の恩恵を数えたとしても、それを数え上げることは叶わない。本当に人間は不正*極まりない者、大変な恩知らずである。,
1785,イブラーヒーム*が、（こう）言った時のこと[1]（を思い起こさせるのだ）。「我が主*よ、この町（マッカ*）を平穏にし[2]、私と、私の子孫が偶像を崇めることから、遠ざけて下さい。 <sup foot_note=>1</sup>,
1786,我が主*よ、それら（偶像）は、多くの人々を（正しい道から）迷わせました。ゆえに私に従った者[1]は誰でも、本当に私の仲間です。そして私に反した者[2]があっても、本当にあなたは（そのような者にも）赦し深く、慈愛深い*お方であられます。 <sup foot_note=>1</sup>,
1787,我らが主*よ、本当に私は自分の子孫の内の者たちを、あなたの聖なる館（カァバ神殿*）の傍らの、作物も（水も）ない谷間に住まわせました、我らが主*よ、彼らが礼拝を遵守*するために（、私はそうしたのです）[1]。ならば、人々の内の心が彼らへと傾くようにし、種々の果実の内から彼らにお授け下さい[2]。彼らはきっと（あなたに）、感謝するでしょう。 <sup foot_note=>1</sup>,
1788,我らが主*よ、本当にあなたは、私たちが隠すことも露わにすることもご存知です。地でも天でも、アッラー*から姿を暗ますことが出来るものなど、何一つありません。,
1789,年老いた私に、イスマーイール*とイスハーク*をお授けになったアッラー*に、全ての称賛*あれ。本当に我が主*は、まさしく祈りを聞き届けられるお方。,
1790,我が主*よ、私を、礼拝を遵守*する者として下さい。また、私の子孫の内の者たちも。そして我らが主*よ、私の祈りをお受け入れ下さい。,
1791,我らが主*よ、清算が行われる日に、私と我が両親[1]、信仰者たちをお赦し下さい」。 <sup foot_note=>1</sup>,
1792,（使徒*よ、）あなた[1]は、（イブラーヒーム*の宗教に反した）不正*者たち[2]が行っていることに対して、アッラー*が無頓着であられるなどと、断じて思ってはならない。かれは、彼らの眼が（余りの恐怖ゆえに）凝然とするその日まで、彼らを猶予されるに過ぎないのだから。 <sup foot_note=>1</sup>,
1793,（彼らはその日、）あたふたと（墓場から現れ、）自分たちの頭を上げた状態のまま。（余りの恐怖ゆえ、）彼らの瞬きは自分たちに戻ることもなく[1]、その心は虚ろである。 <sup foot_note=>1</sup>,
1794,（使徒*よ、）人々に警告せよ、彼らに懲罰が到来し、（不信仰という）不正*を働いた者たちが（、こう）言う（復活の）日*のことを。「我らが主*よ、短い期間だけ、私たちに猶予をお授け下さい。あなたの呼びかけに応え、使徒*たちに従いますから」。[1]（すると、彼らにこう言われる。）「あなた方は以前、自分たちには（現世から来世への）移転などない、と誓いを立てたのではなかったか？ <sup foot_note=>1</sup>,
1795,また、あなた方は、自らに不正*を働いた（過去の不信仰）者*たちの住処に滞在した[1]。われら*が彼らに対していかなる仕打ちをしたか、あなた方には明らかになったのである。われら*は（このクルアーン*の中で）、あなた方にいくつもの譬えを挙げたのだ」。 <sup foot_note=>1</sup>,
1796,彼ら（シルク*の徒）は確かに、自分たちの策謀を企んだ。そして彼らの策謀は、アッラー*の御許にこそ（掌握されて）ある[1]。彼らの策謀は（その脆弱さゆえ）、それによって山々を動かすこともないのだ。 <sup foot_note=>1</sup>,
1797,だから（使徒*よ）、アッラー*が、かれの使徒*たちに対するそのお約束をお破りになるなどと、あなた[1]は断じて考えてはならない。本当にアッラー*は偉力ならびない*お方であり、報復の主*なのだから。 <sup foot_note=>1</sup>,
1798,大地がその大地ではない（別の）もの[1]に、そして諸天もまた（その諸天ではない別のものに）取って代わられる日（の報復である（。彼らは、唯一で*全てに君臨し給う*アッラー*へと（馳せ参じるべく、墓から）姿を現す[2]。 <sup foot_note=>1</sup>,
1799,（使徒*よ、）あなたは（復活の）その日、不正*者たちが枷で、がんじがらめにされている[1]のを見る。 <sup foot_note=>1</sup>,
1800,彼らの衣服はタール[1]で出来ており、炎が彼らの顔を覆う。 <sup foot_note=>1</sup>,
1801,（それは）アッラー*が全ての者を、（善行であれ悪行であれ、）彼が稼いだものによってお報いになるためである。本当にアッラー*は、即座に計算される*お方。,
1802,これ（クルアーン*）は、人々への布告である。（アッラー*はそれを彼らへの忠告を受け、かれ（アッラー*）が唯一の崇拝*されるべき存在に外ならないということを知り、澄んだ知性の持ち主たちが教訓を得るために（下されたのである）。,
1803,アリフ・ラーム・ラー[1]。それは啓典と解明する[2]クルアーン*の、御徴（アーヤ*）。 <sup foot_note=>1</sup>,
1804,不信仰だった者*たちは、自分たちが（現世で、）服従する者（ムスリム*）であったなら、と望むことになるかもしれない[1]。 <sup foot_note=>1</sup>,
1805,（使徒*よ、）彼ら（不信仰者*たち）のことは放っておけ。（そうすれば、）彼らは食べ、（現世を）楽しみ、（空しい）期待が彼らを（アッラー*への服従とは別のことに）勤しませよう。（そうとなれば）彼らは、やがて（自分たちの悪い結末を）知ることになるのである。,
1806,（使徒*よ、不信仰者*たちが、早く懲罰を下してみよ、と挑んできたにせよ、）われら*がどんな町を滅ぼす時でも、そこには定められた期限があったのだ。[1] <sup foot_note=>1</sup>,
1807,いかなる共同体も、その（滅亡の）期限に先駆けることもなければ、遅れることもない。,
1808,彼らは（預言者*ムハンマド*に、嘲笑まじりに）言った。「訓戒（クルアーン*）を下された者よ、本当にあなたは、まさしく憑かれた者[1]である。 <sup foot_note=>1</sup>,
1809,天使*を連れて来てみよ。もし、あなたが正直者の類いだというのなら[1]」。 <sup foot_note=>1</sup>,
1810,われら*が天使*を下すのは、真理[1]と共にのみ。そして彼らは、そうすれば、（もはや懲罰を）猶予された者たちではなくなる。[2] <sup foot_note=>1</sup>,
1811,本当にわれら*は訓戒（クルアーン*）を下したのであり、実にわれら*がまさしく、その守護者[1]なのである。 <sup foot_note=>1</sup>,
1812,（使徒*よ、）われら*はあなた以前にも確かに、昔の人々の各集団に（使徒*たちを）遣わした。,
1813,そして彼らのもとに使徒*が訪れた時は決まって、彼らは彼（使徒*）のことを嘲笑したものだった。,
1814,（それらの者たちと）同様に、われら*は（アッラー*を否定し、その使徒*を嘘つき呼ばわりした）罪悪者たち[1]の心にも、それ[2]を差し込むのである。 <sup foot_note=>1</sup>,
1815,彼らはそれ（クルアーン*）を信じない。確かに昔の人々（に対するアッラー*）の摂理は、先んじた[1]というのに。 <sup foot_note=>1</sup>,
1816,もし、われら*が彼ら（マッカ*の不信仰者*たち）に天の扉を開けてやり、彼らがそこを昇り続け（、そこでアッラー*の王国の驚異を目の当たりにし）たとしても、,
1817,彼らは（、こう）言ったであろう。「私たちの眼は、封じられてしまったに違いない。いや、私たちは魔術をかけられた民なのだ」。,
1818,われら*は確かに、天に星座を設け、観る者のためにそれ（天）を飾り付けた。,
1819,そしてそれ（天）を、全ての追放された[1]シャイターン*から、守った。 <sup foot_note=>1</sup>,
1820,しかし（彼らの内、天上界の言葉を）盗み聞きし、それで鮮明なる流星が追尾（して、焼殺）する者は別だが[1]。 <sup foot_note=>1</sup>,
1821,また、大地はといえば、われら*はそれを広げ、そこに堅固な山々を置き、またそこに（最適の量に）調整された全てのもの（植物）を生育させた。,
1822,また、あなた方のため、そこに生活の糧と、あなた方がそれを養うわけではないもの[1]を（創り）設えた。 <sup foot_note=>1</sup>,
1823,（僕を益する）いかなるものも、われら*の御許にこそ、その宝庫がある。そしてわれら*はそれを、決められた量しか下さない[1]。 <sup foot_note=>1</sup>,
1824,われら*授粉の風[1]を送り、天から（雨）水を降らし、あなた方をそれで潤した。あなた方が、それを貯めておく者ではないのだ[2]。 <sup foot_note=>1</sup>,
1825,そして本当にわれら*こそが、生かし、死なせるのであり、われら*が相続者[1]なのである。 <sup foot_note=>1</sup>,
1826,またわれら*は、あなた方の内の先んじた者たちも確かに知っているし、後からやって来る者たち[1]のことも確かに知っている。 <sup foot_note=>1</sup>,
1827,そして本当にあなたの主*こそは、彼らを（復活の日*に、清算と報いのため）召集される。本当にかれは英知あふれる*お方、全知者であられる。,
1828,われら*は確かに人間（アーダム*）を、変質した[1]黒土が乾いたものから創った。[2] <sup foot_note=>1</sup>,
1829,そして、ジン*の祖（イブリース*）。われら*は彼をそれ以前に、無煙の熱い炎[1]から創った。 <sup foot_note=>1</sup>,
1830,（使徒*よ、）あなたの主*が天使*たちに（こう）仰せられた時のこと[1]（を思い起こさせよ）。「本当にわれは、人間（アーダム*）を変質した黒土が乾いたものから創ろう。[2] <sup foot_note=>1</sup>,
1831,それでわれがそれを整え、そこにわが魂[1]から吹き込んだら、彼にサジダ*[2]せよ」。 <sup foot_note=>1</sup>,
1832,すると天使*たちは皆、一斉にサジダ*した。,
1833,但しイブリース*だけは別で、彼はサジダ*する者たちと共にあることを拒んだ。,
1834,かれ（アッラー*）は、仰せられた。「イブリース*よ、あなたがサジダ*する者たちと共にないのは、どうしたことか？」,
1835,彼（イブリース*）は、申し上げた。「変質した黒土が乾いたものから、あなたがお創りになった人間[1]にサジダ*するなど、私には相応しくありません」。[2] <sup foot_note=>1</sup>,
1836,かれ（アッラー*）は、仰せられた。「ならば、そこ[1]から出て行くがよい。まさにあなたは追放された[2]者なのであり、 <sup foot_note=>1</sup>,
1837,本当にあなたの上には、報いの日*まで呪いがあるのだから」。,
1838,彼（イブリース*）は、申し上げた。「我が主*よ、では私に、彼らが蘇らされる（復活の）日*まで猶予をお授け下さい」。,
1839,かれ（アッラー*）は仰せられた。「それでは、実にあなたは、猶予される者の一人である、,
1840,（角笛[1]に最初に吹き込まれる、）定められた時の日まで」。[2] <sup foot_note=>1</sup>,
1841,彼（イブリース*）は、申し上げた。「我が主*よ、あなたが私を誤らせたのですから、私は必ずや地上で、彼ら（アーダム*の子ら）に（、あなたへの不服従を）目映くして見せ、彼ら全員を必ずや、（正しい道から）踏み誤らせてみせましょう。,
1842,彼らの内、精選されたあなたの僕たち[1]はその限りではありませんが」。 <sup foot_note=>1</sup>,
1843,かれ（アッラー*）は、仰せられた。「これはわれへの、まっすぐな道である」。,
1844,本当に（精選された）わが僕たち、彼ら（の心を、まっすぐな道から迷わせること）に対し、あなたにはいかなる力もない。但し、踏み誤った者たちの内、あなたに従った者は別だが。,
1845,そして本当に地獄が、まさしく彼ら（イブリース*の追従者たち）全員の、約束の場である。,
1846,そこには七つの門がある。その各々の門には、彼ら（イブリース*の追従者たち）の内からの割り当て分があるのだ」。[1] <sup foot_note=>1</sup>,
1847,本当に敬虔な*者たちは、楽園と泉の中にある。,
1848,（彼らにはこう言われる。）「平安と共に、安全にそこに入りなさい[1]」。 <sup foot_note=>1</sup>,
1849,そしてわれら*は、彼らの胸中にある憎しみの念を一掃する[1]。寝台の上、互いに向かい合う[2]同胞として。 <sup foot_note=>1</sup>,
1850,そこでは疲労が彼らを襲うこともなく、彼らがそこから出されることもない。,
1851,（使徒*よ、）わが僕たちに伝えよ、われこそは赦し深い者、慈愛深き*者であるということを。,
1852,そしてわが懲罰こそは、痛ましい懲罰であることを。,
1853,また（使徒*よ）、イブラーヒーム*の客人（人間の姿を借りた天使*）たちについて、彼らに伝えよ。[1] <sup foot_note=>1</sup>,
1854,彼らが、彼（イブラーヒーム*）のところに入って来て、「（あなたに）平安を[1]」と言った時のこと（を思い出せ）。彼は言った。「本当に私たちは、あなた方のことが怖いのです」。[2] <sup foot_note=>1</sup>,
1855,彼ら（天使*たち）は、言った。「怖がるのではない。実に私たちはあなたに、有識な男の子[1]（の出産について）の吉報を告げるのだから」。 <sup foot_note=>1</sup>,
1856,彼（イブラーヒーム*）は、言った。「一体あなた方は、高齢に達した私に、（出産の）吉報をお告げになりましたか？一体あなた方は、何という（突拍子もない）吉報をお告げになるのでしょう？,
1857,彼ら（天使*たち）は、言った。「私たちはあなたに、真理の吉報を告げたのである。だから、絶望する者の類いとなってはならない」。,
1858,彼（イブラーヒーム*）は、言った。「（私は絶望などしませんし、）自分の主*のご慈悲に絶望するのは、（真理の道から）迷った者たちだけです」。,
1859,彼（イブラーヒーム*）は、言った。「では、あなた方のご用件は何なのでしょう、御使いたちよ」。,
1860,彼ら（天使*たち）は、言った。「本当に私たちは、罪悪者である民へと（、彼らを滅ぼすべく）遣わされたのです。,
1861,但しルート*の一族だけは別で、本当に私たちは、彼ら全員を必ずや救います。,
1862,しかし彼の妻は、その限りではありませんが。私たちは（アッラー*のご命令により）、まさしく彼女が残っ（て滅ぼされ）た者たちの一人となるよう、決めたのです」。,
1863,それでルート*の一族のもとに、御使いたちがやって来た時、[1] <sup foot_note=>1</sup>,
1864,彼（ルート*）は、言った。「本当にあなた方は、見慣れない方々ですね」。,
1865,彼ら（天使*たち）は、言った。「いや（、怖がるのではない）、私たちは、彼らが疑わしく思っていたもの（彼らへの懲罰）を携えて、あなたを訪れたのである。,
1866,そして私たちは、真理と共にあなたのもとにやって来たのであり、本当に私たちは、まさしく正直者である。,
1867,ならば夜が更けてから、あなたの家族と共に（町[1]を）出発せよ。また、あなたは彼らの後方につき、あなた方の誰一人として（、後ろを）振り向いてはならない。そして、あなた方が命じられている（安全な）所へと進むのだ」。 <sup foot_note=>1</sup>,
1868,われら*は彼（ルート*）に、これらの者たちが朝を迎えた時には、一人残さず根こそぎにされるという、その裁決を知らせたのである。,
1869,そして町の人々が、（ルート*の客人のことを聞きつけて）心躍らせつつ、やって来た[1]。 <sup foot_note=>1</sup>,
1870,彼（ルート*）は、言った。「本当にこの方々は、私の客人なのだ。ならば、私の面目を失わせないでくれ。,
1871,そしてアッラー*を畏れ*、私を辱めるのではない」。,
1872,彼ら（町の人々）は、言った。「一体、私たちは（あなたに警告し）、あなたに人々（を外から客人として迎え入れること）を禁じなかったのか？[1]」 <sup foot_note=>1</sup>,
1873,彼（ルート*）は言った。「これら私の娘[1]である。もし、あなた方が（望みを果たそうと）するのならば（、彼女らと結婚せよ）」。 <sup foot_note=>1</sup>,
1874,ーーあなた（預言者*ムハンマド*）の人生に誓って[1]、実に彼らはまさしく、迷いの中で彷徨っているーー。 <sup foot_note=>1</sup>,
1875,そして日の出を迎えた頃、彼らを（轟く）一声が捉えた。,
1876,それでわれら*は、それ（町）を逆さまに（ひっくり返）し、その上に（硬い）泥土からなる石を降らせた。,
1877,本当にそこにはまさしく、眼識ある者たちへの御徴[1]があり、 <sup foot_note=>1</sup>,
1878,実にそれ（ルート*の民の町）は、まさに歴然たる道の途上にある。[1] <sup foot_note=>1</sup>,
1879,本当にそこにはまさしく、信仰者たちへの御徴があるのだ。,
1880,また、本当に藪の仲間たち[1]は、まさしく不正*者であった。 <sup foot_note=>1</sup>,
1881,それでわれら*は、彼らに報復した。実にそのいずれ（ルート*の町と、シュアイブ*の民の町）も、明白な道筋の途上にある[1]。 <sup foot_note=>1</sup>,
1882,また、アル＝ヒジュルの仲間たち[1]は、遣わされた者（使徒*）たち[2]を確かに嘘つき呼ばわりした。 <sup foot_note=>1</sup>,
1883,そしてわれら*は彼らに、われら*の御徴[1]を与えたが、彼らはそれに背を向けていた。 <sup foot_note=>1</sup>,
1884,そして彼らは安全に[1]、山々を削って住居にしていた。 <sup foot_note=>1</sup>,
1885,それで朝を迎えた時、彼らを（轟く）一声が襲った。[1] <sup foot_note=>1</sup>,
1886,そして彼らが稼いでいたもの[1]は、（アッラー*の懲罰が下された時、）彼らの役に立つことがなかった。 <sup foot_note=>1</sup>,
1887,われら*が諸天と大地とその間にあるものを創造したのは、真理ゆえに外ならない[1]。そして（復活の）その時は、必ずや到来する。ならば（使徒*よ）、あなたは（シルク*の徒を）綺麗さっぱり見逃してやるのだ。 <sup foot_note=>1</sup>,
1888,本当にあなたの主*こそは、全ての創造者、全知者であられるのだから。,
1889,（預言者*よ、）われら*は確かに、反復される七つのもの[1]と偉大なるクルアーン*を、あなたに授けた。 <sup foot_note=>1</sup>,
1890,われら*が、彼ら（不信仰者*たち）の各種の者を楽しませてやった（現世の）ものに、決して視線を釘付けにするのではない。また、彼ら（の不信仰）ゆえに悲しまず、あなたの翼を信仰者たちに下ろしてやる[1]のだ。 <sup foot_note=>1</sup>,
1891,そして、言え。「本当に私は、（あなた方にアッラー*を信仰すべき証拠と、その懲罰を）明白にする警告者である。,
1892,同様にわれら*は、分断する者たち[1]にも（懲罰を）下したのだ。 <sup foot_note=>1</sup>,
1893,クルアーン*を、ばらばらにした[1]者たちに。 <sup foot_note=>1</sup>,
1894,あなたの主*に誓って、われら*は必ずや（復活の日*に）彼ら全員を問いただそう、[1] <sup foot_note=>1</sup>,
1895,彼らが行っていたこと[1]について。 <sup foot_note=>1</sup>,
1896,ならば、あなたに命じられたことを公けにし、シルク*の徒らに背を向けよ。[1] <sup foot_note=>1</sup>,
1897,本当にわれら*があなたを、嘲笑する者たちから守った[1]のだから。 <sup foot_note=>1</sup>,
1898,アッラー*と共に、別の神[1]を配する者たち（から）。彼らは、（自分たちがした事の結末を）知ることになろう。 <sup foot_note=>1</sup>,
1899,（使徒*よ、）われら*は確かに、彼らが（あなたとあなたの布教について）言うことゆえ、あなたが心苦しくなるのを知っている。,
1900,ならば、あなたの主*の称賛*と共に（かれを）称え*、サジダ*する者たちの仲間であれ。,
1901,そして、あなたに確然たるもの[1]が到来するまで、あなたの主*を崇拝*するのだ。 <sup foot_note=>1</sup>,
1902,アッラー*のご命令が到来した[1]。ゆえに（不信仰者*たちよ、）あなた方はそれを、性急に求めるのではない[2]。かれに称え*あれ、かれは彼らがシルク*を犯しているものから（無縁で）、遥か高遠であられる。 <sup foot_note=>1</sup>,
1903,かれは、その僕たちの内からお望みになる者（使徒*たち）に、かれのご命令によって、魂（啓示）[1]と共に天使*たちを下される。（こう）警告せよ、と。「本当にわれの外に、（真に）崇拝*すべきものなど、何一つない。ならば、われを畏れる*のだ」。 <sup foot_note=>1</sup>,
1904,かれは真理ゆえに、諸天と大地をお創りになった[1]。かれは、彼らがシルク*を犯しているものから（無縁で）、遥か高遠であられる。 <sup foot_note=>1</sup>,
1905,かれは、人間を一滴の精液から創られた[1]。なのにどうであろうか、彼は（その主*に対する）あからさまな反論者なのだ。[2] <sup foot_note=>1</sup>,
1906,また、家畜を（あなた方人間のために）お創りになった。それらにはあなた方への温もり[1]と諸益があり、あなた方はそれらから食する。 <sup foot_note=>1</sup>,
1907,また、あなた方が（夕べに、それらの家畜を小屋へと）連れて帰る時、そして（朝には）牧場に連れて行く時、そこにはあなた方にとっての甘美さがある。[1] <sup foot_note=>1</sup>,
1908,また、それら（の家畜）は、（あなた方）自身の苦労なしにはあなた方が到達できなかったであろう町にまで、あなた方の荷物を運んでくれる。本当にあなた方の主*は、まさに哀れみ深い*お方、慈愛深い*お方なのだから。,
1909,また、あなた方がそれらに乗り、飾りとするための、馬と、ラバと、ロバ（も、お創りになった）。またかれは、あなた方が知らないものを創造される。,
1910,アッラー*にこそ、まっすぐな道[1]（の明示）があるーーそれらの中には歪んだものもあるがーー。そしてかれがお望みになれば、あなた方全員をお導きになったのである。 <sup foot_note=>1</sup>,
1911,かれ（アッラー*）は、天から（雨）水をお降らしになったお方。その一部はあなた方のための飲み物であり、それから、あなた方がそれで（家畜に）餌をやる木々が（得られるので）ある。,
1912,かれはあなた方のために、それ（水）で作物、オリーブ、ナツメヤシ、葡萄、あらゆる果実の内のものを生育させられる。本当にその中にはまさしく、熟考する民への御徴[1]があるのだ。 <sup foot_note=>1</sup>,
1913,またかれは、あなた方に夜、昼、太陽、月を仕えさせられた。また星々は、かれのご命令によって奉仕させられている。本当にその中にはまさしく、分別する民への御徴[1]がある。 <sup foot_note=>1</sup>,
1914,また、あなた方のために大地に創造された、様々な彩りのもの[1]（も、あなた方に仕えさせられた）。本当にその中にはまさしく、教訓を得る民への御徴がある。 <sup foot_note=>1</sup>,
1915,かれは（あなた方に）、海を仕えさせられたお方。（それは）あなた方がそこから新鮮な肉を食べ、あなた方が身に纏う装飾品を、そこから採り出すため。あなたはそこを、船が水を切（りつつ走）るのを見る。そして（それは）あなた方が、かれのご恩寵から（糧を）求めるためなのであり、あなた方が（アッラー*に）感謝するようにするためなのだ。,
1916,また、かれは大地に、それがあなた方と共に揺れ動かないよう、堅固な山々を投げ入れられた。そして河川や、あなた方が導かれるべく道々も（設えられた）。,
1917,そして、道標[1]（も設えられた）。星によってこそ、実に彼らは（夜に、道を）導かれるのだ。 <sup foot_note=>1</sup>,
1918,一体、（これら全てを）創造するお方（アッラー*）は、創造しないもの[1]と同様であろうか？一体、あなた方は教訓を得ないのか？ <sup foot_note=>1</sup>,
1919,たとえあなた方がアッラー*の恩恵を教えたとしても、それを数え上げることは叶わない。本当にアッラー*はまさしく、赦し深いお方、慈愛深い*お方。,
1920,また、アッラー*はあなた方が隠すことも、露わにすることもご存知である。,
1921,そして彼らがアッラー*を差しおいて祈っているもの（偶像）は、何一つ創造することなどないし、それらは（そもそも不信仰者*によって）創られるものなのだ。,
1922,（それらは全て）死んだものであり、生きているものではない。それらは（自分たちを崇めている者たちが）いつ蘇らされるか、察知することがない[1]のだ。 <sup foot_note=>1</sup>,
1923,あなた方の神[1]は、ただ一つの神（アッラー*）。来世を信じない者たち、その心は（アッラーの唯一性*を）否認しているのであり、彼らは（真理を受け入れ、アッラーだけを崇拝*することに対して）高慢な者たちなのだ。 <sup foot_note=>1</sup>,
1924,間違いなくアッラー*は、彼らが隠すことも、露わにすることもご存知であ（り、それにお報いにな）る。本当にかれは高慢な者たちをお好みにはならない。,
1925,「あなた方の主*が、（ムハンマド*に）下されたのは何か？」と、彼ら（シルク*の徒）に言われれば、彼らは言った。「昔の人々のお伽噺だ」。,
1926,こうして彼らは復活の日*、（罪という）自分たちの重荷を全て背負い、彼らが知識もなく迷わせる者たちの重荷の一部も、背負うことになる[1]。彼らの背負うものは、何と忌まわしいものではないか。 <sup foot_note=>1</sup>,
1927,彼ら以前の（不信仰）者*たちも、（使徒*たちと、彼らが携えて来た真理に対して）確かに策謀したのだ。それでアッラー*（のご命令）が、彼らの建物にその土台から到来し（てそれを破壊し）、屋根が彼らに、その上方から崩れ落ちた[1]。彼らが気付きもしないところから、彼らに懲罰が到来したのである。 <sup foot_note=>1</sup>,
1928,それからかれ（アッラー*）は復活の日*、彼らを（懲罰で）辱められる。そして、（こう）仰せられるのだ。「あなた方が、それらゆえに（使徒*たちや信仰者らと）対立していた、わが同位者たちはどこなのだ？[1]」知識を授けられた者たち[2]は言う。「本当にこの日、屈辱と災い（懲罰）は不信仰者*たちの上にあります。 <sup foot_note=>1</sup>,
1929,自分自身に（不信仰という）不正*を働いた状態[1]のまま、天使*たち[2]が（その魂を）召した者たち（の上に）」。（死に直面した時、）彼らは降伏する。（そして、こう言う。）「私たちは悪いことなど、何一つやっていませんでした」。（すると、こう言われる。）「いや（、あなた方は嘘をついている）、本当にアッラー*は、あなた方が行っていたことを（全て）ご存知なのである。 <sup foot_note=>1</sup>,
1930,ゆえに地獄の門々に入り、そこに永遠に留まるがよい。（アッラー*への信仰と服従に対して）高慢な者たちの住処は、何と実に醜悪であろうか」。,
1931,そして敬虔*だった者たちには、（こう）言われる。「あなた方の主*が、（ムハンマド*に）下されたのは何か？」彼らは言う。「善きもの[1]です」。この現世で善を尽くした者[2]たちには素晴らしいもの[3]があり、実に来世の住まいは（現世よりも）更に善いのである。そして敬虔*な者たちの住まいは、何と実に素晴らしいことか。 <sup foot_note=>1</sup>,
1932,（それは）彼らがそこに入ることになり、その下からは河川が流れる、永久の楽園。彼らにはそこに、自分たちが望む（あらゆる）ものがある。このようにアッラー*は、敬虔*な者たちに報われるのだ。,
1933,（彼らはその魂が）善い状態[1]のまま、天使*たちに召される者たち。彼ら（天使*たち）は言う。「あなた方に平安を[2]。あなた方が（現世で）行っていたものゆえに、天国に入るがよい」。 <sup foot_note=>1</sup>,
1934,一体、彼ら（シルク*の徒）は、天使たちが彼らのもとに到来するか、またはあなたの主*のご命令がやって来るのを待っているだけなのか？[1]彼ら以前の（主信仰）者*たちも、そのようにしたのだ。アッラー*が彼らに不正*を働かれたのではない。しかし彼らが、自分自身に不正*を働いていたのである。 <sup foot_note=>1</sup>,
1935,それで、彼らが行ったことの悪行（に対する報いとしての懲罰）は彼らに襲いかかり、自分たちが嘲笑していたもの（懲罰）が、彼らを包囲した。,
1936,また、シルク*を犯していた者たちは言った。「アッラー*がお望みであったなら、私たちも、私たちのご先祖様たちも、かれ（アッラー*）を差しおいて何も崇めることなどなかったし、私たちがかれをよそに（、勝手に）何かを禁じることもなかったのだ[1]」。彼ら以前の（不信仰）者*たちも、同じようにしていたのである。一体、使徒*たちには、明白なる伝達以外の使命があるとでもいうのか？ <sup foot_note=>1</sup>,
1937,われら*は確かに、あらゆる共同体へと使徒*を遣わし（て、こう伝えさせ）た。「アッラー*（だけ）を崇拝*し、ターグート*を避けよ[1]」。そして彼らの内には、アッラー*がお導きになった者もあり、また彼らの内には、（誤った道に頑迷に従ったことで、）迷妄が確定した者もある。ならば、あなた方は地上を旅し、（使徒たちを）嘘つき呼ばわりした者たちの結末が、いかなるものであったかを見てみるがよい。 <sup foot_note=>1</sup>,
1938,（使徒*よ、）たとえあなたが彼ら（シルク*の徒）の導きに懸命になっても、（それはあなたには叶わない、）本当にアッラー*は、かれが迷わせ給う者をお導きにはならないのだから[1]。そして彼らには、（彼らを懲罰から救ってくれる、）いかなる援助者もないのだ。 <sup foot_note=>1</sup>,
1939,また彼らは、「アッラー*は死ぬ者を、蘇らせたりなどしない」と、躍起になってアッラー*にかけて誓った[1]。いや、（アッラー*は、彼らを必ずや復活させられるという、）その真のお約束（を約束されたのだ）。しかし大半の人々は、（アッラー*の御力を）知らないのである。 <sup foot_note=>1</sup>,
1940,（アッラー*が彼らを蘇らせられるのは、）彼らが意見を異にしていること[1]を彼らに明らかにされるためであり、不信仰だった者*たちが、自分たちが嘘つきであったことを知るためなのだ。 <sup foot_note=>1</sup>,
1941,われら*が何かを望んだ時、それに対するわれら*の言葉は、それに「あれ」と言うだけ。そうすれば、それは存在するのである。[1] <sup foot_note=>1</sup>,
1942,不正*を受けた後、アッラー*ゆえに移住*する者たち、われら*は現世において、必ずや彼らを素晴らしき（場所）に住まわせる。そして来世の褒美（天国）こそは、更に偉大なのだ。もし彼らが（そのことを）知っていたのならば（、アッラー*ゆえの移住*を思いとどまることはなかっただろう）。,
1943,（彼らは）忍耐*し、自分たちの主*にこそ、全てを委ねる*者たち。,
1944,（使徒*よ、）われら*があなた以前に（使徒*として）遣わしたのは、われら*が啓示を下す、男性（人間）以外の何者でもなかった[1]。（シルク*の徒よ、それを信じない）ならば、教訓の民に尋ねてみよ[2]。もし、あなた方が知らないのなら。 <sup foot_note=>1</sup>,
1945,明証と書巻[1]と共に（、われら*は使徒*たちを遣わした）。そしてわれら*は、あなたが人々に、彼らに下されたものを説明すべく、あなたに教訓（クルアーン*）を下したのである[2]。（それを聞いて、）彼らが熟考するように、と。 <sup foot_note=>1</sup>,
1946,一体、悪事を策謀した者たちは、安心しているのか？アッラー*が彼らを地面に飲み込ませたり、彼らが気付きもしない所から、彼らに懲罰が到来したりしないと？,
1947,または、彼らが（旅や活動に）勤しんでいる間に、彼らのことを罰されることがないと（、安心しているのか）？彼らは、（アッラー*の懲罰から）逃れられる者などではないというのに。,
1948,あるいは、（アッラー*が）彼らを減退させつつ[1]滅ぼされることはないと（、安心しているのか）？本当にあなた方の主*は、まさしく哀れみ深い*お方、慈愛深い*お方なのだ。 <sup foot_note=>1</sup>,
1949,一体、彼ら（不信仰者*）は、アッラー*がお創りになったものを何も見なかったのか？そ（れら）の（ものの）影は、右に左に揺れ動きつつ、従順にアッラー*にサジダ*する。[1] <sup foot_note=>1</sup>,
1950,諸天にあるものと、大地にある（全ての）生物は、アッラー*にのみサジダ*する[1]。また天使*たちも、驕り高ぶることなく（サジダ*するのだ）。 <sup foot_note=>1</sup>,
1951,彼ら（天使*たち）は、（その本質と権勢と完全なる属性において）彼らの上におわします自分たちの主*を怖がり、自分たちが命じられたことを実行する。（読誦のサジダ*）,
1952,アッラー*は仰せられた。「二つの神[1]を配して（崇拝*して）はならない。かれ（アッラー*）は外ならぬ唯一の神なのだ。ならば、われだけを恐れよ」。 <sup foot_note=>1</sup>,
1953,また、かれにこそ諸天と大地にあるもの（全て）は属し、そしてかれにこそ常に、服従は属する。なのに一体、あなた方は、アッラー*以外を畏れる*というのか？,
1954,あなた方のもとにある、いかなる恩恵も、アッラー*からのもの。それから、あなた方に害悪が降りかかれば、あなた方はかれにこそ縋って（祈りの）声を上げるのだ。,
1955,それから、かれがあなた方から害悪を取り除いて下さると、何ということか、あなた方の内の一派は自分たちの主*に対してシルク*を犯す。[1] <sup foot_note=>1</sup>,
1956,こうして彼らは、われら*が彼らに授けたもの[1]を否定する。ならば、（現世を）楽しんでいるがよい。いずれあなた方は、（不信仰と不服従の結末を）知ることになるだろうから。 <sup foot_note=>1</sup>,
1957,彼らは、われら*が彼らに授けたものの内の一部を、知りもしないもの[1]にあてがっている。アッラー*に誓って、あなた方は（復活の日*、）自分たちが（アッラー*に対して嘘を）でっちあげていたことについて、必ずや問われることになるのだ。 <sup foot_note=>1</sup>,
1958,また彼らは、アッラー*に娘たちをあてがい[1]－－（そのようなことから無縁な）アッラー*に称え*あれーー、自分たちには彼らの欲するもの[2]をあてがっている。 <sup foot_note=>1</sup>,
1959,そのくせ、彼らの内の誰かに女児（誕生）の吉報を告げられれば、（悲しみで）意気消沈し、その顔は黒く翳ってしまう。[1] <sup foot_note=>1</sup>,
1960,彼は、自分に告げられた吉報の忌まわしさゆえに、（自らの）民から身を隠す。一体、屈辱を忍んで、それ（女児）を留め（て生かし）ておくか、それともそれを土にうめてしまおうか？[1]（と、迷いながら。）彼らの取り決めること[2]は、何と忌まわしいことではないか？ <sup foot_note=>1</sup>,
1961,来世を信じない者たちにこそ、悪の属性[1]がある。そしてアッラー*にこそ最高の属性[2]があるのであり、かれは偉力ならびない*お方、英知あふれる*お方なのだ。 <sup foot_note=>1</sup>,
1962,また、もしアッラー*が人々をその不正*ゆえにお咎めになるとしたら、そこ（地上）にはいかなる生物も残してはおかれなかっただろう[1]。しかしかれは、定められた期限まで、彼らを猶予されるのである。そして彼らの期限が訪れれば、（彼らはそれを）一刻たりとも遅らせたり、早めたりすることはない。 <sup foot_note=>1</sup>,
1963,また、彼らはアッラー*に、自分たちが嫌うもの[1]をあてがっている。そして彼らの舌は、自分たちにこそ最上のもの[2]がある、と嘘をついている。間違いなく、彼らには業火（の懲罰）があるのであり、彼らはそこに放置される[3]のである。 <sup foot_note=>1</sup>,
1964,アッラー*に誓って、（使徒*よ、）われら*は確かに、あなた方以前の民に（使徒*たちを）遣わした。そしてシャイターン*が彼らの行い[1]を、彼らに目映く見せたのである。それで彼（シャイターン*）は今日[2]、彼らの庇護者なのであり、彼らには（来世において）痛ましい懲罰があるのだ。 <sup foot_note=>1</sup>,
1965,そして（使徒*よ）、われら*があなたに啓典（クルアーン*）を下したのは、あなたが、彼らが（宗教において）意見を異にしていることを彼らに明らかにし、（われら*がクルアーン*を）導きとし、信仰する民への慈悲とするためであった。,
1966,アッラー*は天から（雨）水をお降らしになり、それで大地を、その死後に息吹かせ[1]給う。本当にその中にはまさしく、耳を傾ける民への御徴[2]があるのだ。 <sup foot_note=>1</sup>,
1967,また（人々よ）、本当に家畜の内にはまさしく、あなた方にとっての教示がある。われら*はその腹部にある（食べ）物より、胃袋の中の残留物と血液の間からの（分泌物である）、混じり気のない、飲む者にとって喉越しのよい乳を、あなた方に飲ませる。,
1968,また、ナツメヤシや葡萄の果実から（も、あなた方に飲ませる）。あなた方はそこから酒*[1]と、よい糧[2]を得る。本当にその中にはまさしく、分別する民への（アッラー*の御力を示す）御徴がある。 <sup foot_note=>1</sup>,
1969,また、あなたの主*は、蜜蜂に（こう）お教えになった。「山々の内に、あなたの巣を作るのだ。そして木々の内や、彼ら（人々）が建てるもの[1]の内に（巣を作れ）。 <sup foot_note=>1</sup>,
1970,それから、あらゆる果実から食べ、（あなたのために）均された、あなたの主*の道々を（、糧を求めて）行くのだ」。その腹部からは様々な色合いの、人々への癒しを含む飲み物が分泌される。本当にその中にはまさしく、熟考する民への（アッラー*の御力を示す）御徴があるのだ。,
1971,アッラー*があなた方を創造し、その後にあなた方を召されるのだ。あなた方の内には（健常なまま死を迎える者もいれば）、最悪の年齢[1]へと戻らされる者もいる。こうして彼は、知識（の習慣）の後に（再び、誕生した時のような）何も知らない状態になるのだ。本当にアッラー*は、全知者、全能のお方であられる。 <sup foot_note=>1</sup>,
1972,また、アッラー*は糧において、あなた方のある者を別の者よりも、お引き立てになった。そして（糧において）引き立てられた者たちは自分たちの右手が所有するもの（奴隷*）にその糧を還元し、それ（の所有）において彼らが（自分たちと）同等となるようにはしない[1]　。一体、彼らはアッラー*の恩恵を否定するのか？ <sup foot_note=>1</sup>,
1973,また、アッラー*はあなた方自身の内から、あなた方のために妻をお創りになった。そしてあなた方の妻からあなた方に、子供たちと孫[1]を創られ、あなた方に善きものの内から授けられた。それで一体、彼らは虚妄を信じ、アッラー*の恩恵には恩知らずであり続ける[2]というのか？ <sup foot_note=>1</sup>,
1974,また、彼ら（シルク*の徒）は自分たちに、諸天や大地から何一つ糧を有してはおらず[1]、（そうすることも）出来ないものを、アッラー*を差しおいて崇めている。 <sup foot_note=>1</sup>,
1975,ならば（人々よ）、アッラー*に同類を設けてはならない[1]。本当にアッラー*がご存知なのであり、あなた方は知らないのだから。 <sup foot_note=>1</sup>,
1976,アッラー*は、譬え[1]をお挙げになった。無能な奴隷*の僕と、われら*がわれら*の御許からよき糧を授け、そこから密かに、あるいは露わに施す（裁量権を有する）者（の譬え）を。一体、彼らは同等であろうか？アッラー*にこそ称賛*あれ。いや、彼ら（シルク*の徒）の大半は（、アッラー*こそが全ての称賛*と崇拝*に値することを、）知らないのだ。 <sup foot_note=>1</sup>,
1977,また、アッラー*は、二人の男の譬えをお挙げになった。片方は口が聞けず、無能で、その後見人のお荷物であり、（後見人が）彼をどこへ遣わそうとも、善きものをもたらさない。一体、彼と、（健常で有能、かつ）公正を命じ、まっすぐな道の上にある者とは、同等であろうか？[1] <sup foot_note=>1</sup>,
1978,アッラー*にこそ、諸天と大地の不可視の世界*（に関する知識）が属する。そして復活の日*というもの（の到来）は、ほんの一瞥（の速さ）に過ぎないか、それより間近なのである[1]。本当にアッラー*は、全てのことがお出来になるお方なのだから。 <sup foot_note=>1</sup>,
1979,アッラー*はあなた方を、あなた方の母親の胎内から、何一つ知らない状態でお出しになった。また、かれはあなた方に、聴覚と視覚と心を授けられた。あなた方が（かれの恩恵に）感謝（し、かれのみを崇拝*）するように、である。,
1980,一体、彼ら（シルク*の徒）は、（アッラー*によって）天空に仕えさせられている鳥を見なかったのか？それらを（落下せぬよう）支えているのは、アッラー*以外の何者でもないのだ。本当にその中にはまさしく、信仰する民への御徴がある。,
1981,また、アッラー*はあなた方（定住者）のために、あなた方の住居という安住の場を提供された。そしてあなた方（旅行者）のために、家畜の皮によって住居（テント）を授けられた。あなた方の旅行の日にも、あなた方の滞在の日にも、あなた方はそれを手軽に扱う[1]。また、あなた方に、その羊毛、ラクダの毛、山羊の毛から、家財と、暫しの間の利益を（あなた方に授けられた）。 <sup foot_note=>1</sup>,
1982,また、アッラー*はかれがお創りになったものから、あなた方に影をお授けになり、あなた方のために、山々の所々に隠れ場（である洞窟）を設けられた。また、あなた方のため、あなた方を暑さから守ってくれる衣服と、自分たち（が争い合う際）の武力から、あなた方自身を守ってくれる衣服を授けられた。そのように、かれはあなた方にその恩恵を全うされる[1]のだ。（それは、）あなた方が（かれのご命令にのみ、）服従するためである。 <sup foot_note=>1</sup>,
1983,（使徒*よ、）それでもし彼らが背を向けても、あなたには（啓示の）明白なる伝達が課せられているだけなのだ。,
1984,彼ら（シルク*の徒）は、アッラー*の恩恵[1]を知っている。その後に及んで、彼らはそれを否定するのだ。彼らの大半は、不信仰者*なのである。 <sup foot_note=>1</sup>,
1985,われら*が各共同体から、証人[1]を遣わす日（のことを彼らに思い起こさせよ）。その後、不信仰だった者*たちには（弁解の）許しも与えられなければ、（アッラー*の）ご満悦を得ることも課されないのだ[2]。 <sup foot_note=>1</sup>,
1986,また、（不信仰という）不正*を働いていた者たちが（来世の）懲罰を目にする時、それは彼らに軽減されることもなく、また猶予が与えられることもない。,
1987,また、シルク*を犯していた者たちは（復活の日*）、自分たち（がアッラー*）の同位者（としていたもの）たちを見る時、（こう）言う。「我らが主*よ、これらの者たちは、私たちがあなたをよそに祈っていた、私たち（があなた）の同位者（としていたもの）たちです」。そしてそれらは、彼らに対して言葉を放つ。「（シルク*の徒よ、）本当にあなた方はまさしく、嘘つきである」。[1] <sup foot_note=>1</sup>,
1988,そして彼ら（シルク*の徒）はその日、アッラー*に降伏する。彼らがでっち上げていたものは、彼らから消え去ってしまったのだ。,
1989,不信仰であり、（自分たちと人々を）アッラー*の道から阻んだ者たち、われら*は彼らが腐敗*を働いていたことゆえ、彼らに懲罰の上に更なる懲罰を上乗せしてやる。,
1990,また、われら*が各共同体に、彼ら自身の中から彼らに対する証人[1]を遣わす日（のことを、思い起こさせよ）。そして（使徒*よ、）われら*は、あなたをこれらの者たちに対する証人として連れて来るのだ。われら*は全ての物事の解明、導き、慈悲、そして服従する者（ムスリム*）たちにとっての吉報として、あなたに啓典を下したのである。 <sup foot_note=>1</sup>,
1991,本当にアッラー*は、公正と善行と近親への贈与をご命じになり、醜行と悪事と侵害を禁じ給う[1]。かれはあなた方が教訓を受けるよう、あなた方を戒められるのだ。 <sup foot_note=>1</sup>,
1992,また、アッラー*の契約[1]を全うせよ。あなた方が（それを）結んだならば。そして誓約を、それを確認した後に破ってはならない。あなた方は確かに、アッラー*をあなた方の（契約と誓約における）保証人としたというのに。本当にアッラー*はあなた方のすることを、ご存知であるのだぞ。 <sup foot_note=>1</sup>,
1993,また、紡いだ糸を丈夫に（縒り合わ）した後、解いてばらばらにしてしまった女性[1]のようになってはならない。ある集団が（別の）集団よりも優勢であるがゆえに、あなた方の誓約を、あなた方の間の騙し（の手段）とすることで[2]。アッラー*はそれ（契約の遵守）によって、あなた方を試みられるに外ならない。そしてかれは復活の日*、あなた方が（現世で）意見を異にしていたこと[3]を、必ずやあなた方に明らかにされるのである。 <sup foot_note=>1</sup>,
1994,もしアッラー*がお望みになれば、あなた方を（イスラーム*に基づく）一つの民とされたであろう。しかし、かれは（迷妄を好んだ者の内、）お望みになる者を迷わせられ、（真理を好んだ者の内、）お望みになる者をお導きになる。そして（復活の日*、）あなた方は自分たちが（現世で）行っていたことを、必ずや問われることになるのだ。,
1995,あなた方の誓約を、あなた方の間の騙し（の手段）としてはならない。そうすれば足元が堅固であった後に躓くこと[1]となり、あなた方は（人々を騙して）アッラー*の道から阻んだことゆえに、災い[2]を味わうことになるのだ。そしてあなた方には（来世で）、この上ない懲罰があるのである。 <sup foot_note=>1</sup>,
1996,また、アッラー*の契約と引き換えに、僅かな値打ちのものを買ったりしてはならない。アッラー*の御許にあるもの、それこそがあなた方にとってより善いのだから。もし、あなた方が知っているというのなら（、現世と来世における恩恵の違いを、よく熟考するがよい）。,
1997,あなた方の手許にあるものは消滅するが、アッラー*の御許にあるもの（褒美）は残るのだ。そしてわれら*は忍耐*した者たちに対し、彼らが行っていた最善のもので、必ずやその褒美を報いてやるのだ。,
1998,男性であれ女性であれ、誰であろうと信仰者で正しい行い*を行う者、われら*はその者に、必ずやよい暮らし[1]を送らせよう。そしてわれら*は彼らに対し、彼らが行っていた最善のもので、必ずや彼らの褒美を報いてやるのだ。 <sup foot_note=>1</sup>,
1999,（信仰者よ、）あなたがクルアーン*を誦む時には、追放された[1]シャイターン*に対し、アッラー*によるご加護を乞うのだ。[2] <sup foot_note=>1</sup>,
2000,本当に、信仰し、自分たちの主*にこそ全てを委ねる*者たちに対し、彼（シャイターン*）にはいかなる力[1]もないのだから。 <sup foot_note=>1</sup>,
2001,彼（シャイターン*）の力とは、彼を盟友とする者たち、そして（シャイターン*に従うことで、）かれ（アッラー*）のシルク*を犯している者たちに対するものに外ならない。,
2002,また、われら*があるアーヤ*の場所に（別の）アーヤ*を（あてがって）取り替えた[1]時ーーアッラー*はご自身が下されるものを、最もよくご存知である[2]－－、彼ら（不信仰者*）は（こう）言った。「（ムハンマド*よ、）あなたは、（アッラー*に対する嘘の）捏造者に外ならない」。いや、彼らの大半は（そこに含まれる英知を）知らないのだ。 <sup foot_note=>1</sup>,
2003,（使徒*よ、彼らに）言ってやるがいい。「聖なる魂（ジブリール*）[1]がそれをあなた[2]の主*の御許から、真理と共に下したのである。（それは）信仰する者たちを堅固にし、（迷いからの）導き、服従する者（ムスリム*）たちへの吉報とするためであった」。 <sup foot_note=>1</sup>,
2004,われら*は、彼ら（シルク*の徒）が、「彼に（クルアーン*を）教えているのは、人間に外ならない[1]」と言うのを、確かに知っている。（彼らは嘘をついているのだ、というのも、）彼らが（預言者*が学んでいる言葉として）誤って指摘している男の言葉は異国語であり、これは明白なるアラビア語なのだから。 <sup foot_note=>1</sup>,
2005,本当にアッラー*の御徴（クルアーン*）を信じない者たち、アッラー*は彼らをお導きにはならない。そして彼らには（来世で）、痛ましい懲罰がある。,
2006,アッラー*の御徴を信じない者たちこそが、嘘を捏造するのだ。それらの者たちこそは嘘つきである。,
2007,信仰の後に、アッラー*に対する不信仰に陥った者*が（、嘘を捏造するのである）[1]。但し、その心は信仰で満たされていながらも、（不信仰の言葉を口にすることを）強制された者は別（で、お咎めはないの）だが[2]。しかし、不信仰に胸を開い（て、不信仰の言葉を口にし）た者、彼らの上にはアッラー*からのお怒りがあり、彼らにこそはこの上ない懲罰がある。 <sup foot_note=>1</sup>,
2008,それというのも、彼らが来世よりも現世を愛したからであり、アッラー*が不信仰の民*をお導きにはならない[1]ためである。 <sup foot_note=>1</sup>,
2009,それらの者たちは、アッラー*がその心と聴覚と視覚を塞ぎ給うた者[1]であり、それらの者たちこそは（懲罰に）無頓着な者である。 <sup foot_note=>1</sup>,
2010,間違いなく、彼らこそは来世における、損失者なのだ。,
2011,それから本当にあなたの主*は、試練に遭った後に移住*し、それから（アッラー*の道において）努力奮闘し、忍耐*した者たち[1]に対して、－－本当にあなたの主*はーーその（悔悟の）後、実に赦し深いお方、慈愛深い*お方であられる。 <sup foot_note=>1</sup>,
2012,全ての者が、自分のことを弁護しつつやって来て、各人が自ら行ったこと（の報い）を、不正*に扱われることもなく、ふんだんに受け取る（復活の）その日（のことを、思い起こさせよ）。,
2013,平穏で安泰であり、あらゆる場所からその糧が存分に舞い込んでいた[1]ある町（マッカ*）を、アッラー*は譬えにお挙げになった。そして（、その民は自分たちに対する）アッラー*の恩恵を蔑ろにし（、感謝せずにシルク*を犯し）た。それでアッラー*は彼らがなしていた（不信仰と虚妄な行いという）事ゆえに、それ（その町の民）に飢えと恐怖という衣[2]を味わせられたのだ。[3] <sup foot_note=>1</sup>,
2014,彼ら（マッカ*の民）のもとには、彼らの内からの使徒*（ムハンマド*）が確かに到来した。そして彼らは彼を嘘つき呼ばわりし、懲罰[1]は不正*者であった彼らに襲いかかったのだ。 <sup foot_note=>1</sup>,
2015,ならば（信仰者たちよ）、アッラー*があなた方に授けて下さった合法で善きものの内から、食べるがよい。そしてアッラー*の恩恵に感謝するのだ。もしあなた方が、かれのみを崇拝*するというのなら。,
2016,かれはあなた方に、死肉、血液、豚肉、アッラー*以外の名において屠られたもの[1]を、禁じられたのだ。そしてやむを得ない状態にある者は、法を超えず度を越さない限りにおいて[2]、（それを口にしてもお咎めはない、というのも）本当にアッラー*は、赦し深いお方、慈愛深い*お方なのだから。 <sup foot_note=>1</sup>,
2017,（シルク*の徒よ、）あなた方は、アッラーに対して嘘を捏造すべく、「これは合法であり、これは非合法である[1]」などと、自分たちの舌が（根拠もなく口先だけで）語る嘘にまかせて、喋ってはならない。本当にアッラー*に対して嘘を捏造する者たちは、成功しないのだから。 <sup foot_note=>1</sup>,
2018,（彼らには、現世における）僅かな楽しみがあり、（来世では）彼らにこそ痛烈な懲罰があるのだ。,
2019,（使徒*よ、）われら*はユダヤ教徒*である者たちに対し、あなたに以前話して聞かせたもの[1]を禁じた。そして、われら*が彼らに不正*を働いたのではない。だが、彼らが自分自身に不正*を働いていたのである。[2] <sup foot_note=>1</sup>,
2020,それから本当にあなたの主*は、無知ゆえに悪事を働いた[1]ものの。その後に悔悟して（自らと行いを）正した者たちに対し、－－本当にあなたの主*はーーその（悔悟の）後には、実に赦し深いお方、慈愛深い*お方であられる。 <sup foot_note=>1</sup>,
2021,本当にイブラーヒーム*はアッラー*に従順で、純正[1]な共同体[2]であった。そして彼は、シルク*の徒に類いではなかったのだ。 <sup foot_note=>1</sup>,
2022,（イブラーヒーム*は、）かれ（アッラー*）の恩恵に、感謝深かった。かれ（アッラー*）は彼を（使徒*として）選り抜かれ、彼をまっすぐな道（イスラーム*）へとお導き下さった。,
2023,また、われら*は彼に、現世で素晴らしいもの[1]を授けた。そして本当に彼は、来世において、まさしく正しい者*たちの一人なのだ。 <sup foot_note=>1</sup>,
2024,それから（使徒*よ、）われら*はあなたに、（こう）啓示した。「純正な[1]イブラーヒーム*の宗教に従え。彼はシルク*の徒の類いではなかった」。 <sup foot_note=>1</sup>,
2025,土曜日（の偉大視）は、それにおいて意見を異にした者たち[1]に定められたに外ならない[2]。そして（使徒*よ、）本当にあなたの主*は復活の日*、彼らが意見を異にしていたことについて、彼らの間を必ずやお裁きになるのだ。 <sup foot_note=>1</sup>,
2026,（使徒*よ、また、彼に従う者よ、）英知とよき訓戒によってあなたの主*の道へと招き、最善の形で彼らと議論する[1]のだ。本当にあなたの主*こそは、その道から迷った者のことを最もよくご存知であり、導かれた者たちのことも最もよくご存知であるのだから。 <sup foot_note=>1</sup>,
2027,また、（信仰者たちよ）、あなた方が懲らしめる際には、あなた方がされたのと同程度に懲らしめよ。そして、もしあなた方が忍耐*するなら。それこそは忍耐*する者たちにとってより善いことなのだ。,
2028,そして（使徒*よ、）忍耐*せよ。あなたの忍耐*は、アッラー*（のご援助）によるもの以外の何ものでもない。また、（あなたの招きに応じない）彼らゆえに悲しまず、彼らが策謀することゆえに心苦しさを覚えるのではない。,
2029,本当にアッラー*は敬虔*な者たちと、善を尽くす者[1]たちとこそ、共にあるのだから。 <sup foot_note=>1</sup>,
2030,ハラーム・マスジド*から、われら*がその周りを祝福したアクサー・マスジド[1]まで、われら*の（力と唯一性*を示す）御徴の一部をみせるべく、一晩でその僕（ムハンマド*）をお連れになった[2]お方（アッラー*）[3]に称え*あれ。本当にかれこそは、よくお聴きになるお方、よくご覧になるお方。 <sup foot_note=>1</sup>,
2031,われら*は（ムハンマド*に夜の旅で栄誉を与えたように、）ムーサー*には啓典（トーラー*）を授け（て栄誉を与え）、それをイスラーイールの子ら*への導きとした。われをよそに、いかなる委任者[1]も設けてはならない、と。 <sup foot_note=>1</sup>,
2032,われら*がヌーフ*と共に運んだ者（たち）の子孫[1]よ（、彼に倣ってわれら*の恩恵に感謝し、シルク*を犯すのではない）。本当に彼は、感謝深い僕だったのだから。 <sup foot_note=>1</sup>,
2033,また、われら*は啓典（トーラー*）の中で、イスラーイールの子ら*に（こう）告げた。「あなた方はきっと、その地（エルサレム）で二度腐敗*を働き、そして必ずやひどく驕り高ぶることになる」。,
2034,それで最初の（腐敗*の）約束が訪れた時、われら*はあなた方に、凄まじい武力を備えたわれら*の僕たちを遣わし[1]、彼らは家々の間を隈なく徘徊し（て、あなた方を殺害し）た。（それは）実現される約束だったのだ。 <sup foot_note=>1</sup>,
2035,それから（イスラーイールの子らよ）、われら*は（あなた方の善行と、われら*への服従ゆえに）、あなた方に彼ら（敵）に対する（勝利と国家の）再興を与え、あなた方を財産と子孫で増強した。そしてあなた方を、（敵の数）より多くしたのだ。,
2036,もしあなた方が善を尽くしたならば、自分自身に善を尽くしたことになり、悪を行ったならば、（その悪は）自分自身へのものとなる。そして、最後の（腐敗*の）約束[1]が訪れた時（、われら*は再度、あなた方を敵に制圧させた）。（それは）彼らがあなた方の顔を（屈辱で）歪め、また彼ら（敵）が最初にそうしたように、マスジド*（エルサレム）に入城し（て破壊の限りを尽くし）、彼らが（そこで）制圧したものを徹底的に滅ぼしてしまうためであった。 <sup foot_note=>1</sup>,
2037,（イスラーイールの子ら*よ、）あなた方の主*は（、もしあなた方が悔悟して身を正すのであれば）、あなた方にご慈悲をかけて下さるだろう。もし（不正*と腐敗*へと）戻るのであれば、われら*も（あなた方の懲罰へと）戻るのだ。そしてわれら*は地獄を、不信仰者*たちの（永遠の）牢獄としたのである。,
2038,本当に、このクルアーン*は最も正しき（道であるイスラーム*）へと導き、正しい行い*を行う信仰者たちには、彼らに大いなる褒美がある、と吉報を告げるのだ。,
2039,また、来世を信じない者たち、彼らのためには、われら*が痛ましい懲罰を用意したということを（告げる）。,
2040,人間は（時として）、善の祈願のように、悪を祈る[1]。本当に人間は元来、せっかちなものだから。 <sup foot_note=>1</sup>,
2041,われら*は、夜と昼を（、われら*の力と唯一性*を示す）二つの御徴とした。そして夜の御徴を消し、昼の御徴を視界が利くものとした[1]。（それは）あなた方が自分たちの主*のご恩寵を求め、年数と計算[2]を知るようにするため。そして全ての物事を、われらは詳細に説明したのだ。 <sup foot_note=>1</sup>,
2042,また、われら*は全ての人間の首に、その取り分を括りつけた[1]。そして復活の日*、われらは彼に、彼がそれを開かれた状態で受け取る（ことになる、行いが記された）帳簿を出してやるのだ。[2] <sup foot_note=>1</sup>,
2043,（それから彼に、こう声がかかる。）「自分の帳簿を読め。この日、あなただけで、自分自身（の行いの報い）に対する清算者は十分なのである」。[1] <sup foot_note=>1</sup>,
2044,導かれた者は誰でも、導かれたことで自らを益するだけであり、（虚妄に従って）迷った者は誰でも、迷って自らを害するだけ。また（罪の）重荷を背負う者は、他者（が犯した罪）の重荷まで背負うことはない。そしてわれら*は使徒*を遣わすまで、（いかなる民も）罰することなどないのである[1]。 <sup foot_note=>1</sup>,
2045,また、われら*がある町を（その民の不正*ゆえに）滅ぼそうとする時には、（まず）その（町の）贅沢者たちに（民の代表として、われら*への服従と信仰を）命じたものであった。そして彼らがそこで放逸に振る舞う[1]と、それ（町）に（懲罰の）御言葉が確定し、われら*はそれを木っ端微塵に滅ぼしたのである。 <sup foot_note=>1</sup>,
2046,一体われらは、ヌーフ*の後にどれだけ多くの（、使徒*を嘘つき呼ばわりした）世代を滅ぼしてきたであろうか。（使徒*よ、）あなたの主*だけで、その僕たちの罪に通暁されるお方、ご覧になるお方は十分なのである。,
2047,誰であろうと、手っ取り早いもの（現世）を望む者、われら*は彼にそこでーーわれら*が望む者にわれら*が望むものをーー、手っ取り早く授けよう[1]。それからわれら*は彼に、（来世では）地獄を与えるのだ。彼は責められ、（アッラー*のご慈悲から）追いやられつつそこに入り、炙られることになる。 <sup foot_note=>1</sup>,
2048,そして誰であろうと、信仰者でありつつ、来世（の褒美）を望み、そのためにこそ懸命に努力した者、そのような者たちは、その努力が（アッラー*の御許で）労われる[1]ことになる。 <sup foot_note=>1</sup>,
2049,いずれ（の者たち）も、これらの者たちにも、またこれらの者たち[1]にも、あなたの主*の賜物から、われら*[2]が増やしてやる。あなたの主*の賜物はもとより、（信仰者にも不信仰者*にも）禁じられていない。 <sup foot_note=>1</sup>,
2050,（使徒*よ、）見よ、われら*がいかに彼らのある者を別の者より引き立てたか？[1]来世こそは（信仰者にとって）より位が高く、より優れたものなのだが。 <sup foot_note=>1</sup>,
2051,（人間よ、）あなたはアッラー*と共に、外のいかなる神[1]も設けて（崇めて）はならない。そうすればあなたは責められ、見捨てられたままになるだろう。 <sup foot_note=>1</sup>,
2052,（人間よ、）あなたの主*は、あなた方がかれ（アッラー*）以外には何も崇拝*することなく、両親には孝行を（せよ）、と命じられた。もし彼らの内の片方、あるいは二人とも、あなたの許で高齢に達したなら、彼らに対して「ちぇっ」[1]と言ったり、彼らに居丈高になったりしてはならない。そして彼らには（いつも）、温かい言葉をかけてやるのだ。 <sup foot_note=>1</sup>,
2053,また彼らに、慈悲の念による謙虚さの翼を下ろし[1]、（こう）言うのだ。「我が主*よ、彼らにご慈悲をおかけ下さい。彼らが幼かった私を（優しくいたわって）そだててくれたように」。 <sup foot_note=>1</sup>,
2054,（人々よ、）あなた方の主*は、あなた方の心の内にあるものを最もよくご存知であられる。もしあなた方が正しい者*ならば[1]、（かれはあなた方をお赦しになろう、）本当にかれは常に回帰する者[2]たちに対し、もとより赦し深いお方なのだから。 <sup foot_note=>1</sup>,
2055,（人間よ、）近親の者にその権利を与えよ。また、貧者*と旅路（で苦境）にある者にも（与えるのだ）[1]。そして、ひどい浪費をするのではない。 <sup foot_note=>1</sup>,
2056,本当に浪費する者たちはシャイターン*の同胞であり、シャイターン*はもとより、その主*に対してこの上ない不信仰者なのだから。,
2057,もしあなたが、あなたが望む、あなたの主*からのご慈悲の不在ゆえ、彼らから背を向けるというのであれば、彼らには優しい物言いをせよ。[1] <sup foot_note=>1</sup>,
2058,また、（善いことに費やす）あなたの手を自分の首に縛りつけたままにしたり、それ（手）を完全に解き放ったりしてはならない。そうすればあなたは咎められ、悲しみ続けることになろうから。[1] <sup foot_note=>1</sup>,
2059,本当にあなたの主*は、かれがお望みの者に糧を豊富に与えられ、また控えられる[1]。本当にかれはもとより、その僕たちにご通暁されており、（その全てを）よくご覧になるお方なのだから。 <sup foot_note=>1</sup>,
2060,また（人々よ）、貧困を恐れてあなた方の子供を殺してはならない。われら*が彼らと、あなた方を養うのだから。本当に彼らの殺害は元来大きな罪である。[1] <sup foot_note=>1</sup>,
2061,また、姦淫には近づくな[1]。実に、それは醜行[2]であり、悪い道なのだから。 <sup foot_note=>1</sup>,
2062,また、権利[1]がない限り、アッラー*が（その殺害を）禁じられた者を殺してはならない。不正*に殺された者は、われら*が確かに彼の後見人[2]に、根拠[3]を与えたのだ。ならば、無駄に命を奪ってはならない[4]。本当に彼（後見人）は、（その権利を満たすことにおいて）援助される者なのだから。 <sup foot_note=>1</sup>,
2063,また、孤児の財産には、それが最善の形[1]でない限り、彼が成熟[2]するまで近づいてはならない。そして契約を全うするのだ[3]。実に契約は（復活の日*）、問われることになるのだから。 <sup foot_note=>1</sup>,
2064,また（他人のために）量る時には升を全うし、正しい秤でもって量るのだ[1]。それが（現世で）より善いことなのであり、（来世で）より善い結果となるのだから。 <sup foot_note=>1</sup>,
2065,また（人間よ）、あなたの知識のないものに従ってはならない。実に聴覚も視覚も心も、それら全ては、それ[1]について問われることになるのだから。 <sup foot_note=>1</sup>,
2066,また、大地を得意然として歩いてはならない。本当にあなたは（そのような歩き方で）大地を裂くこともなければ、（その高慢さによって）山々ほどに背高くなることも叶わないだろうから。,
2067,それらは皆、その悪が、あなたの主*の御許で厭われることなのだ。[1] <sup foot_note=>1</sup>,
2068,それらはあなたの主*が、あなたに啓示した英知の一部。そして（人間よ、）アッラー*と共に、外の神[1]を設けて（崇めて）はならない。そうすればあなたは咎められ、（あらゆる善から）追いやられつつ、地獄に放り込まれることになる。 <sup foot_note=>1</sup>,
2069,（シルク*の徒よ、）一体あなた方の主*は、あなた方に男子を特別にお選びになり、（ご自身には）天使*たちを女（娘）として選ばれたというのか？[1]本当にあなた方はまさしく、とんでもない言葉を語っている。 <sup foot_note=>1</sup>,
2070,われら*は確かに、彼ら（人々）が教訓を得るべく、このクルアーン*の中で（法規定や譬え、訓戒などを）多彩に示した。それは彼ら（不正*者たち）に対し、（真理から）離れ去ることに拍車をかけるだけなのだが。,
2071,（使徒*よ、彼らシルク*の徒に）言うのだ。「もし彼らが言うように、かれ（アッラー*）と共に（別の）神々[1]が存在したとしたら、それならば、それらは御座[2]の主への道を求めた[3]であろうに」。 <sup foot_note=>1</sup>,
2072,アッラー*に称え*あれ。かれは彼らの言うようなことから遥かに程遠く、高遠なお方。,
2073,七層の天と、大地、そこにある（全ての）ものは、かれをこそ称える。そしてありとあらゆるものは、かれの称賛*と共に（かれを）称える*のだ[1]。しかし（人々よ）、あなた方はそれらの称揚*を理解しない。本当にかれはもとより、寛大*なお方、赦し深いお方である。 <sup foot_note=>1</sup>,
2074,（使徒*よ、）あなたがクルアーン*を誦む時、われら*はあなたと、来世を信じない者たちの間に覆い隠す帳を下ろしてやる[1]。 <sup foot_note=>1</sup>,
2075,また、彼らがそれ（クルアーン*）を理解できないように、彼らの心に覆いをその耳には重しをかけた[1]。そして、あなたがクルアーン*の中であなたの主*お一人を（崇拝*の対象として）言及すると、彼らは嫌がって背を向けるのだ。 <sup foot_note=>1</sup>,
2076,われら*は、彼らがあなたに耳を傾ける時、そして彼らが密談している時、つまり不正*者たちが、「あなた方は、魔術にかけられ（て正気を失っ）た男に従っているに外ならない」と言う時、彼らが聴いている様子[1]を最もよく知っている。 <sup foot_note=>1</sup>,
2077,（使徒*よ、）見よ、彼らがあなたに対してどんな譬えを挙げ[1]、迷い去ってしまったかを？ゆえに彼らは、（正しい）道に到達することも出来ないのだ。 <sup foot_note=>1</sup>,
2078,また、彼ら（シルク*の徒）は言った。「一体、骨と化し、ばらばらになった後で、本当に私たちがまさしく、新たな創造[1]として蘇らされるというのか？」 <sup foot_note=>1</sup>,
2079,（使徒*よ、）言ってやれ。「石にでも、鉄にでもなるがよい。,
2080,あるいは、あなた方の心にとって（生命を授かることが）ありえないような、いかなる創造物[1]にでも。（それでもアッラー*は、あなた方を蘇らせるのだから）。」すると、彼らは言うであろう。「誰が私たちを、（死後に生き）返らせるというのか？」言ってやれ。「あなた方を、最初に（無から）創成*されたお方が（そうされる）」。すると彼らは、あなたに対して（嘲りながら）頭を振り、（こう）言うであろう。「それ（復活の日*）は、いつのことなのだね？」言ってやるのだ。「すぐかもしれない[2]」。 <sup foot_note=>1</sup>,
2081,かれ（アッラー*）があなた方を（墓場から出て来るよう）お呼びになり、あなた方がかれを称賛*しつつ（そのご命令に）応じ、自分たちは（現世で）少しの間しか過ごさなかったと思う[1]日。 <sup foot_note=>1</sup>,
2082,（信仰者である）わが僕たちに、よい言葉を語りなさい、と言うがよい。本当にシャイターン*は、彼らの間を（こじれさせるべく）突いてくる[1]のだから。本当にシャイターン*は元来、人間にとっての紛れもない敵なのだ。 <sup foot_note=>1</sup>,
2083,（人々よ、）あなた方の主*は、あなた方のことを最もよくご存知である。かれがお望みならば、あなた方にご慈悲をかけられ、またお望みならば、あなた方をを罰せられる。そして（使徒*よ、）われら*はあなたを、彼らの（諸事の面倒を見る）代理人として遣わしたのではない。,
2084,また（使徒*よ）、あなたの主*は諸天と大地にある者を最もよくご存知のお方。そしてわれらは確かに、ある預言者*たちを、別の預言者*たちよりも引き立てた。また、ダーウード*には書巻[1]を授けたのだ。 <sup foot_note=>1</sup>,
2085,（使徒*よ、シルク*の徒に）言え。「あなた方が、かれ（アッラー*）をよそに（神々[1]であると）主張した者たちに、祈ってみるがよい。それらはあなた方から災いを取り除くことも、（それを）移すこと[2]も出来ない。 <sup foot_note=>1</sup>,
2086,彼らが（アッラー*に並べて）祈っているそれらの者たち[1]は（彼ら自身が）、いずれの者が（主*に）一番近いか、と自分たちの主*へのお近づきを求め、そのご慈悲を望み、その懲罰を怖がる者たちなのである。本当にあなたの主*の懲罰はもとより、用心すべきものなのだ。 <sup foot_note=>1</sup>,
2087,われら*はいかなる（不信仰者*の）町も、復活の日*以前に滅亡させるか、あるいは厳しい懲罰で罰せずにはおかないのだ。それはもとより、書（守られし碑板*）の中に記されて（おり、起こるのが運命づけられて）いることなのである。,
2088,また、われら*が（、シルク*の徒があなたに要求する）御徴[1]をもたらさなかったのは、昔の人々が（いざ、奇跡がもたらされた時に）それを嘘呼ばわりし（、それゆえに懲罰を味わうことになっ）たからに外ならない。われら*はサムード*に、明らかなるもの（奇跡）として雌ラクダを授け、彼らはそれに対して（否定するという）不正*を働いたのだ[2]。そして、われら*が御徴[3]（と共に使徒*たち）を送るのは、（人々を戒めるべく）怖がらせるために外ならないのである。 <sup foot_note=>1</sup>,
2089,（使徒*よ、）われら*があなたに、「本当にあなたの主*は、人々を（その知識と御力によって）包囲された[1]」と言った時のこと（を思い起こさせよ）。また、われら*があなたに見せた光景は、人々への試練以外の何ものでもなかったし[2]、クルアーン*の中の呪われた木[3]も（、そうなのである）。われら*は彼らを、（懲罰や御徴の数々で）怖がらせる。そして、それは彼らに対し、（不信仰と迷いという）ひどい放埓さに拍車をかけるだけなのだ。 <sup foot_note=>1</sup>,
2090,（使徒*よ、）われら*が天使*たちに「アーダム*にサジダ*せよ」と言い、そして彼らがサジダ*した時のこと（を思い起こさせよ）[1]。しかし、イブリース*だけは別だった。彼は（不遜にも、こう）申し上げたのだ。「一体、あなたが泥土から創られたもの[2]に、私がサジダ*するというのですか？」 <sup foot_note=>1</sup>,
2091,彼（イブリース*）は、（アッラー*に）申し上げた。「仰って下さい。これが、あなたが私よりもお引き立てになった者です（が、その訳は何ですか）。もしもあなたが、私に復活の日*まで猶予を授けて下さったなら、私は（精選された）僅かな者たち[1]を除き、必ずやその子孫を（誘惑と腐敗*によって）思い通りにしてみせましょう」。 <sup foot_note=>1</sup>,
2092,かれは仰せられた。「（イブリース*よ、）行くがよい[1]。そして彼ら（アーダム*の子孫）の内、あなたに従う者があれば、地獄こそが、あなた方へのふんだんなる報いとなろう。 <sup foot_note=>1</sup>,
2093,彼らの内、出来る限りの者を、あなたの声によって（罪へと）扇動し、あなたの騎兵と歩兵を彼らに対して結集させ、財産と子供たちにおいて彼らの分け前に与かり[1]、彼らに（偽りの）約束をせよ」。シャイターン*が彼らに約束することは、欺き以外の何ものでもないのだが。 <sup foot_note=>1</sup>,
2094,本当に（精選された信仰者である）わが僕たち[1]はといえば、あなたには彼ら（を誘惑すること）に対して、いかなる力[2]もない。そして（預言者*よ、）あなたの主*だけで、（信仰者をシャイターン*から守ってくれる）委任者[3]は十分なのだ。 <sup foot_note=>1</sup>,
2095,（人々よ、）あなた方の主*は、あなた方がかれの恩寵を求めるべく、あなた方のために船を海に歩ませるお方。本当にかれはもとより、あなた方に慈愛深い*お方なのだ。,
2096,そして、海であなた方に災難が降りかかれば、あなた方が祈っているものたちは、かれ（アッラー*）を除いて（あなた方の脳裏から）消え失せてしまう。（あなた方はその時、アッラー*だけに救いを求めるが、）かれがあなた方を陸上に救い上げられると、あなた方は（信仰と誠実さ、正しい行い*から）背を向けてしまう。人間とはそもそも、恩知らずなもの。,
2097,（人々よ、）一体、あなた方は、かれがあなた方を陸の一辺[1]もろとも沈めてしまったり、あるいはあなた方に石を降らす風を送ったりし（て罰せられ）ないと、安心しているのか？その後、あなた方は自分たちに、（あなた方を守ってくれる）いかなる委任者も見出さないのだ。 <sup foot_note=>1</sup>,
2098,いや、一体あなた方は、かれが自分たちをもう一度そこ（海）へ戻し、自分たちに暴風を送り、自らの不信仰ゆえに自分たちを溺れさせないと安心しているのか？その後、あなた方はそのことで、われら*に対する自分たちの後見人[1]を見出すこともないのだ。 <sup foot_note=>1</sup>,
2099,われら*は確かに、アーダム*の子らに栄誉を授け、彼らを陸に海に運んだ。そして彼らに善き糧から授け、われら*が創造した多くのものよりも、彼らを大いに引き立てたのだ。,
2100,われら*が全ての人々を、その導き手[1]と共に召喚する（、復活の）日*（のことを思い出させよ）。そして自分の帳簿を右手に渡された者、それらの者たちは自分たちの帳簿を（喜々として）読むこととなり[2]、糸くず[3]ほどさえも不正*に扱われることがない。 <sup foot_note=>1</sup>,
2101,また、ここ（現世）で盲目だった者は、来世においても盲目[1]であり、更に道に迷う者なのだ。 <sup foot_note=>1</sup>,
2102,（使徒*よ、）本当に彼ら（シルク*の徒）は、あなたにそれ（クルアーン*）以外のものをわれら*に対してでっち上げさせるべく[1]、われら*があなたに下したもの(クルアーン*）から、あなたを惑わせて遠ざけてしまうところであった。そうすれば彼らは、あなたを親友としたであろう。 <sup foot_note=>1</sup>,
2103,そして、もしわれら*があなたを（真理において）確固とさせなければ、あなたは確かに僅かながらも、彼ら（の提案）に靡いてしまうところであった。,
2104,（使徒*よ、もしあなたが彼らに少しでも靡いていた）ならば、われら*はあなたに倍の生と倍の死[1]を味わわせたのであり、それからあなたは自分自身に、われら*に対するいかなる援助者も見出すことはなかったのだ。 <sup foot_note=>1</sup>,
2105,また、本当に彼ら（不信仰者*ら）はあなたを追放するべく、あなたを実に煩わせて、その地（マッカ*）から出て行かせるところであった。そして、そうしたとしても彼らは、あなたの（出て行った）後、僅かばかり（の間）しか（そこに）留まることがないのである[1]。 <sup foot_note=>1</sup>,
2106,（それは、）われら*の使徒*たちの内、われら*が確かに、あなた以前に遣わした者たちの摂理[1]。そして（使徒*よ、）あなたはわれら*の摂理に、いかなる変更も見出すことがない。 <sup foot_note=>1</sup>,
2107,太陽が傾いてから、夜の闇（が包みこむ時）まで、礼拝を遵守*せよ。そして暁のクルアーン*[1]を（遵守するのだ）。本当に暁のクルアーン*は、（天使*たちに）立ち会われるものなのだから。 <sup foot_note=>1</sup>,
2108,また（預言者*よ）、夜の一部をあなた（の高い位）への善き上乗せとして、それ（クルアーン*）をもってタハッジュド[1]せよ。あなたの主*は、あなたを栄誉ある場所[2]に蘇らせて下さるだろうから。 <sup foot_note=>1</sup>,
2109,また、言うのだ。「我が主*よ、私を善い入り所から入れ、私を善い出口から出して下さい[1]。そしてあなたの御許から私に、（私に反対する者に対する、我が）助力となる論拠[2]をお授け下さい」。 <sup foot_note=>1</sup>,
2110,そして（使徒*よ、シルク*の徒に）、言うがよい。「真理は到来し、虚妄は消滅した[1]。本当に虚妄は、消滅することになっているのだから」。 <sup foot_note=>1</sup>,
2111,われら*はクルアーン*から、信仰者たちへの癒し[1]と慈悲であるものを下す。それは（それを嘘つき呼ばわりして信じない）不正*者たちに、（不信仰と迷いという）損失しか上乗せしないのだが。 <sup foot_note=>1</sup>,
2112,また、われら*が人間に恩恵を授ければ、彼は（アッラー*の想念を）拒み、そっぽを向いて遠ざかる。そして自分に悪が降りかかると、失意の念激しい者となるのだ。,
2113,（使徒*よ、）言え。「（あなた方は）皆、自分に合ったやり方で行うのであり、あなた方の主*は、誰こそが最も（正しい）道に導かれている者なのか、一番よくご存知なのである」。,
2114,彼ら（不信仰者*たち）は、魂についてあなたに尋ねる。言ってやれ。「魂は、我が主*（だけがご存知）の事。あなた方は、僅かばかりしか知識を与えられてはいない」。,
2115,また、もしわれら*が望むなら、われら*はあなたに啓示したもの（クルアーン*）を（あなたの心から、）まさに消し去ってしまおう。それからあなたはそこにおいて、われらに対して（それを阻む、）自らの委任者を見出さないのである。,
2116,しかし、あなたの主*からのご慈悲ゆえ（、かれはクルアーン*を、あなたの心に堅固にし給う）。本当に、かれのあなたに対するご恩寵は、もとより偉大なのだから。,
2117,言ってやれ。「もしも、このクルアーン*と同様のものを創作すべく、人間とジン*が集結したとしても、それと同様のものを作ることは断じて叶わない。たとえ彼らがお互いに力を合わせても、である」。[1] <sup foot_note=>1</sup>,
2118,われら*は確かにこのクルアーン*の中で、人々に対し、（教訓を受けるべき）あらゆる譬えを多彩に示した。そして大半の人々は、（真理への）否定以外を拒んだのだ。,
2119,（クルアーン*の真実性に太刀打ちできないと知ると、）彼ら（シルク*の徒）は言った[1]。「（ムハンマド*よ、）あなたがその地（マッカ*）から、私たちに噴泉を湧かせるまで、私たちはあなたのことを信じまい。 <sup foot_note=>1</sup>,
2120,または、あなたにナツメヤシと葡萄からなる農園が現れ、あなたがその間から河川を勢いよく迸らせるまでは。,
2121,あるいは、あなたが主張しているように、天をいくつもの破片にして私たちの上に落下させる[1]か、あなたがアッラー*と天使*たちを眼前に連れて来る[2]までは。 <sup foot_note=>1</sup>,
2122,それとも、あなたに金の邸宅が現れるか、あなたが天に昇るまでは。そして私たちが読む書[1]を（、天から戻って来て）私たちに下すまでは、あなたが昇天したことなど、信じはしまい」。（使徒*よ、）言ってやれ。「我が主*に称え*あれ！」私は、使徒*である一介の人間に過ぎないのではないか？」 <sup foot_note=>1</sup>,
2123,（不信仰な）人々が、自分たちのもとに導きが到来した時に（アッラー*とその使徒*を）信仰するのを阻んだのは、「アッラー*が人間の使徒*を遣わされただと？」と、彼らが言ったこと[1]に外ならなかった。 <sup foot_note=>1</sup>,
2124,（使徒*よ、）言ってやれ。「（アッラー*はこう仰せられる）。もし地上に安住して（そこを）歩く天使*たちがいたならば、われら*は天から彼らのもとに、天使*の使徒*を遣わしたであろう」。[1] <sup foot_note=>1</sup>,
2125,言うがよい。「（私が本当に預言者*であることの、）私とあなた方の間の証人は、アッラー*のみで十分。本当にかれは、その僕たちに通暁されるお方、全てをご覧になるお方であられる」。,
2126,誰であろうと、アッラー*がお導きになる者こそは、（真実へと）導かれた者。そして、かれが迷わされる者が誰であろうと、あなたは彼らに対し、かれ（アッラー*）以外のいかなる庇護者も見出すまい。われら*は復活の日*、彼らを顔を下にした逆様の状態にし[1]、盲目で、唖で、聾の状態のまま召集する[2]。彼らの住処は地獄。それ（地獄の炎）が収まるたび、われら*は彼らに烈火を上乗せする[3]のだ。 <sup foot_note=>1</sup>,
2127,それが彼らの応報。というのも彼らは、われら*の御徴を否定し、「一体、骨と化し、ばらばらになった後で、本当に私たちがまさしく、新たな創造[1]として蘇らせれるというのか？」と言っていたからなのだ。 <sup foot_note=>1</sup>,
2128,一体、彼ら（シルク*の徒）は、諸天と大地を創造されたアッラー*が、（彼らの滅亡後、）彼らと同様の者をお創りになることがお出来なのを知らなかったのか？またかれは、彼らに対して疑惑の余地のない期限[1]を設けられたのである。そして不正*者たちは、（アッラー*の教えの）否定以外を、拒んだのだ。 <sup foot_note=>1</sup>,
2129,（使徒*よ、）言ってやるがいい。「もし、あなた方が我が主*のご慈悲の宝庫[1]を所有していたとしても、出費（ゆえのお貧困）を恐れて出し惜しみしたであろう。人間とは元来、守銭奴なのだから」。 <sup foot_note=>1</sup>,
2130,われら*は確かにムーサー*に、明らかなる九つの御徴[1]を授けた。ならば（使徒*よ、）イスラーイールの子ら*に、彼（ムーサー*）が彼ら（の先祖）のもとに（御徴を携えて）到来し、フィルアウン*が彼（ムーサー*）に対して、「本当に私はまさしくーームーサー*よーー、あなたが魔術にかけられ（て正気を失っ）た者だと思うのだ」と言った時のことを、尋ねてみよ。 <sup foot_note=>1</sup>,
2131,彼（ムーサー*）は、言った。「これらのもの（九つの御徴）を開眼として下した[1]のは、諸天と大地の主*以外の何ものでもないということを、あなたは確かにご存知です。そして、本当に私はまさしくーーフィルアウン*よーー、あなたが破滅する者であると確信しています」。 <sup foot_note=>1</sup>,
2132,それで彼（フィルアウン*）は、彼ら（イスラーイールの子ら*）を煩わせて、（ムーサー*と共に）その地（エジプト）から追い出すことを望んだ。そしてわれら*は、彼（フィルアウン*）と彼と共にあった者全員[1]を（海で）溺れさせた。 <sup foot_note=>1</sup>,
2133,また、われら*はその（出来事の）後、イスラーイールの子ら*に言った。「その地[1]に住むがよい。そして来世の約束（復活の日*）が到来したら、われら*はあなた方を皆、一緒くたにして（清算の場に）連れ出すのだ」。 <sup foot_note=>1</sup>,
2134,われら*は、真理と共にそれ（クルアーン*）を下し、それは真理と共に下った[1]。そして（使徒*よ）、われら*があなたを遣わしたのは、吉報を伝え、警告を告げる者[2]としてに外ならない。 <sup foot_note=>1</sup>,
2135,また（使徒*よ、われら*は）クルアーン*を（、あなたに下した）。われら*はそれを、あなたが人々に対してゆっくり誦むように明確に分け[1]、徐々に下した[2]のだ。 <sup foot_note=>1</sup>,
2136,（使徒*よ、クルアーン*を嘘つき呼ばわりする者たちに、）言うのだ。「それを信じよ。あるいは、信じなくてもよい（、いずれにせよ、それは変わらず真理なのだから）」。本当にそれ（クルアーン*）の啓示）以前に知識（啓典）を授けられた者たちは、それ（クルアーン*）が彼らに読誦されれば、顔[1]を伏せつつ崩れ落ちてサジダ*する[2]のだ。 <sup foot_note=>1</sup>,
2137,そして彼らは、（こう）言うのである。「我らが主*に称え*あれ。本当に我らが主*のお約束[1]は、まさしく実現されることになっていたのだ」。 <sup foot_note=>1</sup>,
2138,そして、顔を伏せつつ泣きながら崩れ落ち、（クルアーン*を聴くことは、）彼らに更なる恭順さ[1]を上乗せする。（読誦のサジダ*） <sup foot_note=>1</sup>,
2139,（使徒*よ、シルク*の徒に）言うがよい。「アッラー*に祈るがよい。あるいは、慈悲あまねき*お方に祈ってもよい。（かれの美名の内の）いずれで呼ぼうと、最も美しい御名はかれにのみ属するのであ（り、かれは唯一なのであ）る[1]。そしてあなたの礼拝を声高にせず、低くもせず、その中間の道を求めよ[2]」。 <sup foot_note=>1</sup>,
2140,また（使徒*よ）、言うのだ。「子供を持たず、王権においていかなる同位者もなく、屈辱ゆえのいかなる庇護者[1]もないアッラー*に、称賛*あれ」。そして、アッラー*の偉大さを称揚*するのだ。 <sup foot_note=>1</sup>,
2141,その僕（ムハンマド*）に啓典（クルアーン*）をお下しになり、それにいかなる歪み[1]ももたらされなかったアッラー*に、称賛*あれ。 <sup foot_note=>1</sup>,
2142,（矛盾のない）まっすぐなものとして（、それをお下しになった）。（不信仰者*たちには）かれの御許からの凄まじい猛威[1]を警告し、正しい行い*を行う信仰者たちには、善き褒美（天国）は彼らにこそある、と吉報を伝えるためである。 <sup foot_note=>1</sup>,
2143,彼ら（信仰者たち）はそこに、永遠に留まる。,
2144,また、「アッラー*は御子をもうけられた」と言った者たちに警告するため（、クルアーン*をお下しになった）。,
2145,彼らにも、彼らの先祖たちにも、それについて何の知識[1]もない。彼らの口から出る言葉の、何と由々しきことか。彼らは嘘を言っているに外ならないのだから。 <sup foot_note=>1</sup>,
2146,（使徒*よ、）あなたは彼らの（背き去る）跡を見て、ひどい悲しみで身を切り裂く思いであろう。もし彼らが、この話（クルアーン*）を信じないのであれば。,
2147,本当にわれら*は、地上にあるものを、その飾りと（、地上の住人の利益と）した。（それは）われら*が、彼らの誰が最も行いが善いか、試練にかけるため。[1] <sup foot_note=>1</sup>,
2148,そして本当にわれら*は（現世が終わる時）、そこにあるものを必ずや、まっさらな地面としてしまうのである。,
2149,いや、一体（使徒*よ、）あなたは、洞窟と碑文[1]の人々が、われら*の（他の）御徴よりも、驚くべきものだと思ったのか？[2] <sup foot_note=>1</sup>,
2150,（信仰者の）若者たち[1]が（、不信仰な民*からの抑圧を逃れて）洞窟に避難し、（こう）言った時のこと（を思い起こさせよ）。「我らが主*よ、あなたの御許からのご慈悲を、私たちにお授け下さい。そして私たちの状況を、正しくお取り計り下さい[2]」。 <sup foot_note=>1</sup>,
2151,それでわれら*は長年に渡って、洞窟の中で彼らの耳を遮った[1]。 <sup foot_note=>1</sup>,
2152,それからわれら*は、彼らを目覚めさせた。（それは）彼らが過ごした期間について、二派[1]のいずれがより正しく計算する者かを、如実に表すためであった。 <sup foot_note=>1</sup>,
2153,（使徒*よ、）われら*はあなたに、彼らの消息を真実のままに語って聞かせよう。本当に彼らはその主*を信じ、われら*が（真理の）導きを増やしてやった若者たちである。,
2154,また、彼らが（、偶像崇拝を命じる不信仰の王の前に）立ちあがり、（こう）言った時、われら*は彼らの心を（信仰心で）繋ぎとめた[1]。「我らが主*は、諸天と大地の主*。私たちは決してかれをよそに、いかなる神[2]にも祈ったりはしません。そうすれば私たちは確かに、（真実から）逸脱したことを言ってしまったこと[3]になります」。 <sup foot_note=>1</sup>,
2155,（それから彼らは、互いにこう言い合った。）「これら私たちの民は、かれ（アッラー*）を差しおいて、（アッラー*以外のものを）神々とした[1]。どうして彼らは、自分たち（のしていること）に対する、明白な根拠を持って来ないのか？一体、アッラー*に対して嘘を捏造する者より、ひどい不正*を働く者がいようか？ <sup foot_note=>1</sup>,
2156,あなた方が彼らと、彼らが崇めているアッラー*以外のものから離別するためには、（あなた方の主*だけを崇拝*すべく、）洞窟に避難せよ。あなた方の主*は、あなた方のためにそのご慈悲から豊富に与えられ、あなた方の状況をあなた方に便宜よく取り計らって下さろう」。,
2157,（そして彼らが洞窟に避難した時、アッラー*は彼らを眠らせ、お守りになった。）あなたは太陽が昇った時には、それが彼らの洞窟から右側に傾き、沈んだ時には、左側へと彼らをよけるのを見る[1]。彼らは、その中の（中央の）広い所にいたのだ。それはアッラー*の（御力を示す、）御徴の一つである。誰であろうと、アッラー*がお導きになる者こそは、（真実へと）導かれた者。また、かれが誰かを迷わせるならば、あなたはその者に、正道へと導くいかなる庇護者も見出すまい。 <sup foot_note=>1</sup>,
2158,また、あなたは彼らが眠っているにも関わらず、目覚めているように思うであろう。そして、彼らの犬が（洞窟の）入り口で両の前足を伸ばしている中、われら*は彼らを右に左に転がした[1]。もし彼らを見たら、あなたは彼らから逃げて踵を返し、彼らに対する恐怖で一杯になったであろう。 <sup foot_note=>1</sup>,
2159,（彼らを長年に渡って眠らせ、守ったのと）同様に、われら*は彼らを（昔と何の変わりもない状態で）目覚めさせた。（それは）彼らが互いに、尋ね合うようにするためであった。彼らの内のある者は言った。「あなた方はどれ位（眠って）過ごしたのか？」彼ら（の内のある者たち）は言った。「一日か、一日足らずを過ごしたのだ」。彼ら（の内の別の者たち）は言った。「あなた方の主*が、あなた方の過ごした期間をもっともよくご存知である（のだから、その知識はアッラー*に委ねよ）。（それよりも、）あなた方の内の誰かを、あなた方のこの銀（貨）と共に町へ遣わし、誰が（町の中で）一番清い食べ物[1]を持っているかを調べさせ、そこから糧（としての食料）を持って来させるのだ。そして、（買い物の際には、私たちのことがばれてしまわないよう）細心の注意を払わせ、あなた方のことを誰にも、決して感づかせないようにせよ。 <sup foot_note=>1</sup>,
2160,本当に彼らが、もしあなた方のことを知ったならば、あなた方を（石で）打ち殺す[1]か、あるいはあなた方を彼らの宗教へと戻してしまうだろう。そしてそうなれば、あなた方は断じて、永遠に成功することはあるまい」。 <sup foot_note=>1</sup>,
2161,（彼らを長年の眠りに落とし、それから目覚めさせたのと）同様に、われら*は彼らを（その時代の人々に）発見させた[1]。（それは）彼ら（発見者ら）が自分たちの間で彼らの問題[2]について言い争っている時、彼らが（復活という）アッラー*のお約束は真実であり、（復活の）その時（の到来）には疑惑の余地がないことを知るためであった。そして彼ら（発見者ら）は（、洞窟の人々が死んだ後）、言った。「彼らの（洞窟の）上に、（入口を塞ぐ）建物を建てよ[3]－－彼らのことは、彼らの主が最もよくご存知である[4]－－」。彼らの諸事に発言力のある者たちは、言った。「私たちは必ずや、彼らの（場所の）上にマスジド*を建てよう[5]」。 <sup foot_note=>1</sup>,
2162,彼ら（洞窟の人々に関し、ああでもないこうでもないという啓典の民*）は、言うであろう。「（彼らの数は）三人で、四人目が彼らの犬だった」。また、（別の者たちは）言う。「（彼らの数は）五人で、六人目が彼らの犬だった」。（彼らのいずれも、）あてずっぽうなのだ。また、（別の者たちは）言う。「（彼らの数は）七人で、八人目が彼らの犬だったのだ」。（使徒*よ、）言ってやれ。「我が主*が彼らの数について、最もよくご存知。僅かな者しか、彼ら（の数）について知る者はいない」。ならば、彼ら（の数）に関しては表面的な議論[1]しかしてはならず、彼ら（啓典の民*）の内の誰にも、彼ら（の詳細）について教示を請うてはならない。 <sup foot_note=>1</sup>,
2163,また、（自分がやろうと決めた）いかなることについても、「本当に私は、明日それをやろう」などと、決して言ってはならない。,
2164,但し、アッラー*がお望みならば、（と言い添えるのであれば）別であるが[1]。そして（その言葉を言うのを）忘れてしまったら、あなたの主*を念じ[2]、（こう）言うのだ。「我が主*は私を、これよりももっと正しく導いて下さるだろう[3]」。 <sup foot_note=>1</sup>,
2165,彼らは、彼らの洞窟の中で三百年間（眠って）過ごし、更に九（年）を上乗せした[1]。 <sup foot_note=>1</sup>,
2166,（使徒*よ、）言ってやれ。「彼らが過ごした期間については、アッラー*が最もよくご存知である。かれにこそ、諸天と大地の不可視の世界*（に関する知識）は属するのだから。かれは何とよくご覧になり、お聞きになるのであろうか！彼ら（人間）には、かれの外にいかなる庇護者もいないのであり、かれはご自身のご裁決に、誰も干渉させはしないのだ」。,
2167,（使徒*よ、）あなたの主*の啓典から、あなたに啓示されたものを読誦[1]せよ。かれの御言葉にはいかなる変更もなく、あなたはかれ以外に、いかなる避難所も見出すまい。 <sup foot_note=>1</sup>,
2168,また（預言者*よ）、その御顔を望みつつ、朝に夕に自分たちの主*（だけ）に祈る者たちと共に、忍耐*せよ[1]。そして現世の生活の飾りを欲して、あなたの眼が彼ら（信仰者たち）から（不信仰者*へと）逸れてしまうようではならない。また、われら*がその心をわれら*の唱念から遠ざけさせ、自らの欲望を追求し、その状態が破滅に陥ってしまった者に従ってはならない。 <sup foot_note=>1</sup>,
2169,そして、言うのだ。「（私が伝えるのは、）あなた方の主*からの真実。ならば、誰でも望む者は（それを）信じ、誰でも望む者は、否定せよ」。本当にわれら*は不正*者たちに、その塀が彼らを包みこむ（、地獄の）業火を用意しておいたのだから。そして、もし彼らが（ひどい喉の渇きゆえに）救いを求めれば、（煮えたぎった）どろどろの油[1]のような、顔面を焼き焦がす水で救われる。その飲み物は何と醜悪であり、それ（業火）は休息所として、何と忌まわしいことか。 <sup foot_note=>1</sup>,
2170,実に信仰し、正しい行い*を行う者たち、（彼らには偉大な褒美がある、）本当にわれら*は、行いに善を尽くした者[1]の褒美を無駄にはしないのだから。 <sup foot_note=>1</sup>,
2171,それらの者たちにこそは、その下から河川が流れる永久の楽園がある。彼らはそこで、金のブレスレットで飾り付けられ、精巧な絹地と重厚な絹地からなる緑色の衣をまとう[1]。そこで、寝台にもたれかかりつつ。その褒美は何と素晴らしく、それ（楽園）は休息所として何と素敵であろうか。 <sup foot_note=>1</sup>,
2172,（使徒*よ、）彼ら（不信仰者*たち）に、（一方は信仰者、もう一方は不信仰者*である）二人の男の譬えを挙げてやれ。われら*は彼らの一方（不信仰者*）に、葡萄からなる二つの果樹園を与え、その二つの周りをナツメヤシの木で囲み、その（二つの果樹園の）間には作物を実らせてやった。,
2173,いずれの果樹園もその果実を実らせ、それ（収穫）に何の不足も齎さなかったし、われらはその（二つの果樹園の）間から（、それらに水をやる）川を噴き出させた。,
2174,彼（不信仰者*）には、収穫[1]があった。そして彼は、その連れ合い（信仰者）と話し合いながら[2]、（自惚れつつ、）彼に（こう）言った。「私はあなたよりも財産が沢山あるし、もっと強い衆がついている」。 <sup foot_note=>1</sup>,
2175,そして彼（不信仰者*）は、自らに不正*を働きつつ[1]、自分の果樹園に入った。彼は（その実りを喜び、）言った。「これ（果樹園）が絶対に、消え失せてしまうとは思わないし、 <sup foot_note=>1</sup>,
2176,（復活の）その時が起きるとも思わない。そして（信仰者よ、あなたが主張しているように）、もしも自分が我が主*の御許に戻らされたとしても、私は絶対にそれ（自分の果樹園）よりも善いものを、（自分の）帰り先として見出すのだ[1]」。 <sup foot_note=>1</sup>,
2177,彼の連れ合い（信仰者）は、彼（不信仰者*）と話し合いつつ、（警告して）言った。「一体あなたは、あなた（の祖父アーダム*）を土からお創りになり[1]、その後に（両親からのものである）一滴の精液から（あなたを創られ）[2]、それから（均整の取れた姿形の）人間として整えて下さったお方を否定するのか？ <sup foot_note=>1</sup>,
2178,しかし私は（、あなたのような不信仰の言葉は言わず、こう言おう）、かれ、つまりアッラー*は我が主*であり、私は我が主*に誰一人並べ（て崇拝*し）たりはしない。,
2179,そして、あなたはどうして自分の果樹園に入（り、嬉しくな）った時、『（これは、）アッラー*がお望みになったこと[1]。アッラー*による以外、いかなる力もない[2]』と言わなかったのか？たとえ、あなたが私を、自分よりも財産と子女が少ない者と見なしたとしても。 <sup foot_note=>1</sup>,
2180,我が主*は私に、あなたの果樹園よりも善いものを授けて下さ（り[1]、あなたへの恩恵は消滅させられ）るだろう。そしてかれは、天からそこ（あなたの果樹園）に懲罰を送られ給い、それはある朝、（丸裸で）つるつるの地面となってしまうだろう」。 <sup foot_note=>1</sup>,
2181,あるいはある朝、その水は（地下に沈んで）無くなってしまい、あなたはそれを求めることが、もはや出来なくなってしまうだろう」。,
2182,こうして、彼（不信仰者*）の果実は全滅させられ、彼はその朝、自分がその（果樹園の）ために費やしたものゆえに（嘆き悔しがり）、その両手の平を返した[1]。それは（葡萄）棚ごと、崩れ落ちてしまった[2]。彼は、（こう）言った。「ああ、我が主*（の恩恵と御力を認め、かれ）に誰のことも並べていなかったら！」 <sup foot_note=>1</sup>,
2183,彼には、アッラー*（の懲罰）に対して自分を助けてくれる集団もなかったし、自ら（自力で）助かる者でもなかった。,
2184,そこにおいて庇護は、真実のお方アッラー*にこそ属する[1]。かれは（かれの盟友である信仰者たちにとって）最良の褒美をお授けになるお方であり、最良の結末を与えて下さるお方。 <sup foot_note=>1</sup>,
2185,（使徒*よ、）彼らに現世の生活の譬えを挙げよ。（それは、）われら*が天から降らせる（雨）水のようなもので、大地の（様々な）植物は、それと混合（し、茂って互いに混生）する。そして（やがて）それは、風が吹き散らす枯れ草となってしまうのだ。アッラー*は全てのことに、全能なお方である。,
2186,財産と子供は現世の生活の飾り。そして永遠に残る正しい行い*[1]は、あなた方の主*の御許でより善い褒美をもたらすものであり、より善い希望を叶えるものなのである。 <sup foot_note=>1</sup>,
2187,われら*が山々を動かす[1]日（のことを、彼らに思い起こさせよ）。そして、あなたは大地が露わになる[2]のを見る。われら*は彼らを（清算の場へと）召集し、彼らの内の一人たりとも放ってはおかない。 <sup foot_note=>1</sup>,
2188,そして彼らは列をなして、あなたの主*へと差し出される。（かれは、仰せられる。）「あなた方は確かに（蘇らされ）、われら*があなた方を最初に創った時のように、われら*のもとに、一人きりでやって来た[1]。いや、あなた方（復活の否定者たち）は、われら*があなた方に（復活と報いの）約束を果たす時など、定めはしないだろうと思い込んでいたのだ」。 <sup foot_note=>1</sup>,
2189,そして、（現世での行いの）帳簿が（各人の右手、あるいは左手に）置かれ[1]、あなたは罪悪者たちが、そこにあるもの[2]ゆえに怯えて、（こう）言うのを見る。「ああ、我らが災いよ！[3]（罪の内、）小さいことも大きいことも（記録して）数え上げずにはおかない、この帳簿は一体どういうことなのか！？」彼らは、自分たちが（現世で）行ったことをありありと目にする。あなたの主*は誰にも、不正*を働いたりはしないのだ。[4] <sup foot_note=>1</sup>,
2190,われら*が天使*たちに、「アーダム*にサジダ*せよ」と言い、彼らが（全員）サジダ*[1]した時のこと（を思い起こさせよ）[2]。但しイブリース*は、別だった。彼（イブリース*）はジン*の類いで、自らの主*のご命令に対して放逸だったのだ。（人々よ、）一体あなた方は、彼（イブリース*）と彼の子孫を、われをよそに盟友とするのか？彼らはあなた方の敵だというのに。（アッラー*への服従をよそに）不正*者たちが代わりとするもの（シャイターン*への服従）は、何と醜悪であろうか。 <sup foot_note=>1</sup>,
2191,われは諸天と大地の創造にも、彼ら自身の創造にも、彼ら（シャイターン*とその子孫）を立ち会わせ（て、それを手伝わせ）たりはしなかったし、もとより、迷わせる者たちを補佐役としたりもしなかったのだ（、それなのに、なぜわれら*をよそに、彼らを盟友とするのか？）。,
2192,かれ（アッラー）が（シルク*の徒に、こう）仰せられる（復活の）日のこと（を思い起こさせよ）。「あなた方が（崇拝*における、われの同位者だと）主張した、わが同位者たちを呼んで（、懲罰から助けを乞うて）みよ」。それで彼らは、彼ら（アッラー*の同位者としていたもの）のことを呼ぶものの、応じることはない。われら*は彼らの間に、破滅の場をもうけたのだ[1]。 <sup foot_note=>1</sup>,
2193,罪悪者たちは業火を目にし、彼らがそこに入る身の上であることを確信する。そして彼らは、そこからのいかなる逃げ道も見出すことがない。,
2194,われら*は確かに、このクルアーン*の中であらゆる譬えを、人々に対して多彩に示した。そして人間はもとより、最も議論ばかりしている生きものである。,
2195,人々に導き[1]が到来した時、信仰し、自分たちの主*にお赦しを乞うことから阻んだのは、昔の人々（に対するアッラー*）の摂理[2]が自分たちに訪れること、または懲罰が彼らの眼前に訪れる（のを、彼らが自ら要求した）こと以外の何ものでもなかった。[3] <sup foot_note=>1</sup>,
2196,そして、われら*が使徒*たちを遣わすのは、吉報を伝え、警告を告げる者[1]としてに外ならない。けれども、不信仰に陥った者*たちは真理を消し去るべく、虚妄によって議論する[2]。わが御徴[3]と、彼らが警告されたもの（懲罰）を嘲笑の的としつつ。 <sup foot_note=>1</sup>,
2197,自分の主*の御徴によって戒められてから、それに背を向け、自分の手が行った（醜悪な）物事を忘れてしま（い、悔悟しなか）った者よりも、ひどい不正*を働く者があろうか？本当にわれら*は、彼らがそれ（クルアーン*）を理解できないように、彼らの心には覆いを、その耳には重しをかけたのだ[1]。たとえあなたが彼らを導きへと招いても、それでも彼らは永遠に導かれまい[2]。 <sup foot_note=>1</sup>,
2198,あなたの主*は、赦し深いお方、慈悲の主。もしかれが、彼らが稼いだもの（罪）ゆえに彼らをお咎めになれば、彼らに対する懲罰をお急ぎになったであろう。（だが、アッラー*は懲罰をお急ぎにはならない、）いや、彼らには、彼らがそこから逃げ場を見出すことがない、（決められた）約束[1]があるのだ。 <sup foot_note=>1</sup>,
2199,また、それらの町々（の人々[1]）は、（不信仰という）不正*を働いた時、われら*が滅ぼした。そしてわれら*は彼らの滅亡に、約束の期限を定めておいたのである。 <sup foot_note=>1</sup>,
2200,ムーサー*がその従者[1]に、（こう）言った時のこと（を思い起こさせよ）。「私は二つの海が交わる場所に着くまで、あるいは長時間歩み続けるまでは、（旅を）やめない」。[2] <sup foot_note=>1</sup>,
2201,それで二つ（の海）が交わる場所に到着し（、岩に腰を下ろし）た時、彼ら二人は自分たちの（食事として携えてきた）魚を忘れてしまった。そしてそれ（魚）は、（生き返って海に潜って行き、）海中の、トンネルの道を進んで行った。[1] <sup foot_note=>1</sup>,
2202,そして二人が（その場所を）離れ（て、翌日まで旅を続け）た時、彼（ムーサー*）は従者に言った。「私たちの昼ご飯をよこしなさい。私たちは、この旅で、本当にくたびれてしまったのだから」。,
2203,彼（従者）は、言った。「ご覧になりましたか？[1]私たちが、岩に身を寄せた時のことです。本当に私は、魚（のことをあなたに伝えるの）を忘れてしまいましたーー私にそれを思い出すことを忘れさせたのは、シャイターン*に外なりませんーー。そして、それ（魚）は驚くべきことに、（生き返って）海中の（トンネルの）道を進んで行ったのです」。 <sup foot_note=>1</sup>,
2204,彼（ムーサー*）は、言った。「それが、私たちの求めていたもの[1]」。それで二人は自分たちの（歩んできた）跡を辿りつつ、（岩まで）引き返した。 <sup foot_note=>1</sup>,
2205,そして二人は（そこに）、われら*がわれら*の御許から慈悲を授け、われら*の御許からの知識を与えた、われら*の僕たちの内の一人である僕（ハディル）を見つけた。,
2206,ムーサー*は、彼に（挨拶した後、）言った。「あなたが、（アッラー*から）あなたに教示されたものの内からの導きを、私に教えて下さることを前提に、あなたについて行ってもよろしいでしょうか？」,
2207,彼（ハディル）は、言った、「絶対にあなたは、私との同伴に耐えることが出来ないだろう。,
2208,そしてあなたは、（アッラー*が私に教えて下さったことの内、）自分が熟知してもいないことに関し、どうやって忍耐*するというのか？」,
2209,彼（ムーサー*）は、言った。「あなたは私が、－－アッラー*がお望みならばーー忍耐*ある者であることを見出すでしょうし、私は（あなたの）命令において、あなたに逆らいません」。,
2210,彼（ハディル）は、言った。「では、もし私について来るなら、（あなたが否認するような）いかなることに関しても、私に質問してはならない。私があなたに、（あなたから質問される前に）それについて説明するまでは」。,
2211,二人は出発した。やがて二人が船に乗（せてもら）った時、彼（ハディル）はそこに穴を開けた。彼（ムーサー*）は言った。「一体あなたは、その人々を溺れさせるために、そこに穴を開けてしまったのですか？あなたは確かに、大層なことをしでかしました[1]」。 <sup foot_note=>1</sup>,
2212,彼（ハディル）は、言った。「一体、私は、『絶対にあなたは、私との同伴に耐えることが出来ないだろう』と言わなかったのか？」,
2213,彼（ムーサー*）は、言った。「忘れてしまったことについて、私を咎めないで下さい。そして私の物事[1]において、私に困難を課さないで下さい」。 <sup foot_note=>1</sup>,
2214,二人は出発した。やがて二人が一人の少年と会い、彼（ハディル）が彼（少年）を殺した時、彼（ムーサー*）は言った。「一体あなたは、誰か一人（の命）の代償としてでもなく[1]、無垢な人間を殺してしまったのですか？あなたは確かに、認められない事をしでかしました」。 <sup foot_note=>1</sup>,
2215,彼（ハディル）は、言った。「一体、私は、あなたに、『絶対にあなたは、私との同伴に耐えることが出来ないだろう』と言わなかったのか？」,
2216,彼（ムーサー*）は言った。「この後もし、私があなたに何か尋ねることがあれば、私と同伴しなくても結構です。あなたは私に関して、既に（同伴を断る）弁解（の理由）を見つけたのですから」。,
2217,こうして二人は出発した。そして、ある町の民のところに行き着いた時、二人はその民に食事（によるもてなし）を乞うたが、彼らは二人をもてなすことを拒んだ。すると二人はその（町の）中に、今にも崩れ落ちそうな壁を見つけ、彼（ハディル）がそれを直した。彼（ムーサー*）は言った。「もしお望みなら、あなたはそれで見返りを得ることが出来ましたのに」。,
2218,彼（ハディル）は言った。「これが私とあなたの、別れ（の時）だ。あなたが我慢できなかったことの解釈を、あなたに語って聞かせよう。,
2219,あの船はといえば、それは（それを手段に）海で働く貧しい者たちの物であった。それで、私はそれ（船）を傷物にしようとしたのだ。というのも彼らの行く手には、（正常な）あらゆる船を強奪する王がいたから。,
2220,また、あの少年はといえば（、アッラー*は彼が不信仰者*となることをご存知であったが）、その両親が信仰者だったので、私たち[1]は彼が、二人（両親）にひどい放埓さと不信仰を強いること[2]を恐れた。 <sup foot_note=>1</sup>,
2221,それで私たちは、二人の主*が彼らに、彼よりも方正さに優り、より慈悲深い者[1]を、代わりに授けて下さることを望んだのだ。 <sup foot_note=>1</sup>,
2222,また壁はといえば、それは町の孤児である、二人の少年のものであった。そしてその下には、二人のための財宝があり、二人の父親は正しい*人であった。それであなたの主は、二人が成熟し[1]、自分たちの財宝を掘り出すことを、あなたの主からの（彼らに対する）ご慈悲として、お望みになったのだ。そして（ムーサー*よ、）私はそれ（ら）を、自分の一存でしたわけではない[2]。それが、あなたが我慢することの出来なかったことの、解釈である。」 <sup foot_note=>1</sup>,
2223,また（使徒*よ）、彼らはあなたに、ズル＝カルナイン*について尋ねる。言え。「私は彼について、あなた方に教訓を誦んできかせよう」。,
2224,本当にわれら*は、地上において彼のために手はずを整え、あらゆることに関する手段[1]を彼に授けた。 <sup foot_note=>1</sup>,
2225,それで彼は、手段に則っ（て、それを駆使し）た。,
2226,こうして太陽が沈む土地に到達した時、彼はそれ（太陽）が（煮えたぎる）黒い泥の泉へと沈むのを見出し[1]、そこである民を発見した。われら*は言った。「ズル＝カルナイン*よ、（彼らの内、信仰しない者を）罰するか、あるいは彼ら（を導くため）に善くしてやるのだ」。 <sup foot_note=>1</sup>,
2227,彼（ズル＝カルナイン*）は、言った。「不正*を働く者については、私たちが罰を下そう。それからその者は、自分の主*の御許へと戻らされる。そしてかれは、忌まわしい懲罰でその者を罰せられるのだ。,
2228,また、信仰し、正しい行い*を行う者といえば、その者には褒美として最善のもの（天国）がある。そして私たちは私たちの命令において、彼に易しい言葉を用いよう」。,
2229,それから彼は（東へと）、手段に則っ（て、それを駆使し）た。,
2230,そして太陽が昇る場所に着いた時、彼はそれ（太陽）が、ある民の上に昇るのを見出した。われら*はそれ（太陽）に対して、彼らにいかなる覆いも与えなかった[1]。 <sup foot_note=>1</sup>,
2231,（事は）このような次第であった。われら*は確かに、彼に備わっていたもの[1]を熟知していたのである。 <sup foot_note=>1</sup>,
2232,それから彼は（また別方向に向かい）、手段に則っ（て、それを駆使し）た。,
2233,そして（行く手を）阻む二つのもの（山）に着いた時、その手前[1]に、自分たち以外の）言葉をほとんど理解しない民を発見した。 <sup foot_note=>1</sup>,
2234,彼らは言った[1]。「ズル＝カルナイン*よ、本当にヤァジュージュとマァジュージュ[2]は、地上で腐敗*を働いています。あなたに報酬を差し上げますから、私たちと彼らの間に障壁を築いては頂けないでしょうか？」 <sup foot_note=>1</sup>,
2235,彼は言った。「我が主*が私に与えて下さったものの方が、（あなた方の財産）より善いのである。それでは、私に力を貸しなさい。あなた方と彼らの間に、高壁を築いてあげるから」。,
2236,（ズル＝カルナイン*は、彼らに言った。）「鉄片を私によこしなさい」。そして山と山の間を（それで）平坦にすると、言った。「（火を起こして、ふいごを）吹け」。そしてそれ（鉄片の山（を火にすると、言った。「溶けた銅を私によこすのだ。そこに、注ぎ込むから」。,
2237,こうして彼ら（ヤァジュージュとマァジュージュ）は、それ（高壁）を越えることも出来ず、それに（下から）穴を開けることも叶わなかった。,
2238,彼（ズル＝カルナイン*）は言った。「これは、我が主*からのご慈悲。そして我が主*のお約束[1]が到来すれば、かれはそれ（高壁）を真っ平らにされる。そして我が主*のお約束は、もとより真実なのだ」。 <sup foot_note=>1</sup>,
2239,また、われら*は彼ら（ヤァジュージュとマァジュージュ）をその日、次から次へと押し寄せ、入り混じるがままにさせる。そして角笛[1]が吹き鳴らされ、われら*は彼ら（人々）を一斉に召集するのだ。 <sup foot_note=>1</sup>,
2240,また、われら*はその日、不信仰者*たちに地獄をまざまざと見せる。,
2241,（彼らは）われら*の教訓から、その眼を覆われていた者たちであり、聞くことも出来なかったのだ。[1] <sup foot_note=>1</sup>,
2242,一体不信仰に陥った者*たちは、われを差しおいて、わが僕たちを庇護者としようと思っていたのか？[1]本当にわれら*は地獄を、不信仰者*たちの御もてなし[2]として用意しておいたのである。 <sup foot_note=>1</sup>,
2243,（使徒*よ、）言うがよい。「あなた方に、行いにおける最大の損失者について教えようか？,
2244,（彼らは、）自分たちが善い仕事をしていると思いつつ[1]も、（実は）現世の生活での自分の努力が、徒労になってしまっている者たち」。 <sup foot_note=>1</sup>,
2245,それらの者たちは、自分たちの主*の御徴と、（来世における）かれとの拝謁を否定し、それでその行いが無駄になった者たち。それでわれら*は復活の日*、彼らに僅かばかりの価値も認めないのだ。,
2246,それは彼らが不信仰に陥り、わが御徴とわが使徒*たちを嘲笑の的としていたことゆえの、地獄という彼らの応報である。,
2247,本当に、信仰し、正しい行い*を行う者たちには、御もてなしとしてフィルダウスの楽園[1]がある。 <sup foot_note=>1</sup>,
2248,（彼らは）そこに永遠に留まり、そこから（いかなる別の場所にも）移されることを望まない。,
2249,（使徒*よ、）言ってやれ。「もし海が、我が主*の御言葉（を書き写すため）のインクであったとしたら、我が主*の御言葉が尽きる前に、海は枯れ果ててしまったであろう。たとえ、われら*がそれと同様のものをもう一つ、補充分として持って来たとしても」。[1] <sup foot_note=>1</sup>,
2250,（使徒*よ、）言え。「私は、『あなた方の（真に）崇拝*すべきは、ただ一つの神[1]』と啓示が下されている、あなた方と同様の一人の人間に過ぎない。それで自分の主*との拝謁を望む[2]者は、正しい行い*に励み、自分の主*の崇拝*において、いかなるものも並べてはならない[3]」。 <sup foot_note=>1</sup>,
2251,カーフ・ハー・ヤー・アイン・サード[1]。 <sup foot_note=>1</sup>,
2252,（これは、）その僕ザカリーヤー*に対する、あなたの主*のご慈悲の叙述。,
2253,彼が自分の主*を、ひそやかに呼んだ時のこと。[1] <sup foot_note=>1</sup>,
2254,彼は申し上げた。「我が主*よ。本当に私の骨は脆くなり、頭は白髪だらけになってしまいました[1]。そして私はーー我が主*よーー（これ以前）、あなたへの祈願において、不幸な者ではありませんでした[2]。 <sup foot_note=>1</sup>,
2255,また私の妻は不妊であり、私は自分の（死）後、身内（があなたの宗教を達成できないかもしれないこと）を怖れます。ですから私に、あなたの御許から後継者（としての子供）をお授け下さい。,
2256,私（の預言者*としての使命）を継ぎ、ヤァクーブ*の一族（の預言者*としての使命）を継ぐ（後継者を）。そしてーー我が主*よーー、彼を（あなたとあなたの僕たちから）喜ばれる者として下さい」。,
2257,（アッラー*は、天使*を通じて仰せられた。）「ザカリーヤー*よ、本当にわれら*はあなたに、ヤヒヤー*という名の男の子についての吉報を伝えよう。われら*は（彼）以前、誰もその名で名付けたことはなかった」。,
2258,彼（ザカリーヤー*）は、申し上げた。「我が主*よ、私に男の子が出来ましょうか？私の妻は不妊で、しかも私は老齢で干からびてしまっていますのに？」,
2259,彼（天使*）は言った。「その通り（だが）、あなたの主*は、（こう）仰せられたのだ。『それはわれにとって、容易いこと。われは彼（ヤヒヤー*）以前に、（以前は）全く存在していなかったあなたのことも、確かに創造したのだ』」。,
2260,彼（ザカリーヤー*）は、申し上げた。「我が主*よ、私に（、その吉報が実現するという）御徴をお授け下さい」。彼（天使*）は言った。「あなたの御徴は、あなたが健常でありながら、三夜の間、人々に話しかけることが出来なくなることである」。,
2261,こうして彼（ザカリーヤー*）は、ミフラーブ[1]から彼の民のもとに出て来ると、彼らに「朝夕に、（アッラー*を）称え*なさい[2]」と仕草で示した。 <sup foot_note=>1</sup>,
2262,（そしてヤヒヤー*が誕生し、成長した頃、アッラー*は仰せられた。）「ヤヒヤー*よ、啓典（トーラー*）を真摯に受け取れ[1]」そしてわれら*は、幼少の彼に英知を授けた。 <sup foot_note=>1</sup>,
2263,また、（われら*はヤヒヤー*に、）われら*の御許からの慈しみの念と、（罪からの）清らかさを（授けた）。彼は敬虔であった。,
2264,また（彼は）、自分の両親に孝行であり、尊大でも反抗的でもなかった。,
2265,そして、彼が生まれた日、亡くなる日、生きて蘇らされる日に、彼に（アッラー*からの）平安あれ。[1] <sup foot_note=>1</sup>,
2266,また（使徒*よ）、啓典（クルアーン*）の中で、マルヤム*について語るのだ。彼女が自分の家族から、東方の場所に身を引いた[1]時のこと。 <sup foot_note=>1</sup>,
2267,そして彼女は彼らを避けて覆いをかけ、われら*は彼女に、われら*の魂[1]を遣わした。すると彼は、非の打ち所のない人間の姿で、彼女の前に現れた。 <sup foot_note=>1</sup>,
2268,彼女は言った。「本当に私は、慈悲あまねき*お方（アッラー*）に、あなた（から災いを受けること）に対してのご加護を乞います。もしあなたが、（アッラー*を）畏れる*お方ならば（、近づかないで下さい）」。,
2269,彼（ジブリール*）は言った。「私はまさに、あなたに清らかな男の子を差し上げるための、あなたの主*からの使いなのです」。,
2270,彼女は言った。「私に、男の子が出来るなどということがありましょうか？私には人一人触れたことはなく、私はふしだらでもありませんでしたのに」。,
2271,彼は言った。「その通り（ですが）、あなたの主*は、（こう）仰せられました。『それはわれにとって、容易いこと。そして（それは）、彼（その男の子）を人々への御徴[1]とし、われら*の御許からの慈悲とするためなのだ。（それは）既に定められていたことなのである』」。 <sup foot_note=>1</sup>,
2272,こうして彼女は、彼（イーサー*）を宿し、身ごもった状態で（人々から）遠い場所へと身を遠ざけた[1]。 <sup foot_note=>1</sup>,
2273,そして陣痛が彼女を、ナツメヤシの木[1]の幹へと追いや（り、彼女はそれによりかか）った。彼女は言った。「あぁ、これ以前に私が死んでしまっていたら、そして忘れ去られた、どうでもよい存在であったらよかったのに！」 <sup foot_note=>1</sup>,
2274,すると、彼[1]は彼女の下方から、彼女に（こう）呼びかけた。「悲しんではなりません。あなたの主*は、あなたの下に、まさに小川を流させ給うたのですから。 <sup foot_note=>1</sup>,
2275,そしてナツメヤシの木の幹を、ご自分の方にお揺らしなさい。そうすればそれは、採り頃の熟れたナツメヤシの実を、あなたの上に落とします。,
2276,そうしたら、食べかつ飲み、（子の誕生に）お喜びなさい[1]。そして、もし誰か人を見るようなことがあれば、（こう）言うのです。『本当に私は、慈悲あまねき*お方（アッラー*）に斎戒[2]を誓いました。それでこの日は、絶対に人とは話しません』」。 <sup foot_note=>1</sup>,
2277,それから彼女は彼（イーサー*）を抱き、彼と共に彼女の民のもとへやって来た。彼らは（、それを見て）言った。「マルヤム*よ、あなたは本当に、とんでもないことをしでかした。,
2278,ハールーンの姉妹[1]よ、あなたの父親は不品行な男ではなかったし、あなたの母親もふしだらではなかったのだぞ」。 <sup foot_note=>1</sup>,
2279,すると彼女は、（彼らが赤ん坊に直接尋ねるよう、）彼の方を指した。彼らは言った。「揺りかごの中にいる幼子に、私たちがいかに話しかけるというのか？」,
2280,彼（イーサー*）は言った。「本当に私は、アッラー*の僕です。かれは私に、啓典を授けて下さり、私を預言者*とされたのです。,
2281,また、かれは私がどこにあろうと祝福にあふれた者とされ、私が生きている間中、礼拝と浄財*を私に命じられました。,
2282,そして（私を）母親に孝行する者とされ、尊大で不幸な者とはされませんでした。,
2283,私が生まれた日、死ぬ日、生きたまま蘇らされる日に、私に（アッラー*からの）平安あれ[1]」。 <sup foot_note=>1</sup>,
2284,（使徒*よ、）それがマルヤム*の子イーサー*。彼ら（啓典の民*）が疑わしく思っている、（イーサー*に関する）真理の言葉。,
2285,アッラー*が子供をもうけ給うことなど、ありえない。かれに称え*あれ[1]。かれが一事をお取り決めにな（り、お望みにな）れば、それに『あれ』と仰せられるだけで、それは存在するのである。 <sup foot_note=>1</sup>,
2286,（イーサー*は民に言った。）「本当にアッラー*は、我が主*であり、あなた方の主*。ならば、かれを崇拝*しなさい。これが、まっすぐな道なのですから」。,
2287,それから（啓典の民*の）派閥が、（イーサー*のことに関し、）彼らの間で意見を異にした[1]。それで不信仰に陥った者*たちに、この上な（く恐ろし）い（復活の）日*の立会いの災いあれ。 <sup foot_note=>1</sup>,
2288,われら*のもとへと彼らがやって来るその日、彼らの視力は何と鋭く、その聴覚は何と研ぎ澄まされていることか！[1]しかし（現世における）この日、不正*者たちは紛れもない迷妄の中にあるのだ。 <sup foot_note=>1</sup>,
2289,そして（使徒*よ）、迂闊であり、信仰することのない彼らに、ことが決定される悔恨の日[1]について警告を告げよ。 <sup foot_note=>1</sup>,
2290,本当にわれら*は、大地とその上にある者を引き継ぐ[1]。そしてわれら*の御許にこそ、彼らは戻されるのである。 <sup foot_note=>1</sup>,
2291,（使徒*よ、）啓典（クルアーン*）の中で、イブラーヒーム*について語るのだ。本当に彼は大そうな正直者[1]であり、預言者*であった。 <sup foot_note=>1</sup>,
2292,彼が自分の父親に、（こう）言った時のこと[1]。「お父さん、聞きもしなければ、見ることも出来ず、あなたを少しも益することもないもの[2]を、なぜ崇めるのですか？ <sup foot_note=>1</sup>,
2293,お父さん、本当に私のもとに、あなたには訪れることのなかった知識の一部が、確かに到来したのです。ですから、私に従って下さい。そうすれば私はあなたを、真っ当な道にご案内します。,
2294,お父さん、シャイターン*を崇めないで下さい。本当にシャイターン*は、慈悲あまねき*お方（アッラー*）にひどく反抗的なものです。,
2295,お父さん、本当に私は、慈悲あまねき*お方（アッラー*）からの罰があなたに及び、あなたがシャイターン*の同志となるのを怖れています」。,
2296,彼（イブラーヒーム*の父親）は、言った。「一体お前は、我が神々（の崇拝*）から身を引きたいのか、イブラーヒーム*よ？もしもお前が（、我が神々への中傷を）止めないのなら、私はきっとお前を（石で）打ち殺してやろう[1]。私からずっと、遠ざかっておれ」。 <sup foot_note=>1</sup>,
2297,彼（イブラーヒーム*）は言った。「あなたに平安あれ[1]。私は我が主*に対し、あなたのために、（罪の）お赦しを乞いましょう[2]。本当にかれは（祈れば聞き入れて下さる）、私に懇切なお方なのですから。 <sup foot_note=>1</sup>,
2298,そして私は、あなた方と、あなた方がアッラー*をよそに祈っているものから遠ざかり、我が主*に祈りましょう。私は、我が主*への祈りにおいて、（それが叶えられないような）不幸な者とはならないでしょう」。,
2299,彼（イブラーヒーム*）が、彼らと、彼らがアッラー*をよそに崇めているものから遠ざかった時、われら*は彼にイスハーク*と（イスハーク*の息子の）ヤァクーブ*を授けた。そして（その）いずれも、預言者*としたのだ。,
2300,そしてわれら*は、われら*の慈悲の内から彼らに授け[1]、彼らに対する（人々の、）誉れ高く素晴らしい（賞賛の）言葉を与えた[2]。 <sup foot_note=>1</sup>,
2301,（使徒*よ、）啓典（クルアーン*）の中で、ムーサー*について語るのだ。本当に彼は、精選された者[1]であり、使徒*であり預言者*であった。 <sup foot_note=>1</sup>,
2302,また、われら*は山の右側から彼に呼びかけ[1]、密やかに語りかけつつ、彼を近寄せた。 <sup foot_note=>1</sup>,
2303,そしてわれら*は彼に、われら*の慈悲ゆえ、預言者*であるその兄ハールーン*を授けた[1]。 <sup foot_note=>1</sup>,
2304,（使徒*よ、）啓典（クルアーン*）の中で、イスマーイール*について語るのだ。本当に彼は、その約束に忠実で[1]で、使徒*であり預言者*であった。 <sup foot_note=>1</sup>,
2305,そして彼は、自分の家族に礼拝と浄財*を命じ、その主*の御許で喜ばれる者であった。,
2306,（使徒*よ、）啓典（クルアーン*）の中で、イドリース*について語るのだ。本当に彼は、大そうな正直者[1]であり、預言者*であった。 <sup foot_note=>1</sup>,
2307,そしてわれら*は彼を、高い場所へと上げてやった。,
2308,（われら*があなたに語って聞かせた、）それらの者たちは、アッラー*が恩恵をお授けになった預言者*たちである。（彼らは）アーダム*の子孫、われら*がヌーフ*と共に運んだ者、イブラーヒーム*とイスラーイール（ヤァクーブ*）の子孫、われら*が導き、選び抜いた内の者たち。慈悲あまねき*お方（アッラー*）の御徴[1]が誦み聞かせられれば、彼らはサジダ*し、涙しつつ、崩れ落ちたのだ（読誦のサジダ*）。 <sup foot_note=>1</sup>,
2309,こうして彼らの後、礼拝を放棄し、欲望を追い求めた愚かな後継者たちが、後を継いだ。ならば彼らはやがて、悪事[1]に直面するであろう。 <sup foot_note=>1</sup>,
2310,但し、悔悟し、信仰して正しい行い*を行う者、それらの者たちは天国に入り、少しも不正*を受けることはない。,
2311,（彼らは、）慈悲あまねき*お方（アッラー*）がその僕たちに約束された、まだ見ぬ永久の楽園[1]に（入る）。本当にかれのお約束は、実現することになっているのだ。 <sup foot_note=>1</sup>,
2312,彼らはそこで、いかなる戯言を耳にすることもない。ただ、「（あなた方に）平安を[1]」（という挨拶を聞く）。そして彼らにはそこで朝夕[2]、（いつでも望むだけの）自分たちの糧があるのだ。 <sup foot_note=>1</sup>,
2313,その天国は、われら*が、われら*の僕たちの内、敬虔*だった者に引き継がせる[1]もの。 <sup foot_note=>1</sup>,
2314,そして（ジブリール*よ、使徒*ムハンマド*にこう言うのだ、）「私たち（天使*）は、あなたの主*のご命令によらずしては、（天から地に）降臨することがない。かれにこそ、私たちの前にあるものと、後ろにあるもの、そしてその間にあるものが属する[1]のだ。そしてあなたの主*はもとより、忘れたりするお方ではない。[2] <sup foot_note=>1</sup>,
2315,（かれは、）諸天と大地とその間にあるものの主。ならば、かれを崇拝*し、かれへの崇拝*に忍耐*せよ。一体あなた[1]は、かれに似たものを知っているというのか？[2]」 <sup foot_note=>1</sup>,
2316,（不信仰な）人間は言う。「一体、私が死んだら、やがて生きて（墓から）出されるというのか？,
2317,一体、その人間は、存在してはいなかった自分自身を、われら*が以前、創造したことを覚えていないのか？,
2318,（使徒*よ、）あなたの主*にかけて、われら*は必ずや彼らとシャイターン*たちを召集し、それから彼らを跪いた状態[1]のまま、地獄の周りにきっと連れて来よう。 <sup foot_note=>1</sup>,
2319,それから、われら*は必ずや、慈悲あまねき*お方（アッラー*）に対して最も反抗的な者を、各々の集団から引き抜いて（真っ先に懲罰にかけて）やろう。,
2320,そして本当にわれら*は、そこ（地獄）に入って炙られる最も相応しい者たちを最もよく知っているのだ。,
2321,また、あなた方の内で、そこにやって来ない者はいない[1]。それはもとより、あなたの主*にとって、定められた絶対（に起きること）なのだ。 <sup foot_note=>1</sup>,
2322,それからわれら*は、敬虔*な者たちを救い出し、不正*者たちをその中に跪いた状態で置き去りにする。,
2323,また、われら*の明白な御徴[1]が彼らに読誦されれば、不信仰に陥った者*たちは信仰する者たちに、（こう）言った。「二つの集団のいずれが、住居がより素晴らしく、会合の場がより華々しいのか？」[2] <sup foot_note=>1</sup>,
2324,一体、われら*は彼ら以前、（彼らより）家財も容色も上回る、どれだけの世代を滅ぼしてきたであろうか。,
2325,言ってやれ。「（真理に従わず）迷いの中にある者、そのような者には慈悲あまねき*お方（アッラー*）が、猶予を伸ばして下さるままにしておけ[1]。やがて（現世での）懲罰にせよ、その時（復活の日*）にせよ、彼らが警告されているものを目の当たりにすれば、彼らは誰がより立場が悪く、軍勢が弱い者であるかを知ることになるのだ」。 <sup foot_note=>1</sup>,
2326,また（言ってやれ）、「アッラー*は、導かれた者たちに、導きを上乗せされる[1]。そして永遠に残る正しい行い*[2]は、あなたの主*の御許で褒美がよりよく、結末もよりよいものなのだ」と。 <sup foot_note=>1</sup>,
2327,（使徒*よ、）あなたは、われら*の御徴を否定し、「私は（来世でも）必ずや、（多くの）財産と子供を授かるのだ」などと言った者[1]を知っているか？ <sup foot_note=>1</sup>,
2328,一体彼は、不可視の世界*を覗き見でもしたのか？それとも、慈悲あまねき*お方（アッラー*）の御許で、（そのような）約束を結んだのだとでも？,
2329,断じて（、そうでは）ない。われら*は彼の言うことを記録し、彼に懲罰をどんどん上乗せしてやろう。,
2330,そして、われら*が彼の言うものを引き継ぎ[1]、（復活の日*、）彼はわれら*のもとに（財産も子供もない状態で、）ただ独りやって来るのだ。 <sup foot_note=>1</sup>,
2331,また彼ら（シルク*の徒）は、それらが自分たちにとっての威厳となるべく、アッラー*をよそに神々[1]を設け（、拝し）た。 <sup foot_note=>1</sup>,
2332,断じて（、そうはなら）ない。それらは彼らの（自分たちに対する）崇拝*を否定し、彼らに対して（彼らが思っていたのとは）正反対のものとなるのだ。[1] <sup foot_note=>1</sup>,
2333,一体（使徒*よ、）あなたは、われら*がシャイターン*たちを不信仰者*らへと遣わし（それで彼らを支配してしまっ）たのを、知らなかったのか？彼ら（シャイターン*）は、その者（不信仰者*）たちを、（アッラー*への服従から反抗へと）煽り立てるのだ。,
2334,ならば、彼らに対して、（懲罰が下るのを）急ぐのではない。われら*は彼らのために、数えに数え上げる[1]だけなのだから。 <sup foot_note=>1</sup>,
2335,われら*が敬虔*な者たちを、使節団として慈悲あまねき*お方（アッラー*）の御許へと召集する（復活の*）日。,
2336,そしてわれらは罪悪者たちを、喉がからからの状態で地獄へと引っぱって来る。,
2337,彼らは（誰に対しても）、執り成し（の権利）を持っていない。しかし、慈悲あまねき*お方（アッラー*）の御許で約束をした者[1]は、別である。 <sup foot_note=>1</sup>,
2338,彼らは言った。「慈悲あまねき*お方（アッラー*）は、御子をもうけられた」。,
2339,あなた方は確かに、とんでもない悪事をしでかしたものだ。,
2340,諸天は、それ[1]ゆえにばらばらに割れんばかり、また地面は裂けんばかり、そして山々は崩れ落ちんばかりである。 <sup foot_note=>1</sup>,
2341,彼らが慈悲あまねき*お方（アッラー*）に、御子があるなどとしたために。,
2342,慈悲あまねき*お方（アッラー*）が御子をもうけるなどということは、ありえないことなのだ。[1] <sup foot_note=>1</sup>,
2343,諸天と大地にあるいかなる者[1]も、（復活の日*に）僕として[2]、慈悲あまねき*お方（アッラー*）の御許へと馳せ参じない者はいない。 <sup foot_note=>1</sup>,
2344,かれは確かに、彼らを数え上げられ、彼らを勘定し尽くしておられる[1]。 <sup foot_note=>1</sup>,
2345,そして彼ら全員は復活の日*、（財産も子供もなく）独りで、かれの御許に馳せ参じるのだ。,
2346,本当に、信仰し、正しい行い*に励む者たち、慈悲あまねき*お方（アッラー*）は彼らに対し、愛情[1]をお授けになろう。 <sup foot_note=>1</sup>,
2347,（あなたに下った啓示を伝えよ、）というのもわれら*は、あなたがそれ（クルアーン*）によって敬虔*な者たちに吉報を伝え、それによって激しい反論の民に警告するべく、それをあなたの言葉（アラビア語）によって容易なものとしたに外ならないのだから。,
2348,そしてわれら*は彼ら以前に、一体どれだけ多くの世代を滅ぼしたことか。一体あなたは彼らの内の一人でも、目にするのか？あるいは、彼らの囁き声を耳にするとでも？[1] <sup foot_note=>1</sup>,
2349,ター・ハー[1]。 <sup foot_note=>1</sup>,
2350,（使徒*よ、）われら*があなたにクルアーン*を下したのは、あなたが不幸になるためではない[1]。 <sup foot_note=>1</sup>,
2351,しかし、（それをあなたに下したのは、アッラー*の懲罰を）恐れる者への、教訓とするため。,
2352,大地と、高き諸天をお創りになったお方から、次々と下されたものとして。,
2353,（かれは）慈悲あまねき*お方、まさに御座に上がられた[1]。 <sup foot_note=>1</sup>,
2354,かれにこそ、諸天にあるもの、地にあるもの、その間にあるもの、土の下にあるものは属する。,
2355,たとえあなたが言葉を露わにしても（隠しても）、本当にかれは秘密と、更に秘められたことをご存知である。,
2356,アッラー*はかれ以外には崇拝*すべきもののないお方。かれにこそ、美名は属する。,
2357,一体、あなたのもとにムーサー*の話は届いたか？,
2358,彼が火を目にし、自分の家族に（こう）言った時。「待っていなさい。まさに私は、火を見つけたのだ。私はそこからあなた方に、火種を持って来るだろう。あるいは火のもとに、（道の）案内人を見つけるかもしれない」。[1] <sup foot_note=>1</sup>,
2359,こうして彼がそこ[1]にやって来た時、（こう）呼びかけられた。「ムーサー*よ、 <sup foot_note=>1</sup>,
2360,本当にわれこそは、あなたの主*である。ならば、（われとの語らいのため、）あなたの靴を脱ぐがよい。まさにあなたは、聖なる谷トゥワー[1]にいるのだから。 <sup foot_note=>1</sup>,
2361,そしてわれは、あなたを（使徒*として）選んだのだ。ならば、（あなたに）啓示されることに、耳を傾けよ。,
2362,本当にわれこそは、われ以外に崇拝*すべきもののない、アッラー*。ゆえにわれを崇拝*し、われを唱念すべく礼拝を遵守*せよ。,
2363,本当にその時（復活の日*）は、訪れる。全ての者が自分の努力することによって報われるようにするため、われはそれ（が訪れる時）を、（われ自身にさえも）隠してしまわんばかりである。[1] <sup foot_note=>1</sup>,
2364,ならば、それを信じず、自分の欲望に従った者が、あなたをそれ[1]から阻むようであってはならない。そうすれば、あなたは破滅してしまう。 <sup foot_note=>1</sup>,
2365,あなたの右手にあるそれは何か、ムーサー*よ？」,
2366,彼は申し上げた。「これは、私の杖です。私はこれに寄りかかったり、これで（木々の葉を）私の羊の上に突き落としたりします。また、私にはそれに、外の使い道もあるのです」。,
2367,かれは仰せられた。「それを投げるがよい、ムーサー*よ」。,
2368,彼はそれを投げた。すると、どうであろう、それは這い回る大蛇となった（ので、彼は怖がって逃げ出した）。,
2369,かれは仰せられた。「それを掴め。そして怖がるのではない。われら*はそれを、元の形に戻すのだから。,
2370,また、あなたの手を自分の脇に挟んでみよ。それはもう一つの御徴として、災い[1]もなしに、白くなって出てくる。 <sup foot_note=>1</sup>,
2371,（これらのことは、）われら*があなたに、われら*の最大の御徴[1]の内から、見せてやるためなのである。 <sup foot_note=>1</sup>,
2372,（ムーサー*よ、われへと招くべく、）フィルアウン*のもとへ行くのだ。実に彼は、（われへの反抗において）度を越してしまったのだから」。,
2373,彼は申し上げた。「我が主*よ、私の胸を広げ[1]、 <sup foot_note=>1</sup>,
2374,我が任務を、私のために容易にし、,
2375,私の舌のもつれ[1]を解いて下さい。 <sup foot_note=>1</sup>,
2376,そうすれば、彼らは私の言葉を理解しましょう。,
2377,また私に、私の家族から、片腕をお授け下さい。,
2378,我が兄、ハールーン*を。,
2379,彼によって、私の背中[1]を強固にし、 <sup foot_note=>1</sup>,
2380,私の任務に彼を、協力させて下さい。[1] <sup foot_note=>1</sup>,
2381,（それは、）私たちがあなたを沢山称え*、,
2382,あなたをよく唱念するため。,
2383,本当にあなたはもとより、私たちをご覧になっていたお方」。,
2384,かれ（アッラー*）は仰せられた。「あなたは、あなたの願いを確かに叶えられたぞ、ムーサー*よ」。,
2385,そしてわれら*は確かに、別の時にも、あなたに恵みを垂れてやったのだ。[1] <sup foot_note=>1</sup>,
2386,われら*があなたの母に、示されるもの[1]を示した時。 <sup foot_note=>1</sup>,
2387,「彼（生まれたばかりのムーサー*）を箱に入れて、それを海原[1]へと放り投げよ[2]。そして海原に、それを岸へと投げ出させよ。そうすればわが敵と、彼（ムーサー*）にとっての敵[3]が、それを手にするから」。また、われはあなた（ムーサー*）に、わが御許からの愛情を授けた。そして、（それは）あなたが、わが眼差しの中で[4]育まれるためであったのだ。 <sup foot_note=>1</sup>,
2388,あなた（ムーサー*）の姉が、（あなたの入った箱を追って）歩んで行き、（その箱を拾った者に、こう）言った時。「あなた方に、彼の世話をしてくれる者を、お教えしましょうか？」こうして、われら*はあなたを、あなたの母親へと返した。（それは）彼女が喜ぶ[1]ようにし、悲しまないようにするためであった。また、あなたは（過って、コプト）人を殺してしまった[2]けれど、われら*はあなたを苦悩から救ってやった。そしてわれら*は、あなたをまさに試練にかけたのだ。また、あなたは（殺されるのを怖れて逃げ、）マドゥヤン*の民のもとで数年過ごし、それから定め通りーームーサー*よーーあなたはやって来たのだ[3]。 <sup foot_note=>1</sup>,
2389,われは、われ自身の（教えの伝達の）ために、あなたを（これらの恩恵で）養成した[1]のである。 <sup foot_note=>1</sup>,
2390,あなた（ムーサー*）と、あなたの兄（ハールーン*）は、わが御徴[1]を携えて行くのだ。そして、われの唱念（を持続すること）において、気力を失ってはならない。 <sup foot_note=>1</sup>,
2391,（二人で、）フィルアウン*のもとに行け。実に彼は、（われへの反抗において）度を越してしまったのだから。,
2392,そして、彼が教訓を得、（自分の主*を）恐れるよう、彼に柔らかい言葉で語りかけよ。,
2393,彼ら二人は、申し上げた。「我らが主*よ、本当に私たちは、彼が私たちに対して早まったこと[1]をしたり、あるいは（真理に対して）高慢になったりすることを怖れます」。 <sup foot_note=>1</sup>,
2394,かれは仰せられた。「怖れるのではない。実にわれは、あなた方二人と共にあり、（あなた方のことを）聞き、見ているのだから」。,
2395,そして、あなた方二人は彼のもとへ行き、（こう）言うのだ。「本当に私たちは、あなたの主*の二人の使徒*なのです。ですから、イスラーイールの子ら*を私たちと共に自由にし[1]、彼らを苦しめないで下さい。私たちは確かに、あなたの主の御許からの御徴[2]と共に、あなたのもとへやって来たのですから。導きに従う者には、（現世と来世での）平安があります。 <sup foot_note=>1</sup>,
2396,本当に私たちには、（アッラー*の教えを）嘘呼ばわりし、（それから）背を向ける者には懲罰があると、確かに啓示されたのです」。,
2397,彼（フィルアウン*）は言った。「では、あなた方二人の主*とは誰なのか、ムーサー*よ？」,
2398,彼（ムーサー*）は言った。「我らが主*は、全てのものにその（相応しい）形をお授けになり、それから導かれた[1]お方です」。 <sup foot_note=>1</sup>,
2399,彼（フィルアウン*）は言った。「では、（不信仰の中にあった）昔の世代はどうなる？」,
2400,彼（ムーサー*）は言った。「その知識は、我が主*の御許、書[1]の中にあります。我が主*は間違えることも、忘れることもありません。 <sup foot_note=>1</sup>,
2401,（かれは、）あなた方のために大地を平坦にされ、あなた方のためにそこに（多くの）道をお通しになり、天から（雨）水をお降らしになったお方」。そして、われら*はそれで、様々な種類の植物を出（し、育成）させる。,
2402,（アッラー*がお恵みになったよき作物から、）食べ、（それで）あなた方の家畜を飼育するがよい。本当にその中にはまさしく、まともな理性の持ち主への御徴[1]があるのだ。 <sup foot_note=>1</sup>,
2403,われら*は、あなた方をそれ（大地）から創り、（死後には）その中へとあなた方を戻し、そして（復活の日*には）再び、そこからあなた方を出すのである。,
2404,われら*は確かに彼（フィルアウン*）に対し、われら*の御徴[1]を全て見せた。そして彼は（それらを）嘘とし、拒んだのだ。 <sup foot_note=>1</sup>,
2405,彼（フィルアウン*）は言った。「一体あなたはーームーサー*よーー、あなたの魔術で私たちを、私たちの地から追い出すため、私たちのもとにやって来たのか？,
2406,それでは、私たちも必ずや、それと同様の魔術をあなたに披露しよう。そして私たちとあなたの間に、私たちも、あなたも違えることのない約束を、中ほどの場[1]に設けるのだ」。[2] <sup foot_note=>1</sup>,
2407,彼（ムーサー*）は言った。「あなた方の約束（の日時）は、晴れ着の日[1]で、人々は朝[2]に集められます」。 <sup foot_note=>1</sup>,
2408,フィルアウン*は引き返し、自分の策略を練り上げてから、約束（の日）に現れた。,
2409,ムーサー*は、彼ら（魔術師たち）に言った。「あなた方の災難に（気を付けよ）。アッラー*に対して嘘をでっち上げてはならない。そうすれば、かれはあなた方を罰で根こそぎにしてしまおう。（アッラー*に）嘘をでっち上げる者は、確かに敗北するのだ」。,
2410,すると彼らは、仲間内で自分たちの事について論議し、密かに密談した。,
2411,彼ら（魔術師たち）は言った。「実にこの二人（ムーサー*とハールーン*）は、まさしく魔術師である。彼ら二人はその魔術で、あなた方をあなた方の地から追い出し、あなた方の最善のやり方[1]を葬り去ろうとしているのだ。 <sup foot_note=>1</sup>,
2412,ならば、あなた方の策略を練り上げ、それから一列になって行くのだ。そしてこの日、（相手に）勝った者は、確かに成功を収めたことになる」。,
2413,彼ら（魔術師たち）は、言った。「ムーサー*よ、あなた方が杖を投げるか、それとも私たちが最初に（自分たちが持っているものを）投げる者となるか？」,
2414,彼（ムーサー*）は言った。「いや、あなた方が（先に）投げよ」。すると、彼らの縄と杖はどうであろうか、その魔術により、彼（ムーサー*）にはそれらが（大蛇と化して）這い回るように映った。,
2415,それでムーサー*は、自らの内に恐怖感を抱いた。,
2416,われら*は言った。「怖れるのではない。まさにあなたこそは、（彼らに対する）勝利者なのだから。,
2417,そして、あなたの右手にあるもの（杖）を投げよ。そうすれば、それは彼らの作ったもの[1]を、呑み込んでしまう。本当に彼らの作ったものは、魔術師の策略なのだ。そして魔術師はどこに行こうと、成功することなどはない」。 <sup foot_note=>1</sup>,
2418,（こうしてムーサー*は杖を投げ、それは幻の大蛇を呑み込んだ。）そして魔術師たちは、サジダ*しつつ崩れ落ちた[1]。彼らは言った。「私たちは、ハールーン*とムーサー*の主*を信じました」。 <sup foot_note=>1</sup>,
2419,彼（フィルアウン*）は言った。「私があなた方に許可を出す前に、あなた方は彼を信じた（のか）。本当に彼はまさしく、あなた方に魔術を教えた。あなた方の親玉なのだ。ならば私は必ずや、あなた方の手足を交互に切り落とし、あなた方をナツメヤシの木の幹に磔にしてやろう。そしてあなた方はきっと、私たち[1]のいずれが、より厳しく永い罰（の主）なのか、知ることになるのだ」。 <sup foot_note=>1</sup>,
2420,彼ら（魔術師たち）は言った。「私たちは決して、私たちのもとに到来した明証と、私たちを創成されたお方[1]より、あなたを重んじたりはしません。では、あなたのすることを、するがよいでしょう。あなたが（権限を有）するのは、この現世の生活だけのことなのですから。 <sup foot_note=>1</sup>,
2421,本当に私たちは、かれ（アッラー*）が私たちの過ちと、あなたが私たちに無理強いした魔術のことをお赦しになるべく、私たちの主*を信じました。そしてアッラー*は（あなたよりも）より善く、より永いお方[1]なのです」。[2] <sup foot_note=>1</sup>,
2422,本当に、自分の主*の御許に罪悪者（不信仰者*）として馳せ参じる者があれば、地獄は彼のためにこそある。彼はそこで（安らぐべく）死ぬことも、（楽しく）生きることもない。,
2423,そしてかれの御許に、正しい行い*に励んだ信仰者としてやって来る者、それらの者たちにこそは（天国で）高い位がある。,
2424,その下から河川が流れる、永久の楽園が。彼らはそこに永遠に留まる。それが、自らを努めて清めた者[1]への褒美なのだ。 <sup foot_note=>1</sup>,
2425,また、われら*は確かに、ムーサー*に（こう）啓示した[1]。「われら*の僕たち（イスラーイールの子ら*）と共に、夜（エジプトを）旅立て。そして（追っ手が）追いつくことを怖がらず、（溺れることも）恐れず、彼らのため、海に干上がった道を作ってやるのだ」。 <sup foot_note=>1</sup>,
2426,こうしてフィルアウン*は、その軍勢に彼らを追跡させた。そして海原から彼らを、彼らを覆ったものが覆った[1]。 <sup foot_note=>1</sup>,
2427,フィルアウン*はその民を迷わせたのであり、導いたのではなかった。,
2428,イスラーイールの子ら*よ、われら*は確かにあなた方[1]を、あなた方の敵から救った。また山の右側であなた方と約束を交わし[2]、あなた方にマンヌとウズラ[3]を下した。 <sup foot_note=>1</sup>,
2429,われら*があなた方に授けた善きものから、食べるがよい。そしてそれにおいて、放埓であってはならない[1]。そうすれば、あなた方にわが怒りが降りかかろう。わが怒りが降りかかる者は誰でも、確かに転落し（破滅し）た[2]のである。 <sup foot_note=>1</sup>,
2430,本当にわれは、悔悟し、信仰し、正しい行い*に励み、そして導かれた者に対し、実に赦し深い者なのである。,
2431,（アッラー*は仰せられた。）「何があなたを、あなたの民から急がせたのか[1]、ムーサー*よ？」 <sup foot_note=>1</sup>,
2432,彼（ムーサー*）は、申し上げた。「彼らは、私の後を追って来ている、あれらの者たちです。そして私はーー我が主*よーー、あなたがお喜びになるべく、（彼らを置いて）あなたの御許へと急いだのです」。,
2433,かれは仰せられた。「というのも実にわれら*は、あなた（の民との離別）の後、確かにあなたの民を試みたのだ。そしてサーミリーが彼らを、迷わせたのである」。[1] <sup foot_note=>1</sup>,
2434,ムーサー*は怒り、悲しみつつ、自分の民のもとに戻った。彼は言った。「我が民よ、一体あなた方の主*は、あなた方に、善きお約束[1]を約束されたのではなかったのか？一体、（約束の）その期間が、あなた方に長引い（て待ち切れなくなっ）たというのか？それともあなた方は、あなた方の主*からのお怒りが自分たちに降りかかることを望み、それで私との約束を破ったのか？」 <sup foot_note=>1</sup>,
2435,彼らは言った。「私たちは自分たちの選択で、あなたとの約束を破ったわけではない。しかし私たちは（フィルアウン*の）民の宝飾品の内から、思い荷物を背負わされたのであり、それを（サーミリーの命令通り、火を点けた穴の中に）放り込んだのだ[1]。そしてサーミリーも同じように、放り投げた[2]」。 <sup foot_note=>1</sup>,
2436,こうして彼（サーミリー）は彼らに、鳴き声を有する、実体のある仔牛を（それらの黄金から作って）出した。そして彼ら[1]は、言ったのだ。「これは、あなた方の神[2]であり、ムーサー*の神である。そして彼（ムーサー*）は、（仔牛のことを）忘れてしまった[3]のだ」。 <sup foot_note=>1</sup>,
2437,一体彼らは、それ（仔牛）が彼らに言葉も返さなければ、彼らに対して害も益も有してはいない[1]のが、分からないのか？ <sup foot_note=>1</sup>,
2438,（ムーサー*の帰還）以前、ハールーン*は彼らに対し、確かに（こう）言った。「我が民よ、あなた方はまさしく、それ（仔牛）で試されている。そして本当に、あなた方の主*は慈悲あまねき*お方。ならば私に従い、私の命令に服すのだ」。,
2439,彼らは言った。「私たちは、ムーサー*が私たちの所に戻って来るまで、それ（仔牛）に崇め仕えるのを決して止めないぞ」。,
2440,彼（ムーサー*）は言った。「ハールーン*よ、彼らが迷ったのを目にした時、あなたを引き止めたものは何なのか、,
2441,あなたが私に従うことから（引き止めたのは）？一体、あなたは私の命令に背いたのか？[1]」 <sup foot_note=>1</sup>,
2442,彼（ハールーン*）は言った。「我が母の息子[1]よ、私のあごひげも、頭（髪）も、掴まないでくれ。本当に私は、（もし私が彼らを放ったらかしにて、あなたを追っかけていたら、）『あなたはイスラーイールの子ら*を分裂させ、私の言いつけも守らなかった』とあなたが言うことを、恐れていたのだ」。[2] <sup foot_note=>1</sup>,
2443,彼（ムーサー*）は言った。「では、あなたの言い分は何なのだ、サーミリーよ？」,
2444,彼（サーミリー）は言った。「私は、彼らが目にしなかったもの（ジブリール*）を見たのです[1]。それで私は、御使い（ジブリール*）の（馬の足）跡から、一掴み（の土）を手にし、それを（燃やして溶けた宝飾品に）投げかけました。そのように私の自我は、（このような行いを）自分自身に目映く見せたのです」。[2] <sup foot_note=>1</sup>,
2445,彼（ムーサー*）は言った。「ならば、行くがよい。というのも本当にあなたは、この（現世での）生活にいる間は『（私に）近づくのではない』と言うこと[1]になり、本当にあなたにこそは、決して破られることのない（来世での懲罰の）約束があるのだから。あなたが仕えていた自分の神（仔牛）を、見てみるがよい。私たちはそれを必ずや焼き尽くし、それからきっと、それを海原に跡形もなくばら撒いてしまおう」。 <sup foot_note=>1</sup>,
2446,あなた方が崇拝*すべきは、かれ以外に（真に）崇拝*すべきいかなるものもない、アッラー*のみ。かれは（その）知識で、全てのものを網羅し給う。,
2447,（使徒*ムハンマド*よ、）そのようにわれら*は、既に過ぎ去ったものの消息の一部を、あなたに語って聞かせる。また、われら*は確かにわれら*の御許から、あなたに教訓（クルアーン*）を授けたのである。,
2448,それ（クルアーン*）に背を向ける者は誰でも、本当に復活の日*、（罪という）重荷を背負うことになる。,
2449,彼らはそこ（懲罰）に、永遠に留まる。そして復活の日*、彼らの荷物は何と忌まわしいことか。,
2450,角笛に吹き込まれるその日[1]、われら*はその日、眼が青くなった[2]罪悪者たちを召集する。 <sup foot_note=>1</sup>,
2451,彼らは、自分たちの間で、ひそひそ話し合（い、こう言）う。「あなた方は（現世で）、十（日間）しか過ごさなかった」。[1] <sup foot_note=>1</sup>,
2452,われら*は、彼らの中で最も見識ある者が、「あなた方は（現世で）、一日しか過ごさなかった」と言う時、彼らの言うことを最もよく知っているのだ。,
2453,（使徒*よ、）彼らは、（復活の日*の）山々（の状態）について、あなたに尋ねる。ならば、言うのだ。「我が主*はそれらを、跡形もなく粉々にされる。[1] <sup foot_note=>1</sup>,
2454,そしてそれ（大地）を、真っ平でつるつるなものとされ、,
2455,あなたはそこに、いかなる歪みや起伏も見出すことがない」。,
2456,その日、彼らは呼ぶ者（の声）に従（い、集合の場へと向か）う。彼からの逃げ道は、全くない。そして（人々の）声は、慈悲あまねき*お方（アッラー*）に対して恭順[1]にな（って消え入）り、あなたはひそひそ声[2]しか耳にすることがないのだ。 <sup foot_note=>1</sup>,
2457,その日、慈悲あまねき*お方が許可を授け、その言葉においてご満悦された者以外、執り成しは役に立たない。[1] <sup foot_note=>1</sup>,
2458,かれは、彼らの前にあるものも、背後にあるもの[1]も、ご存知なのだ。また彼らが、かれのことを知り尽くすことは出来ない。 <sup foot_note=>1</sup>,
2459,そして（人々の）顔[1]は、永生する*お方、全てを司る*お方へと屈服する。不正*を背負った者は、（復活の日*、）確かに敗北したのだ。 <sup foot_note=>1</sup>,
2460,そして信仰者で正しい行い*を行う者は誰であれ、不正*も欠損も怖れることがない[1]。 <sup foot_note=>1</sup>,
2461,そのように、われら*はそれをアラビア語のクルアーン*として下し、その中で警告を多彩に示した。（それは、）彼らが（アッラー*を）畏れ*るため、あるいは彼らに教訓を汲ませるためなのである。,
2462,そして、王であり、真理であられるアッラー*は、（いかなる欠点からも）高遠なお方であられる。（使徒*よ）、あなたにその啓示が（一頻り）下り終わる前に、クルアーン*（を受け取ること）に慌てるのではない。そして、言うのだ。「我が主*よ、私に知識を増やして下さい」。[1] <sup foot_note=>1</sup>,
2463,われら*は確かに以前、アーダム*に（楽園の木の実を食べないよう）命じた[1]。そして彼は（そのことを）忘れてしまい、われらは彼に（命令を遵守するだけの）注意（の力）を見出すことがなかった。 <sup foot_note=>1</sup>,
2464,また、われら*が天使*たちに「アーダム*にサジダ[1]せよ」と言い、彼らが（全員）サジダ*した時のこと（を思い出せ）[2]。但しイブリース*だけは別で、（それを）拒んだ。[3] <sup foot_note=>1</sup>,
2465,われら*は言った。「アーダム*よ、本当にこれ（イブリース*）はあなたと、あなたの妻に対する敵である。ならば、彼に（従って）あなた方二人を楽園[1]から追い出させ、それであなた[2]が不幸になるようではならない。 <sup foot_note=>1</sup>,
2466,本当にあなたはそこ（楽園）において、飢えることもなければ、裸になることもない。,
2467,また、そこで喉が渇くことも、太陽に晒されることもない。,
2468,すると、シャイターン*が彼に囁きかけて、言った。「アーダム*よ、永遠の（生を授けてくれる）木と、廃れることのない王権へと、あなたを案内してやろうか？」,
2469,こうして二人はそこから食べ、二人の恥部（アウラ*）は彼ら自身に露わになってしまい、二人は楽園の葉でそれら（アウラ*）を隠し始めた[1]。アーダム*は彼の主*に逆らい、誤った[2]のである。 <sup foot_note=>1</sup>,
2470,それから、かれの主*は彼（アーダム*）をお選びになり、彼の悔悟をお受け入れになり、お導きになった。,
2471,かれは仰せられた。「二人とも共に、（イブリース*と）互いに敵となって、そこ（楽園）から落ちて行け。そして、あなた方にわれら*の御許からの導きが到来した時、わが導き（使徒*と啓典）に従う者は誰でも、（現世で）迷うことはなく、（来世で）不幸になることもない。,
2472,また、わが教訓に背を向ける者、本当に彼には苦しい生活[1]がある。そしてわれら*は復活の日*、彼を盲目にして集める[2]のだ」。 <sup foot_note=>1</sup>,
2473,彼は言う。「我が主*よ、どうして私を盲目にしてお集めになったのですか？私は（現世では、）目が見えていましたのに？」,
2474,かれは仰せられる。「（あなたがしたことと、）同様（にしたの）である。われらの御徴はあなたに到来し、そしてあなたはそれを（故意に）忘れたのだから。それで同じようにこの日、あなたは（地獄に）忘れ去られよう」。,
2475,そのように、われら*は自分の主*の御徴を信じず、（主*への反抗に）度を越していた者に応報を与える。来世の懲罰こそは、より厳しく、より永いのである。,
2476,一体、われら*が彼ら以前に、どれほど多くの（不信仰な）民*を滅ぼしたかが、彼らにはまだ明らかになってはいないのか？彼らはその者たちの住居の中を、（その滅亡の跡を目にして）歩いているというのに？本当にそこ[1]にはまさしく、まともな理性の持ち主への御徴があるのだ。 <sup foot_note=>1</sup>,
2477,（彼ら不信仰者*の懲罰を先送りにするという）あなたの主*からの先んじた御言葉と、定められた期限[1]さえなければ、（彼らの早期での滅亡は）必然だったのである。 <sup foot_note=>1</sup>,
2478,ならば（使徒*よ、）彼らの言うことに忍耐*せよ。また、太陽が昇る前とそれが沈む前、そして夜の一部[1]において、あなたの主*の称賛*と共に（かれを）称える*のだ。また、昼の端々[2]に（アッラー*を）称えよ。（それは、）あなたが（その褒美で）満足するようになるためである。 <sup foot_note=>1</sup>,
2479,また、われら*が彼ら（不信仰者*））の内の様々な者たちを楽しませているものに、決してあなたの（羨望の）視線を釘付けにするのではない。（それは、）われら*がそれで彼らを試練にかけるための、現世の生活の飾りなのである。あなたの主*の糧[1]は、（彼らが味わっている享楽）より善く、より永く続くものなのだ。 <sup foot_note=>1</sup>,
2480,また（使徒*よ）、あなたの家族[1]に礼拝を命じ、それ（を行うこと）において忍耐*を重ねよ。われら*があなたに糧を求めるのではなく[2]、われら*があなたに糧を与えるのだから。そして（現世と来世における、善き）結末は、敬虔*さ（を纏った者たち）にあるのだ。 <sup foot_note=>1</sup>,
2481,彼らは言う。「どうして彼（使徒*）は自分の主*の御許から、私たちに御徴[1]を持って来ないのか？」一体、以前の書巻の中にあるものに対する明証[2]は、彼らに到来しなかったのか？ <sup foot_note=>1</sup>,
2482,もしわれら*が懲罰によって、それ以前[1]に彼らを滅亡させていたら、彼らは（こう）言ったであろう。「我らが主*よ、どうしてあなたは私たちに、使徒*を遣わしてくれなかったのですか？そうすれば私たちは、（あなたの懲罰によって）卑しめられ、辱められる前に、あなたの御徴に従いましたのに」。[2] <sup foot_note=>1</sup>,
2483,（使徒*よ、）言ってやるのだ。「（私たちの（いずれも、（誰に勝利があるか）待ち望む身にある。ならば、待ち望むがいい。あなた方は、誰が真っ当な道の徒であり、誰が導かれていたかを知ることになるのだから」。,
2484,人々に、その清算（の時）が近づいた[1]。にも関わらず、彼らは上の空で（警告に）背を向けている。 <sup foot_note=>1</sup>,
2485,彼らのもとに、彼らの主*から（次々と）新しい教訓（クルアーン*）がやって来ても、彼らは決まってふざけながらそれを聞くだけ。,
2486,彼らの心は、不注意である[1]。不正*を働く者たちは、ひそひそと（こう）密談する。「一体これは、あなた方と同様の人間に外ならないではないか？[2]一体あなた方は（、彼が人間であることを）分かっていながら、魔術[3]へと赴くのか？」 <sup foot_note=>1</sup>,
2487,彼（預言者*ムハンマド*）は、言った。「我が主*は、天と地における（全ての）言葉を存じておられる。かれはよくお聞きになるお方、全知者であられるのだ」。,
2488,いや、彼らは（それぞれ、こう）言った。「（クルアーン*は、）夢まぼろしがごちゃ混ぜになった（無意味な）もの」。「いや、彼（ムハンマド*）がそれを、捏造したのだ」。「いや、彼は詩人なのである」。「ならば、先代の者たちが（それと共に）遣わされたように、私たちに何か御徴[1]を持って来させよ」。 <sup foot_note=>1</sup>,
2489,彼ら（マッカ*の不信仰者*たち）以前にも、われら*が滅ぼしたいかなる町（の住人）も、（たとえ使徒*が奇跡をもたらしたところで、）信じることはなかったのだ。そして一体、（奇跡を眼にしたら、）彼らは信じるというのか？[1] <sup foot_note=>1</sup>,
2490,また、われら*があなた以前に（使徒*として）遣わしたのは、われら*が啓示を下す男性（人間）以外の何者でもなかった[1]。ならば、教訓の民[2]に尋ねてみよ。もし、あなた方が知らないというなら。 <sup foot_note=>1</sup>,
2491,また、われら*は彼ら（使徒*）を、食べ物を口にしない物体にしたわけでもないし、彼らが（現世で）永遠の者たちだったわけでもない。[1] <sup foot_note=>1</sup>,
2492,それから、われら*は彼ら（使徒*とその信徒たち）に（勝利と救いの）約束を実現させ、彼らと、われら*が望む者たちを救い出し、（不信仰において）度を越していた者たちを滅ぼしたのだ。,
2493,われら*は確かに、あなた方に啓典を下した。（そこにある教えを信じ実行すれば、）その中には、あなた方への栄誉[1]がある。一体、あなた方は分別しないのか？ <sup foot_note=>1</sup>,
2494,また、われら*は一体、どれだけ多くの不正*であった町を全滅させ、その後、別の民を設けたのか。,
2495,それで彼らは、われら*の（彼らに対する懲罰の）猛威を察知すると、どうであろうか、そこ（町）から疾走（して逃亡しようと）するのである。,
2496,（その時、彼らにはこう言われる。）「疾走せずに、あなた方が享受していたもの（現世の享楽）と、あなた方の住まいに戻れ。あなた方は、（自分たちが現世でしていたことについて、）尋ねられるであろう」。[1] <sup foot_note=>1</sup>,
2497,彼らは言う。「我らが災いよ！[1]本当に私たちは、不正*者でした」。 <sup foot_note=>1</sup>,
2498,そして彼らのその言葉は、われら*が彼らを刈り取られた作物（のよう）にし、息絶えらせるまで、続くのである。,
2499,われら*は、天と地とその間にあるもの全てを、ふざけ半分に創ったのではない。,
2500,もしわれら*が（自分に子供や妻を設けるなどという）戯れ事をするのであれば、（あなた方のもとからではなく）われら*の御許からそれを設けたであろう[1]。われら*が（そのようなことを）することはないが。 <sup foot_note=>1</sup>,
2501,いや、われら*は真理を虚妄に投げつける。すると、それ（真理）はそれ（虚妄）を割り砕き、どうであろう、それ（虚妄）は消滅してしまう。あなた方には、自分たちが言っていること[1]ゆえの、災いがあるのだ。 <sup foot_note=>1</sup>,
2502,かれ（アッラー*）にこそ、諸天と大地にいる全てのものは属する。そして、かれの御許にいる者（天使*たち）は、かれを崇拝*することに対して驕り高ぶらず、疲れることもない。,
2503,夜も昼も、倦むことなく（かれを）称え*ているのだ。,
2504,いや、一体彼らは地上から、（死んだものを）復活させることの出来る神々[1]を設けたというのか？[2] <sup foot_note=>1</sup>,
2505,そこ（天地）にアッラー*以外の神々がいたら、その二つ（天地）は損なわれてしまったであろう[1]。彼らの言うようなことから（無縁な）、御座[2]の主*アッラー*に称えあれ。 <sup foot_note=>1</sup>,
2506,かれがご自身のされることを問われるのではなく、彼らが（自分たちの行いを）問われるのである。[1] <sup foot_note=>1</sup>,
2507,いや、一体彼らは、かれ（アッラー*）を差しおいて神々を設けたのか？言ってやれ。「（そのことの正当性を示す、）あなた方の明証を持って来るがよい。これは私と共にある者の教訓と、私以前の者の教訓[1]である（が、そこにはそのような根拠はない）のだ。いや、彼らの多くは真実を知らない。彼らは（そこから）背を向けているのだ」。 <sup foot_note=>1</sup>,
2508,また、われら*はあなた以前、「われ以外に（真に）崇拝*すべきものはない。ゆえにわれを崇拝*せよ」と啓示することなしには、いかなる使徒*も遣わさなかった。[1] <sup foot_note=>1</sup>,
2509,彼ら（シルク*の徒）は言った。「慈悲あまねき*お方（アッラー）は、（天使*たちという）御子をもうけられた[1]」。アッラー*に称え*あれ。いや、（彼らは）誉れ高き僕なのである。 <sup foot_note=>1</sup>,
2510,彼らは、かれ（アッラー*）に対して言葉を先んじることなく、かれのご命令に沿って行動するのだ。,
2511,かれは、彼ら（天使*たち）の前にあるものも、その背後にあるもの[1]も、ご存知である。また彼らは、かれ（アッラー*）がご満悦になられた、者に対してしか、執り成しをしない[2]。そして彼らは、かれへの畏怖ゆえに、怯える者たちなのだ。 <sup foot_note=>1</sup>,
2512,また、彼ら（天使*たち）の内、「私こそは、かれとは別の神である」などと言う者[1]があれば、われら*はその者を地獄で報いてやる。われら*はそのように、不正*者たちに応報を与えるのだ。 <sup foot_note=>1</sup>,
2513,一体、不信仰に陥った者*たちは、諸天と大地が膠着した状態だったことを知らないのか？そしてわれら*がその二つを引き裂いたことを？[1]われら*は、水から全ての生物を創った[2]。一体、彼らは信じないのか？ <sup foot_note=>1</sup>,
2514,またわれら*は大地に、それが彼らと共に揺れ動かないよう堅固な山々を設え、彼らが導かれるようにと、そこに広々とした道々を用意した。,
2515,また、われら*は天を守られた屋根[1]とした。それでも彼らは、その御徴から背を向けているのだ。 <sup foot_note=>1</sup>,
2516,かれは夜と昼、太陽と月をお創りになったお方。全ては、軌道を走る。,
2517,（使徒*よ、）われら*はあなた以前（現世において）、いかなる人間にも永遠（の生）を授けたりはしなかった。一体、もしあなたが死んだら、彼らは（その後）永遠なる者となるというのか？[1] <sup foot_note=>1</sup>,
2518,全ての者は、死を味わうのだ。われら*は悪と善という試練[1]で、あなた方を試す。そしてわれら*の御許にこそ、あなた方は戻されるのである。 <sup foot_note=>1</sup>,
2519,（使徒*よ、）不信仰に陥った者*たちがあなたを見れば、あなたのことを嘲笑の的とするだけ。（彼らはあなたを蔑んで、互いにこう言うのだ。）「一体これが、あなた方の神々に（無礼な言葉で）言い及ぶ者か？」彼らこそは、慈悲あまねき*お方（アッラー*）の教訓（クルアーン*）について否定する者たち[1]であるというのに。 <sup foot_note=>1</sup>,
2520,人間は、せっかちさから創られている[1]。われは間もなく、あなた方にわが御徴[2]をみせてやる。ならば、（それを）われに性急に求めるのではない。 <sup foot_note=>1</sup>,
2521,彼らは言う。「この約束（の実現）は、いつなのか？もし、あなたが本当のことを言っているのならば」。,
2522,不信仰だった者*たちが、自分たちの顔も背中も業火から防ぐことが出来ず、（誰からも）助けられることのない時のことを知っていれば（不信仰に留まることなく、懲罰も復活の日*も。急ぐことはなかったのに）。,
2523,いや、それ（復活の日*）は突然訪れて、彼らを動転させるのである。そして彼らはそれを阻止することも出来なければ、（それに対する）猶予を与えられることもない。,
2524,（使徒*よ、）あなた以前の使徒*たちもまた、確かに嘲笑されたのである。そして彼らを嘲っていた者たちは、自分たちが嘲笑していたもの（懲罰）によって包囲されたのだ。,
2525,言ってやれ。「誰が、夜でも昼でも、あなた方を慈悲あまねき*お方（アッラー*）から守ってくれるというのか？」いや、彼らはじぶんたちの主*の教訓から、背を向ける者たちである。,
2526,いや、一体彼らは、われら*（の懲罰）を彼らから阻止してくれる神々などあるとでもいうのか？それらは自分自身のことを助けることも出来なければ、われら*から救われることもないというのに。,
2527,いや、われら*は、これらの者たちとその先祖を、彼らに長い年月が流れ去るまで楽しませておいたのだ。一体、彼ら（不信仰者*）は見ないのか？われら*が（彼らの）土地に取りかかっては、それをその端々から削り取っていく[1]のを？一体、彼らは勝利者[2]であるというのか？ <sup foot_note=>1</sup>,
2528,（使徒*よ、）言うのだ。「私があなた方に警告するのは、（アッラー*からの）啓示によってこそである」。聾は、警告を受けても、呼びかけを聞くことがない[1]」。 <sup foot_note=>1</sup>,
2529,もし彼らに、あなたの主*の懲罰の一片が触れでもすれば、彼らはきっと（こう）言うのだ。「我らが災いよ！[1]本当に私たちは、不正*者でした」。 <sup foot_note=>1</sup>,
2530,われら*は復活の日*に、公正な秤を設ける。誰一人、僅かたりとも不正*を受けることはない。そして、たとえ（現世での行いが）からし種一粒きりの重さであったとしても、われら*はそれを（勘定に入れるべく）持って来るのだ。われら*だけで、清算者は十分なのである。[1] <sup foot_note=>1</sup>,
2531,われら*は確かにムーサー*とハールーン*に、識別[1]と（燦然たる）光、敬虔*な者たちへの教訓を授けた。 <sup foot_note=>1</sup>,
2532,（彼ら敬虔*な者たちとは、）その時（復活の日）に怯えつつ、まだ見ぬままに、彼らの主*を恐れる[1]者たち。 <sup foot_note=>1</sup>,
2533,これ（クルアーン*）は、われら*が下した祝福あふれる教訓。一体あなた方は、それを否定するのか？,
2534,われら*はイブラーヒーム*に以前[1]、確かに正道を授けた。そしてわれら*は、そのこと[2]を知っていたのだ。 <sup foot_note=>1</sup>,
2535,彼（イブラーヒーム*）が自分の父親と民に、（こう）言った時[1]のこと（を思い起こさせよ）。「あなた方が仕えている、これらの偶像は何なのですか？」 <sup foot_note=>1</sup>,
2536,彼らは言った。「私たちは、私たちのご先祖様が、それらを崇めているのを見出したのだ」。[1] <sup foot_note=>1</sup>,
2537,彼は言った。「あなた方とあなた方のご先祖は確かに、紛れもない迷いの中にあります」。,
2538,彼らは言った。「一体あなたは、真実を携えて私たちのところへやって来たのか？[1]それともあなたは、ふざけた者の類いなのか？ <sup foot_note=>1</sup>,
2539,彼は言った。「いや、あなた方の主*は、諸天と大地の主*。それらを創成されたお方[1]。そして私はその事に関する、証人の一人なのです」。 <sup foot_note=>1</sup>,
2540,（イブラーヒーム*は、つぶやいて言った。）「そしてアッラー*に誓って、私はあなた方が背を向けて立ち去った後[1]、必ずやあなた方の偶像に策略しよう」。 <sup foot_note=>1</sup>,
2541,こうして彼は、それら（の偶像）を、それらの長[1]を除いて（全て）粉々にした[2]。（それは）彼らが、それに（縋るべく）戻って来るようにするため[3]であった。 <sup foot_note=>1</sup>,
2542,彼らは（戻って来て、その有様を見ると、お互いに）言った。」私たちの神々に、これをやったのは誰だ？本当にそいつはまさしく、不正*者の類いである」。,
2543,彼らは言った。「私たちは、イブラーヒーム*と呼ばれる若者が、それらについて（無礼な言葉で）言い及ぶのを耳にしたぞ」。,
2544,彼ら（の内の有力者たち[1]）は、言った。「では、そいつを人々の面前に連れて来るのだ。彼らが、（イブラーヒーム*がそのように言ったと認める場に）立ち会うように[2]」。 <sup foot_note=>1</sup>,
2545,（イブラーヒーム*が連れて来られると、）彼らは言った。「一体あなたが、私たちの神々に対してこんなことをしたのか、イブラーヒーム*よ？」,
2546,彼は言った。「いいえ、それら（偶像）の長であるこれが、そうしたのです[1]。では、それら（の偶像）にお尋ね下さい。もし、それらが喋れるのなら、ですが」。 <sup foot_note=>1</sup>,
2547,そして彼らは我に返り[1]、（互いに）言った。「本当にあなた方こそは、不正*者だったのだ」。 <sup foot_note=>1</sup>,
2548,それから彼らは、（頑迷さへと）逆戻りして（言った）。「あなたは確かに、これらの者たち（偶像）が喋らないことを知っているのに（、いかに私たちがそれらに尋ねようか）？」,
2549,彼（イブラーヒーム*）は言った。「一体（そのことを知りながら、）あなた方はアッラー*をよそに、あなた方を少しも益しなければ、（それを崇拝*しても）害しもしないものを崇めるのですか？,
2550,あなた方と、あなた方がアッラー*をよそに崇めているものの、忌まわしいこと。一体あなた方は（無知で、）分別しないのですか？,
2551,彼らは言った。「そいつを焼き（殺し）、あなた方の神々を助けるのだ。もし、あなた方が（神々を援助）するならば」。,
2552,（こうして彼らはイブラーヒーム*を、火の中に投げ入れた[1]。）われら*は（こう）言っ（て、彼を助け）た。「火よ、冷たくなり、イブラーヒーム*に安全となれ」。 <sup foot_note=>1</sup>,
2553,彼らは、彼に対して策略を望んだが、われら*は彼らを最大の損失者とした。[1] <sup foot_note=>1</sup>,
2554,また、われら*は彼（イブラーヒーム*）とルート*を、われら*が全創造物のために祝福した地へと、救い出した。[1] <sup foot_note=>1</sup>,
2555,また、われらは彼（イブラーヒーム）に、イスハーク*と、その上ヤァクーブ*を恵んだ。そして皆、正しい者*としたのである。,
2556,また、われら*は彼らを、われら*はの命令によって（人々を）導く導師とし、彼らに善行と、礼拝の遵守*、浄財*の拠出を啓示した。そして、彼らはわれら*を崇拝*する者だったのである。,
2557,また、われら*はルート*に裁決[1]と知識を授けた。そして彼を、（その民が）忌まわしい事[2]を働いていた町[3]から、救い出した。本当に彼らは、悪の民、放逸な者たちであった。 <sup foot_note=>1</sup>,
2558,そして、われら*は彼を、われら*の慈悲[1]の中に入れてやった。本当に彼は、正しい者*の一人であったのだから。 <sup foot_note=>1</sup>,
2559,また（使徒*よ、）ヌーフ*（のことを思い起こさせよ。）彼が以前、（その主*に祈って）呼びかけた時のこと[1]。われら*は彼に応え、彼とその家族を、この上ない苦悩[2]から救った。 <sup foot_note=>1</sup>,
2560,そしてわれら*は、われら*の御徴を嘘呼ばわりした民から、彼を助けた。本当に彼らは悪の民だったのであり、われら*は彼らを皆、溺れさせたのだ。,
2561,また（使徒*よ）、ダーウード*とスライマーン*（のことを思い起こさせよ）。彼ら二人が、農作地について（争う二人の者を）裁いた時のこと。（それは、）そこに夜中、（一方の）民の羊が侵入して（、別の民の）作物を食べ（荒らし）てしまった時のことだった。われら*は、彼らの裁決に立ち会っていたのである。,
2562,そして、われら*はスライマーン*に、それ（争う両者の利益を公正に配慮すること）についての理解を授けた[1]。－－われら*は（両者の）いずれにも、裁決[2]と知識を授けたのである[3]－－。またダーウード*には、（その主*を）称える*山々と鳥を仕えさせた[4]。そして、われら*は（そのように）する者であった。 <sup foot_note=>1</sup>,
2563,また、われら*は彼（ダーウード*）に、あなた方のための鎧の作り方を教えた[1]。（それは）あなた方を、あなた方の戦い（の中での負傷）から守るためである。ならば、あなた方は（アッラー*の恩恵を）感謝する者なのか？[2] <sup foot_note=>1</sup>,
2564,またスライマーン*には、彼の命令のもと、われら*が祝福した地[1]まで吹いて行く強い風を（仕えさせた）[2]。われら*はもとより、全ての物事を知っていたのである。 <sup foot_note=>1</sup>,
2565,また、シャイターン*らの内から、彼（スライマーン*）のために（海へ）潜り、それ以外の仕事もこなす[1]者たちを（仕えさせた）。われら*は、彼らに対する守護者[2]だったのだ。 <sup foot_note=>1</sup>,
2566,また（使徒*よ）、アイユーブ*（のことを思い起こさせよ）。彼が、「私に災難が降りかかりました。それでも、あなたは慈しみ深い者の中でも、最も慈しみ深いお方であられます」と（言って）、その主*を呼んだ時のこと。[1] <sup foot_note=>1</sup>,
2567,それで、われら*は彼に応え、彼に降りかかった災難を取り除いた。そして、われら*の御許からの慈悲と、崇拝*者たちへの教訓として、彼に家族と、それと同様のものをもう一つ与えた[1]のだ。 <sup foot_note=>1</sup>,
2568,また、イスマーイール*とイドリース*とズル＝キフル*（のことを思い起こさせよ）。（彼らは）いずれも、忍耐*強い者たちの仲間であった。,
2569,そして、われら*は彼を、われら*の慈悲[1]の中に入れてやった。本当に彼らは、正しい者*たちの類いだったのだから。 <sup foot_note=>1</sup>,
2570,また、ズン＝ヌーン[1]（のことを思い起こさせよ）。彼がひどく立腹し、（その民のもとを）立ち去った時のことを[2]。そして彼は、われら*が彼のことを（そのことゆえに、）決して辛い目には遭わせないだろうと思っていた[3]。それで（アッラー*からの苦しい試練に遭い、海で大魚に飲みこまれた時、）彼は闇[4]の中で（主*に、こう）呼びかけたのだ。「あなたの外に、崇拝*されるべきものはありません。あなたに称え*あれ。本当に私は、不正*者の類いだったのです[5]」。 <sup foot_note=>1</sup>,
2571,それでわれら*は彼に応え、彼を苦悩から救い出した。同様に、われら*は信仰者たちを救出するのである。,
2572,また（使徒*よ）、ザカリーヤー*（のことを思い起こさせよ）。彼がその主*に、（こう）呼びかけた時のこと。「我が主*よ、私を（後継ぎもない）孤独な状態に、放り置かないで下さい。あなたは、最善の相続者[1]です」。[2] <sup foot_note=>1</sup>,
2573,それで、われら*は彼に応えて、彼にヤヒヤー*を授け、彼（ザカリーヤー*）のためにその妻を正しくしてやった[1]。本当に彼らは善行に急ぎ、（われら*の褒美を）望み（われら*の罰を）怖れつつ、われら*に祈っていたのであり、われら*に対して恭順[2]な者たちだったのだ。 <sup foot_note=>1</sup>,
2574,また（使徒*よ）、自らの貞操を堅持し、われら*がその内に、われら*の魂[1]から吹き込んでやった女性（マルヤム*のことを、思い起こさせよ）。われら*は彼女とその息子を、（自らの力を示す）全創造物への御徴とした。 <sup foot_note=>1</sup>,
2575,本当にこれら（の預言者*たち）は、あなた方の共同体、一つの共同体[1]である。そしてわれは、あなた方の主*。ならば、われを崇拝*せよ。 <sup foot_note=>1</sup>,
2576,（その後、）彼ら（人々）は自分たちの（宗教上の）事柄において、互いに分裂してしまった。全ての者は、われら*の御許へと帰り行く身なのであ（り、その行いの清算を受け）る。,
2577,そして信仰者でありつつ、正しい行い*をいくらかでも行う者ならば、その努力が蔑ろにされることは絶対にない。本当にわれら*は、彼のために記録する者[1]なのである。 <sup foot_note=>1</sup>,
2578,われら*が滅ぼした町（の民）は、（現世でやり直すため、）戻って来ることを禁じられているのだ。,
2579,やがて、ヤァジュージュ とマァジュージュ[1]（を遮る障壁）が開き放たれ、彼らがあらゆる丘陵地から雪崩落ちてくる時、 <sup foot_note=>1</sup>,
2580,真実の約束（復活の日*）は近づいたのである。そしてどうであろうか、（その日の恐怖が現れると、）不信仰だった者*たちの眼は見開いたままになる。（彼らはこう言うのだ。）「我らが災いよ！[1]私たちは確かに、このことに迂闊でした。いや、私たちは不正*者だったのです」。 <sup foot_note=>1</sup>,
2581,本当に（不信仰者*よ、）あなた方と、あなた方がアッラー*を差しおいて崇めているもの[1]は、地獄へと放り込まれるもの[2]となる。あなた方は、そこに入ることになるのだ。 <sup foot_note=>1</sup>,
2582,もし、これらの者たちが（真に崇拝*に値する）神々であったなら、彼らがそこに入ることはなかったのだ。そして皆[1]、そこに永遠に留まる。 <sup foot_note=>1</sup>,
2583,彼らにはそこで、呻き声[1]（を催す苦痛）があり、彼らはそこで（懲罰の恐怖のため）何も聞こえない。 <sup foot_note=>1</sup>,
2584,本当に、われら*によって最善のものが既に定められている者たち[1]、それらの者たちはそこ（地獄）から遠ざけられる。[2] <sup foot_note=>1</sup>,
2585,彼らは、自分自身の欲するもの[1]の中に永住し、（地獄の）その微かな音さえ聞くことがない。 <sup foot_note=>1</sup>,
2586,（復活の日*、業火が不信仰者*に押し寄せる時の）最大の戦慄が、彼らを悲しませることはない。そして天使*たちは（こう言いつつ）、彼らを迎え入れる。「これが、あなた方が（大いなる褒美を）約束されていた、あなた方の日ですよ」。,
2587,あたかも書（面の上）に頁を折りたたむかのように、われら*が天を折りたたむ[1]、その日。最初の創造を始めたように、われらはそれ（創造）を元通りにするのである[2]。われら*にとって（履行）必須の約束として（、復活を約束したのだ）。本当にわれら*は、もとより（約束を全う）する者だったのである。 <sup foot_note=>1</sup>,
2588,われら*は（守られし碑板*の中で）記した後、（過去の）書簡[1]の中で、確かに（こう）書きとめたのである。「大地は、正しきわが僕たち[2]が継承するのだ[3]」。 <sup foot_note=>1</sup>,
2589,本当にこの（クルアーン*の）中にはまさしく、崇拝*する民にとって十分なもの[1]がある。 <sup foot_note=>1</sup>,
2590,また、（使徒*よ、）われら*があなたを遣わしたのは、全創造物への慈悲ゆえに外ならない。[1] <sup foot_note=>1</sup>,
2591,言え。「私に啓示されたのは、あなた方の崇拝*すべきものが、唯一の神（アッラー*）であるということに外ならない。では一体、あなた方は服従する者（ムスリム*）となるのか？」,
2592,もし、彼らが（イスラーム*に）背を向けるなら、言ってやるのだ。「私はあなた方に、（自分に啓示されたものを）等しく[1]お知らせした。そして私は、あなた方が約束されているもの（懲罰）が、一体近いのか、それとも遠いのか、分からないのだ。 <sup foot_note=>1</sup>,
2593,本当にかれ（アッラー*）は、露わにされる言葉をご存知であり、あなた方が隠すものもご存知である。,
2594,そして私は、それ[1]があなた方への試練であり、暫しの享楽なのかどうかも、分からずにいるのだ」。 <sup foot_note=>1</sup>,
2595,彼（預言者*）は、申し上げた。「我が主*よ、（私たちの間を）真理でお裁き下さい。そして我らが主*は慈悲あまねき*お方、あなた方（不信仰者*）が言うことに対して（私から）援助を乞われるべきお方である[1]」。 <sup foot_note=>1</sup>,
2596,人々よ、あなた方の主*を畏れ*よ。本当に（復活の）その時の地震[1]は、凄まじい出来事なのだから。 <sup foot_note=>1</sup>,
2597,あなた方がそれ（復活の時）を目の当たりにする日（のことを、思い起こせ）。全ての授乳する女性は、授乳していたもの（乳飲み児）を忘れ、赤ん坊を宿していた女性は流産する。またあなたは、（酔いで）錯乱しているのではなく、（恐怖で）錯乱している人々を見る。だが（これらにもまして）、アッラー*の懲罰は厳しいのである。,
2598,人々の中には、知識もなくアッラー*について議論[1]し、あらゆる反抗的なシャイターン*に従う者がいる。 <sup foot_note=>1</sup>,
2599,彼（シャイターン*）には、定められているのである。彼（シャイターン*）を盟友とする者があれば、実に彼はその者を迷わせ、烈火の懲罰へと導くことになると。,
2600,人々よ、もしあなた方が復活の疑惑を抱いているのなら（、あなた方の周りを見てみるがよい）。というのも本当に、われら*はあなた方（の父祖アーダム*）を土から創ったのである[1]。そして（その子孫は）一滴の精液から（一塊の凝血へ）、また一塊の凝血から（一個の肉塊へ）、そして創造が進んだ肉塊、あるいは創造が進んでいない肉塊[2]から（、段階を経て創ったのだ）。（それは、）われら*があなた方に（創造の変遷における、われら*の力を）明らかにするため。われら*は決められた（出産の）時まで、われら*の望む者を子宮の中に留める。その後われら*は、あなた方を子供として（母体から）出し、それから、あなた方が成熟[3]するように（、年齢を重ねさせる）。また、あなた方の中には、（成熟する前に）寿命を全うする者もいれば、（成熟期の後に）最悪の年齢[4]に戻される者もいる。（それは）彼が、知識の（習得）後に何も知らない状態となるため。また、あなたは干上がった大地を見るが、われら*がそこに（雨）水を降らせると、それは振動し、盛り上がり、あらゆる麗しい種類のもの（植物）を芽生えさせるのだ。 <sup foot_note=>1</sup>,
2601,それというのもアッラー*が真実であり、かれが死んだものに生を授けられ、そしてかれには全てのことがお出来だからである。,
2602,また、その時（復活の日*）が疑惑の余地なく到来し、アッラー*は墓の中にいる者を蘇らされるからなのだ。,
2603,また、人々の中には、知識も導きも光明の書もなしに、アッラー*について議論する者がいる。[1] <sup foot_note=>1</sup>,
2604,彼は（人々を）アッラー*の道から迷わせるため、その顔を背けつつ（議論するのだ）。彼には現世において屈辱があり、われら*は彼に復活の日*、焼き尽くす懲罰を味わわせよう。,
2605,（彼には、こう言われる。）「それは、あなたが自ら行ったことゆえ（の応報）。そしてアッラー*が、僕たちに対して（罪もなしに罰する）不正*者などではないためなのだ」。,
2606,人々の中には、アッラー*を覚束ない形で崇拝*する者[1]がいる。そして自分に善いことが起これば、それに安心し、試練が降りかかれば、顔から引っくり返（って反転す）る[2]。彼は現世と来世において、損をしたのだ。それは明らかな損失なのである。 <sup foot_note=>1</sup>,
2607,彼はアッラー*を差しおいて、自分を害もしなければ、益もしないもの[1]に祈る。それこそは、遠い迷いである。 <sup foot_note=>1</sup>,
2608,彼は、むしろ害の方がその益よりも近いもの[1]に祈っている。その庇護者は何と実に醜悪であり、その身寄りは何と実に醜悪であろうか。 <sup foot_note=>1</sup>,
2609,本当にアッラー*は、信仰し、正しい行い*を行う者を、その下から河川が流れる楽園に入れて下さる。本当にアッラー*は、かれがお望みのことをされるのだ。,
2610,（アッラー*は、預言者*ムハンマド*を援助される。）アッラー*が、彼を現世と来世において、決して援助されることなどないと思い込んでいた者は、空へと綱を伸ばし、それから断ち切ってみよ[1]。そして自分の策略が（、自分自身を）憤らせているものを解消してくれるかどうか、見てみるのだ。 <sup foot_note=>1</sup>,
2611,また同様に、われら*はそれ（クルアーン*）を、解明の御徴として下した。そしてアッラー*は（それによって、）かれのお望みになる者を導かれる。,
2612,本当に、信仰する者たち、ユダヤ教徒*である者たち、サービア教徒*たち、キリスト教徒*たち、マジュース教徒[1]たち、シルク*を犯す者たち、実にアッラー*は復活の日*、彼らの間に裁きをお下しになる。本当にアッラー*は、全てのことの証人であられるのだから。 <sup foot_note=>1</sup>,
2613,（使徒*よ、）一体あなたは、まさにアッラー*に向かって、諸天にいる者と大地にいる者、太陽、月、星々、山々、木々、陸を歩く生物、多くの人々がサジダ*するのを、知らないのか？[1]また、多くの者には懲罰が定められた。アッラー*が惨めにし給う者には、栄誉を与えてくれる者などいない。本当にアッラー*は、かれがお望みのことをし給うのだ。（読誦のサジダ*） <sup foot_note=>1</sup>,
2614,これらは、彼らの主*（の教え）に関して言い争う、二つの集団[1]。そして不信仰に陥った者*たち、彼らには火で出来た衣服[2]が切り分けられ、その頭上からは煮えたぎった湯がかけられる。 <sup foot_note=>1</sup>,
2615,それによって彼らの腹の中にあるものと、皮膚は溶け落ちてしまう。,
2616,また、彼らには鉄の金槌があ（り、それで天使*たちに殴打され）る。,
2617,苦悩ゆえにそこから抜け出ようとするたび、彼らはそこに戻される。そして、（こう）言われるのだ。「焼き尽くす懲罰を味わえ」。,
2618,本当にアッラー*は、信仰し、正しい行い*を行う者たちを、その下から河川が流れる楽園に入れて下さる。彼らはそこで金の腕輪や真珠によって飾られ、そこでの彼らの衣服は絹なのだ[1]。 <sup foot_note=>1</sup>,
2619,また彼らは、（現世では）善い言葉へと導かれ[1]、（来世では）称賛されるべき*お方の道へと導かれたのである。 <sup foot_note=>1</sup>,
2620,本当に、不信仰に陥り、アッラー*の道と、ハラーム・マスジド*から阻む[1]者たち（は、損失者である）。それ（ハラーム・マスジド*）は、われら*がそこに居住する者にも、来訪者にも同様に、（信仰する）人々のためとしたもの。不正*にも、そこ（ハラーム・マスジド*）において（真理からの）偏向[2]を望む者には誰であろうと、われら*が痛ましい懲罰の内から味わわせるのだ。 <sup foot_note=>1</sup>,
2621,（預言者*よ、）われら*がイブラーヒーム*に館（カァバ神殿*）の場所を明確にし、準備してやった時のこと（を思い起こさせるがよい。われら*は彼に、こう命じたのだ）。「われに、何ものも並べてはならない[1]。そしてわが館[2]をタワーフ*する者たち、（礼拝のために）立つ者たち、サジダ*しルクーゥ*する者たちのために清めよ[3]。 <sup foot_note=>1</sup>,
2622,また、人々にハッジ*（の義務）を告げよ。そうすれば彼らは徒歩で、そしてありとあらゆる遠い山道をやって来る無数の精悍なラクダに乗って、到来する。,
2623,自分たちの利益[1]に立ち合い、かれ（アッラー*）が自分たちに授けて下さった（捧げ物の）家畜獣[2]に対し、周知の日々[3]にアッラー*の御名を唱えるため（、やって来るのだ）。ならば、そこ（屠殺した家畜の肉）から食べ、みすぼらしい貧者*にも食べさせるがよい。 <sup foot_note=>1</sup>,
2624,それから彼らに、自らの汚れを落とさせ[1]、その誓約[2]を全うさせ、解放された館[3]をタワーフ*させよ」。 <sup foot_note=>1</sup>,
2625,それ（が、アッラー*のご命令）である。（ゆえにそれを厳粛に受け止めよ。）アッラー*の神聖な諸事を厳粛なものとする者ならば、それが彼の主*の御許で、より善いことなのである。また、あなた方に誦んで聞かされるもの[1]を除いて、あなた方には家畜（の食用）が許された。ならば偶像による穢れを避け、偽りの言葉を避けるのだ[2]。 <sup foot_note=>1</sup>,
2626,アッラー*に対して純正[1]に、かれに（いかなるものも）並べることなく（、それらを避けよ）。そしてアッラー*にシルク*を犯す者は誰でも、（その様子は）天から墜落して、鳥が彼をさらってしまうか、あるいは風が彼を遠い場所へと（運び去って）放り落してしまうかのようである[2]。 <sup foot_note=>1</sup>,
2627,それ（が、アッラー*のご命令）である。アッラー*の聖徴[1]を厳粛なものとする者があれば、それは心の敬虔さ*からこそ来るもの。 <sup foot_note=>1</sup>,
2628,あなた方にはそこ（犠牲）に、一定の期間の利益[1]がある。それから、その（捧げる）場所は、解放された館[2]なのだ。 <sup foot_note=>1</sup>,
2629,われら*は全ての（信仰する）共同体に、彼らに授けた家畜獣に対し、彼らがアッラー*の御名を唱えるための儀式[1]を定めた。ならば、あなた方の崇拝*すべきは、一つの神（アッラー*）。では、かれにこそ服従（イスラーム*）せよ。そして（預言者*よ、）謹んで従う[2]者たちに吉報を告げるのだ。 <sup foot_note=>1</sup>,
2630,（彼らは、）アッラー*について言及されれば、その心が慄く者たち。そして自分たちに降りかかったことに対して忍耐*し、礼拝を遵守*し、われら*が彼らに捧げたものの中から費やす[1]者たちである。 <sup foot_note=>1</sup>,
2631,また、ラクダ[1]（の犠牲）。われら*はそれを、あなた方に対するアッラー*の聖徴の一つとした。それには、あなた方にとっての善きもの[2]がある。ならば立ったまま[3]、それにアッラー*の御名を唱え（て屠）るのだ。それで、その体が崩れ落ち（て息絶え）たら、（あなた方自身）そこから食べ、遠慮深い貧者にも、せがむ貧者にも食べさせるがよい。アッラー*はそのように、あなた方が感謝すべく、それ（ラクダ）をあなた方に従わせたのである。 <sup foot_note=>1</sup>,
2632,その血と肉が、アッラー*に届くということでは、断じてない。しかし、あなた方の敬虔さ*が、かれに届くのである[1]。そのようにかれは、それ（ラクダ）をあなた方のために仕えさせられたのだ。（それは）自分たちを導いて下さったことに関し、あなた方がアッラー*の偉大さを称揚*するためである。（預言者*よ、）善を尽くす者[2]たちに吉報を伝えよ。 <sup foot_note=>1</sup>,
2633,本当にアッラー*は、信仰する者たちを（敵から）お守りになる。本当にアッラー*は、欺瞞に満ち、恩知らずな者を、お好きにはならない。,
2634,戦いを仕掛けられる者たち（ムスリム*）に、彼らが（不信仰者*から）不正*を受けていたことゆえの、（戦いの）お許しが出た[1]。そして本当にアッラー*は、まさに彼らの援助がお出来になるお方。 <sup foot_note=>1</sup>,
2635,（彼らは、）ただ「我らが主*は、アッラー*」と言うがゆえに、その故郷から不当にも追い出された者たち。もしアッラー*が人々の一部によって、別の者たち（の不正*）を追いやる（ことを合法化される）ことがなかったならば、（そこで）アッラー*の御名が沢山唱念される修道院も、（キリスト）教会も、（ユダヤ）寺院も、マスジド*も、破壊されてしまっただろう[1]。アッラー*は必ずや、かれ（の宗教）を援助する者をお助けになる[2]。本当にアッラーこそは、強力なお方、偉力ならびない*お方なのだから。 <sup foot_note=>1</sup>,
2636,（われら*が援助を約束した者たちとは、）われら*が彼らに地上で力を授ければ、礼拝を遵守*し、浄財*を払い、善事を命じて悪事を禁じる[1]者たち[2]。そしてアッラー*にこそ、全ての物事の結末は属する[3]。 <sup foot_note=>1</sup>,
2637,（使徒*よ、）もし彼らがあなたを嘘つき呼ばわりするにしても、確かに彼ら以前にも、ヌーフ*の民、アード*、サムード*が（その預言者*たちを）嘘つき呼ばわりしたのである。,
2638,また、イブラーヒーム*の民、ルート*の民も。,
2639,そして、マドゥヤン*の民も。また、ムーサー*も嘘つき呼ばわりされた。それでわれは不信仰者*らに猶予を与えた後、彼らを（懲罰で）捕らえたのだ。（彼らの不信仰に対する）、わが否認はいかなるものだったか？[1] <sup foot_note=>1</sup>,
2640,一体われら*は、どれだけの不正な町（の民）を滅ぼしたことであろう。それら（の町）は、屋根ごと崩れ落ちた[1]のだ。また、（どれだけの）放置された井戸と、聳える城郭を？ <sup foot_note=>1</sup>,
2641,一体、彼らは地上を旅し、分別する心か、聞くことの出来る耳[1]を得ることはなかったのか？というのも本当に（破滅的な盲目とは）、眼が盲目になることではなく、胸の内にある心が盲目になること[2]なのである。 <sup foot_note=>1</sup>,
2642,彼らはあなた（預言者*ムハンマド*）に、懲罰を（下して見せることを）性急に求める[1]。そしてアッラー*はかれのお約束を、決してお破りにはならない。本当に、（復活の日*における）あなたの主*の御許での一日は、あなた方が（現世で）数える千年のようなもの[2]なのである。 <sup foot_note=>1</sup>,
2643,一体われら*は、どれだけ多くの不正*な町（の民）に猶予を与え、それからそれらを（懲罰で）捕らえたのか。われにこそ、（来世での）行き先があ（り、そこでわれは彼らに更なる懲罰を加え）るのだ。,
2644,（使徒*よ、）言え。「人々よ、私はあなた方に対する、明白なる警告者に過ぎない」。,
2645,それで信仰し、正しい行い*を行う者たちには、お赦しと貴い糧[1]がある。 <sup foot_note=>1</sup>,
2646,そして、われら*の御徴（の否定）において、敵対しつつ躍起になっていた者たち、それらの者たちは火獄の徒なのである。,
2647,（使徒*よ、）われら*があなた以前に使徒*や預言者*を遣わせば、（その使徒*や預言者*が啓典を）読誦した時には、決まってシャイターン*がその読誦に（悪い囁きを）放り込んだものなのだ[1]。それからアッラー*は、シャイターン*の放り込むものを消去され、かれのアーヤ*を確固としたものとされる。アッラー*は全知者、英知あふれる*お方。 <sup foot_note=>1</sup>,
2648,（それは、）かれ（アッラー*）が、シャイターン*のが放り込んだものを、心に病がある[1]者たちと、心が硬くなってしまった[2]者たちへの試練とするため。本当に、不正*者たちはまさしく、（アッラー*とその使徒*との）遠い対立の中にある。 <sup foot_note=>1</sup>,
2649,また（それは）、知識を授けられた者たちが、それ（クルアーン*）があなたの主*からの真理であること[1]を知り、そしてそれを（更に強く）信じ、また彼らの心がそれに謹んで従う[2]ようにするため。本当にアッラー*は信仰する者たちを、まっすぐな道[3]へとお導きになるお方。 <sup foot_note=>1</sup>,
2650,不信仰に陥った者*たちは、その時（復活の日*）が突然彼らに訪れるか、彼らに不毛な日（復活の日*）の懲罰が降りかかるかするまで、それ（クルアーン*）を疑わしく思い続けるのだ。,
2651,王権はその日、アッラー*のみに属する[1]。かれは、彼らの間をお裁きになる。それで信仰し、正しい行い*を行った者たちは、安寧の楽園の中にあるのだ。 <sup foot_note=>1</sup>,
2652,また、不信仰に陥り、われら*の御徴を嘘呼ばわりした者たち、それらの者たちこそには屈辱の懲罰がある。,
2653,また、アッラー*の道において移住*し、その後に殺されたり、死んだりした者たち、アッラー*は必ずや彼らによき糧[1]を授けよう。本当にアッラー*、かれこそは最もよく糧を授けられるお方なのだから。 <sup foot_note=>1</sup>,
2654,かれは必ずや、彼らが満足する入り口[1]に、彼らをお入れ下さる。本当にアッラー*こそは、全知者、寛大な*お方であられるのだから。 <sup foot_note=>1</sup>,
2655,それ（が、信仰者のよき結末）である。自分がされたようなやり方で懲らしめ（たものの）、その後（また）侵害された者、アッラー*は必ずや彼をお助けになる。本当にアッラー*こそは、よく寛恕される*お方、赦し深いお方。,
2656,それはアッラー*が（全能であり、）夜を昼の中にお入れになり、昼を夜の中にお入れになる[1]ため。そしてアッラー*が、よくお聞きになるお方、よくご覧になるお方であるためなのだ。 <sup foot_note=>1</sup>,
2657,それはアッラー*こそが（、崇拝*されるべき唯一の）真理であり、彼ら（シルク*の徒）が、かれをよそに祈っているものこそが虚妄であるため。そしてアッラー*こそが、至高の*お方、大いなる*お方であるためなのだ。,
2658,一体あなたは、アッラー*が天から（雨）水を下され、大地が（それによって生育する植物により）緑と化すのを見ないのか？本当にアッラー*は霊妙な*お方、（全てに）通暁されたお方。,
2659,かれにこそ、諸天にあるものと大地にあるもの全ては属する。そして本当にアッラー、かれこそは満ち足りた*お方、称賛されるべき*お方である。,
2660,一体あなたは、アッラー*が地上にあるもの全てと、そのご命令によって海を進む船をあなた方に仕えさせられたのを見ないのか？かれは、かれのお許しによる外は地上に落ちないように、天をお支えになっている。本当にアッラー*は人々に対し、哀れみ深い*お方、慈愛深い*お方。,
2661,またかれは、あなた方に生を与え、それから死なせられ、また生をお与えになるお方[1]。本当に人間はまさしく、恩知らずである。 <sup foot_note=>1</sup>,
2662,われら*は、各共同体に、彼らが奉じる儀式[1]を定めた。ゆえに（使徒*よ、）そのこと[2]において彼ら（シルク*の徒）が、あなたを論駁するようなことがあっては、断じてならない。そしてあなたの主*へと招くのだ。本当にあなたは確かに、まっすぐな導きの上にあるのだから。 <sup foot_note=>1</sup>,
2663,そして、もし彼らがあなたと議論するならば、言ってやるがいい。「アッラー*は、あなた方が行っていることを、最もよくご存知である。,
2664,アッラー*は復活の日*、あなた方が意見を異にしていたことにおいて、あなた方の間に裁きを下されるのだ」。,
2665,（使徒*よ、）一体あなた[1]は、アッラー*が天と地にあるもの全てをご存知になるのを、知らないのか？本当にそれは（余すことなく）、書[2]の中に（記録されて）ある。本当にそれは、アッラー*にとって容易いこと。 <sup foot_note=>1</sup>,
2666,彼らはアッラー*を差しおいて、かれが（崇拝*すべき）いかなる根拠も下されなかったもの、そして自分たちに、それに関するいかなる知識もないものを崇めている。不正*者たちには、援助者など全くない。,
2667,また、われら*の明白な御徴（アーヤ*）が彼らに読誦されれば、あなたは不信仰に陥った者*たちの顔に嫌悪（の表情）を認める。彼らは、彼らに対してわれら*の御徴を読誦する者たちに、襲いかからんばかりである。（使徒*よ、）言ってやれ。「それよりも忌まわしいこと[1]を、あなた方に教えようか？（それは）アッラー*が、不信仰に陥った者*たちに約束した業火である。その行先は、何と醜悪であろうか」。 <sup foot_note=>1</sup>,
2668,人々よ、一つの譬えが挙げられた。ならば、それに耳を傾けよ。本当に、アッラー*を差しおいてあなた方が祈っている者たち[1]、それらは断じて、蠅一匹[2]作れはしない。たとえ、そのために団結したとしても、である。また、もし蠅がそれらから何かを奪っても、それらが、その（奪われた）ものを、それ（蠅）から取り戻すこともできない。求める方も、求められる方も弱い[3]のである。 <sup foot_note=>1</sup>,
2669,彼ら（シルク*の徒）はアッラー*を、真に敬わなかった[1]。本当にアッラー*はまさしく、強力なお方、偉力ならびない*お方であられる。 <sup foot_note=>1</sup>,
2670,アッラー*は天使*たちと人々から、（その教えを人々に伝える）使いをお選びになる。本当にアッラー*は、よくお聞きになるお方。よくご覧になるお方。,
2671,かれは、彼ら[1]の前にあることも、彼らの背後にあること[2]もご存知である。そして全ての物事は、アッラー*の御許にこそ戻されるのだ。 <sup foot_note=>1</sup>,
2672,信仰する者たちよ、あなた方が成功するために、ルクーゥ*し、サジダ*し、あなた方の主*を崇拝し、善行せよ。（読誦のサジダ*）,
2673,また、アッラー*のために、真の奮闘をせよ[1]。かれはあなた方を（イスラーム*の担い手として）お選びになったのであり、かれは、宗教においてあなた方にいかなる困難も課されなかったのだぞ。（この宗教こそ、）かれ（アッラー*）は、使徒*（ムハンマド*）があなた方への証人となり、あなた方が人々への証人となるため[2]に、以前（の諸啓典と）、そしてこの（クルアーン*の）中で、あなた方をムスリム*（服従する者）と名付けた[3]のである。ならば礼拝を遵守*し、浄財*を支払い、あなた方の庇護者*であるアッラー*に縋りつくのだ。（アッラー*という）その庇護者は何と素晴らしいことか、そして、（アッラー*という）その援助者は何と素晴らしいことか。 <sup foot_note=>1</sup>,
2674,信仰者たちは、確かに成功する。,
2675,（彼らは、）その礼拝において、恭順[1]な者たち。 <sup foot_note=>1</sup>,
2676,また戯言[1]から背を向ける者たち。 <sup foot_note=>1</sup>,
2677,また浄財*を実行する[1]者たち。 <sup foot_note=>1</sup>,
2678,また、自らの陰部を（禁じられた物事[1]から）守る者たち。 <sup foot_note=>1</sup>,
2679,但し、自分の妻たち、あるいは自分の右手が所有するもの（奴隷*女性）は別で、本当に彼ら（合法な物事だけを行う者たち）は咎められるものではない。,
2680,そして誰であろうとそれ以上を欲する者、それらの者たちこそは（アッラー*の法の）違反者なのだ。,
2681,また、自らの信託と、自分の契約を厳守する[1]者たち。 <sup foot_note=>1</sup>,
2682,また、自分自身の礼拝を固守する者たち。,
2683,それらの者たちこそは、（天国の）相続人[1]である。 <sup foot_note=>1</sup>,
2684,（彼らは、）フィルダウス[1]を引き継ぐ者たち。彼らはそこに、永遠に留まる者たちとなる。 <sup foot_note=>1</sup>,
2685,われら*は確かに人間（の父祖アーダム*）を、泥土より抽出した物から創った[1]。 <sup foot_note=>1</sup>,
2686,それから、われら*はそれ（人間）を精液の一滴として、しっかりとした定着場[1]に設えた。 <sup foot_note=>1</sup>,
2687,それから、その一滴の精液から一塊の凝血を創り、その一塊の凝血から一個の肉塊を創り、その一個の肉塊から骨を創り、そしてその骨に肉をかぶせ、それから（そこに魂を吹き込み、）別の創造（物）として、それを創り上げた。最善の創造者であられるアッラー*は、祝福に溢れたお方よ。,
2688,それから本当にあなた方は、その後、まさに死に行く身なのだ。,
2689,それから本当に、あなた方は復活の日*、蘇らされるのである。,
2690,われら*は確かに、あなた方の上に七つの重なったもの（天）を創り上げた[1]。そしてわれら*はもとより、創造に関して迂闊だったわけではない[2]。 <sup foot_note=>1</sup>,
2691,また、われら*は天から（雨）水を適度に下し、それを大地に留まらせた。そして実にわれら*は、それを消し去ってしまうことも、確実に出来るのである。,
2692,そしてわれら*はそれ（水）によって、あなた方のためにナツメヤシや葡萄の園を設えた。そこには、あなた方のための豊富な果実があり、あなた方はそこから食べるのである。,
2693,また、シナイ山から生える木[1]を（設えた）。それは油と、（それを）食する者たちへの味付け（をもたらす果実）と共に、生育する。 <sup foot_note=>1</sup>,
2694,また本当に家畜[1]には、あなた方に対しての教示がある。われら*はその腹部にあるもの[2]から、あなた方に飲ませる。そこ（家畜）にはあなた方にとっての多くの利益[3]があり、またあなた方は、そこから食する。 <sup foot_note=>1</sup>,
2695,そしてあなた方は、それ（家畜）と、船の上に（載って）運ばれる。,
2696,われら*は確かに、ヌーフ*をその民へと遣わした。そして彼は言った。「我が民よ、アッラー*を崇拝*せよ。あなた方には、かれの外に、崇拝*すべきいかなるものもないのだから。一体、あなた方は（アッラー*に逆らい、）畏れ*ないのか？」,
2697,彼の民の内の不信仰な有力者らは（人々に向かって、）言った。「これは（預言者*を主張することによって、）あなた方に優越しようとする、あなた方同様の一人の人間に過ぎない。そして、もしアッラー*が（使徒を下すことを）お望みならば、天使*たちを下したであろう[1]。私たちはこのようなことを、私たちの昔のご先祖様（の時代）において、聞いたことはなかったぞ。 <sup foot_note=>1</sup>,
2698,彼は憑き物がついた、一人の男に過ぎない[1]。ならば（彼が正気を取り戻すか、死ぬかするまで）、しばらく彼のことを見守っておけ」。 <sup foot_note=>1</sup>,
2699,彼（ヌーフ*）は、申し上げた。「我が主*よ、彼らが私を嘘つき呼ばわりしますゆえ、私をお助け下さい」。[1] <sup foot_note=>1</sup>,
2700,それでわれら*は、彼に（こう）啓示した。「われら*の眼差しのもと[1]、われら*の啓示によって[2]、船を造れ。そしてわれら*の命令が到来し、焼き窯が噴き出した[3]ら、全て（の生き物）から一つがいずつと、あなたの家族を、そこに乗り込ませよ。但し、彼らの内、既に（懲罰の）言葉が定められていた者[4]は別である。そして、不正*を働いていた者たちのこと[5]で、（その救いを求めて）私に話しかけるのではない。本当に彼らは、溺れ死ぬことになる者たちなのだから。 <sup foot_note=>1</sup>,
2701,それで、あなたと、あなたと共にいる者たちが船に（無事）乗った[1]なら、（こう）言うのだ。『私たちを不正*者である民から救って下さったアッラー*に、全ての称賛*あれ』」。 <sup foot_note=>1</sup>,
2702,また、言うのだ。「我が主*よ、私を祝福多き場所へと到着させて下さい。あなたは、最善の場に到着させて下さるお方です」。,
2703,本当にその中にはまさしく、御徴[1]がある。そしてわれら*は本当に、試練を課す者[2]であった。 <sup foot_note=>1</sup>,
2704,それからわれら*は、彼ら（ヌーフ*の民）の後、別の世代[1]を設けた。 <sup foot_note=>1</sup>,
2705,それで、われら*は彼らに、彼ら自身の内から一人の使徒*を遣わした。（彼は民に、こう言った。）「アッラー*を崇拝*せよ。あなた方には、かれの外に崇拝*すべきいかなるものもないのだから。一体あなた方は（アッラー*に逆らい）畏れ*ないのか？」,
2706,不信仰で、来世における拝謁[1]を嘘呼ばわりし、われらが現世の生活において贅沢を味わわせた、彼の民の有力者らは言った。「これは、あなた方と同様の一人の人間に過ぎない。彼は、あなた方が食べる（同じ）ものから食べ、あなた方が飲む（同じ）ものから飲んでいる。 <sup foot_note=>1</sup>,
2707,そして、もしもあなた方が自分たちと同様の人間に従うならば、そうすれば実にあなた方は、まさしく損失者となってしまうのだ。,
2708,一体、彼（使徒*）は、あなた方が死んで土と骨と化した時、本当にあなた方が（再び生を与えられては墓の中から）出される者になると、あなた方に約束するのか？,
2709,あなた方が約束されているものは、あり得ない、あり得ないのだぞ！,
2710,それは、現世における私たちの生活に過ぎない[1]。私たちは死に、生き（て、世代を交代し続け）るだけ[2]。そして私たちは、蘇らされる身などではないのだ。 <sup foot_note=>1</sup>,
2711,彼はアッラー*に対して嘘をでっち上げた、一人の男に過ぎない。そして私たちは彼のことなど、信じないぞ」。,
2712,彼（使徒**）は、申し上げた。「我が主*よ、彼らが私を嘘つき呼ばわりしますゆえ、私をお助け下さい」。,
2713,かれは仰せられた。「彼らは必ずやもうすぐ、後悔する者となる」。,
2714,（轟く）一声[1]が真理と共に[2]彼らを捕らえ、われら*は彼らを枯れ屑にした。不正*者である民に、滅亡あれ。 <sup foot_note=>1</sup>,
2715,それからわれら*は、彼らの後、（また）いくつもの別の世代を設けた。,
2716,いかなる共同体も、その（滅亡の）期限に先駆けることもなければ、遅れることもない。,
2717,それからわれら*は、われら*の使徒*たちを続けて遣わした。ある共同体にその使徒*が到来するたび、彼ら（共同体の民）は彼（使徒*）を嘘つき呼ばわりした。それでわれら*は、彼らを次から次へと立て続けにし（て滅亡させ）、彼らを（後世へと）語り継がれるものとしたのだ。信仰しない民には、滅亡あれ。,
2718,それからわれら*は、われら*の御徴[1]と紛れもなき証拠[2]と共に、ムーサー*とその兄ハールーン*を遣わした。 <sup foot_note=>1</sup>,
2719,フィルアウン*とその（民の）有力者に。すると彼らは、（信仰を受け入れることに対して、）奢り高ぶった。彼らはご高慢非道な民であった。,
2720,また、彼ら（フィルアウン*たち）は言った。「一体私たちが、私たちと同様の二人の人間を信じるとでも？彼らの民（イスラーイールの子ら*）は、私たちの奴隷*だというのに[1]」。 <sup foot_note=>1</sup>,
2721,そして彼らは二人を嘘つき呼ばわりし、滅亡する者の類いとなった。,
2722,また、われら*は確かに、彼らが導かれるようにと、ムーサー*に啓典（トーラー*）を授けた。,
2723,また、われら*マルヤム*の息子（イーサー*）とその母親を、一つの御徴[1]とした。そして二人を安住と水の流れる台地に住まわせた[2]。 <sup foot_note=>1</sup>,
2724,使徒*たちよ、善きものの内から食べ、正しい行い*を行え[1]。本当にわれは、あなた方が行うことを知って（おり、それで報）いるのだから。 <sup foot_note=>1</sup>,
2725,また（預言者*たちよ）、まさにこれ（あなた方の宗教）は、一つの宗教である、あなた方の宗教（イスラーム*）。そしてわれは、あなた方の主*なのだ。ゆえに、われを畏れ*よ。,
2726,（その後）彼ら（人々）は、自分たちの（宗教上の）事柄において、互いに派を作って分裂してしまった。各派は、自分たちのもの（宗教）に有頂天でいる[1] <sup foot_note=>1</sup>,
2727,ならば（使徒*よ、）彼らをしばらく、彼らの（迷いと無知の）奥底につかり切ったままにしておけ。,
2728,一体彼らは、思い込んでいるのか？われら*が（現世において）彼らに増やしてやる財産や子供、,
2729,（それらによって）われら*が彼らのため、善に急いでいると？いや、（それは彼らの試練なのだが、）彼らは気付いていないのだ。[1] <sup foot_note=>1</sup>,
2730,本当に、自分たちの主*への恐れだけから、（かれの罰に）怯える者たち。[1] <sup foot_note=>1</sup>,
2731,また、自分たちの主*の御徴こそ、固く信じる者たち。,
2732,また、自分たちの主*に対し、決してシルク*を犯さない者たち。,
2733,また、自分たちの主*の御許に戻る身であるがゆえに、心慄きつつ与える（べき）ものを与える者たち。[1] <sup foot_note=>1</sup>,
2734,それらの者たちは、我先にと、善[1]において競い合っているのだ。 <sup foot_note=>1</sup>,
2735,また、われら*はいかなる者にも、その能力以上のものを課したりはしない。そしてわれら*の御許には、真理を語る書[1]があるのであり、彼らが不正*を被ることもない。 <sup foot_note=>1</sup>,
2736,いや、彼らの心はこれ（クルアーン*）から、（迷いによって）すっかり覆われた状態にある。そして彼らには、その外にも、彼らが行っている（悪い）行いがあるのだ[1]。 <sup foot_note=>1</sup>,
2737,やがて、彼らの内の贅沢者たちをわれら*が懲罰[1]で捕えることになれば、どうであろうか、彼らは（助けを求めて）苦しみ喚く。 <sup foot_note=>1</sup>,
2738,今日、（助けを求めて）苦しみ喚くのではない。本当にあなた方は、われら*（の罰）から助けられることなどないのだから。,
2739,わが御徴（アーヤ*）は確かに、あなた方に対して読誦されていた。そしてあなた方は、踵を返して後ずさりしたのである。,
2740,それ[1]ゆえに驕り高ぶり、夜もすがら悪口に興じつつ[2]。 <sup foot_note=>1</sup>,
2741,一体、彼らはその言葉（クルアーン*）を熟慮しないのか？いや、彼らの昔の先祖たちに訪れなかったものが、彼らのもとに到来した（ことが理由で、信じないという）のか？[1] <sup foot_note=>1</sup>,
2742,いや、彼らは自分たちの使徒*（ムハンマド*）を知らず、それで彼を否認するのか？[1] <sup foot_note=>1</sup>,
2743,いや、彼らは、彼が憑かれている[1]とでも言うのか？いや、彼は彼らのもとに真理を携えてやって来たのだが、彼らの多くは真理を嫌うのである。 <sup foot_note=>1</sup>,
2744,もし真理が彼らの欲望に従うようなことがあれば、諸天と大地、そこにあるものは、損なわれてしまったであろう。いや、われら*は彼らに、彼らの栄誉[1]をもたらした。そして彼らは自分たちの栄誉に対し、背を向けているのだ。 <sup foot_note=>1</sup>,
2745,いや、（使徒*よ、）あなたは、彼らに見返りを要求[1]（し、それゆえに彼らは信仰を拒否）するのか？（いや、違う、）というのも、あなたの主*の見返りの方が、より善いのだから。そしてかれは、最もよく糧を授けあれるお方なのだ。 <sup foot_note=>1</sup>,
2746,本当にあなたは、彼らをまさに、まっすぐな道（イスラーム*）へと招いているのである。,
2747,そして本当に、来世を信じない者たちは、（正しい）道からまさに外れてしまっている者たちなのだ。,
2748,もし、われら*が彼らに慈悲をかけ、彼らの害を取り除いてやったら[1]、彼らは彷徨いつつ、自らのひどい放埓さに固執したであろう。 <sup foot_note=>1</sup>,
2749,われら*は確かに、彼らを懲罰[1]で捕えた。そして彼らは自分たちの主*に従順になることもなかったし、おそれ畏まりもしない。 <sup foot_note=>1</sup>,
2750,やがて、われら*が彼らに対して厳しい懲罰[1]の扉を開ける時、どうであろう、彼らはその中で落胆する者となる。 <sup foot_note=>1</sup>,
2751,かれは、あなた方に聴覚と視覚と心を備え付けて下さったお方。あなた方が感謝することの少ないこと。,
2752,また、かれは、あなた方を大地に繁茂させられたお方。そしてかれの御許にこそ、あなた方は召集されるのだ。,
2753,そして、かれは生を与えられ、死を与えられるお方。またかれにこそ、夜と昼の交代は属する。一体あなた方は、分別しないのか？,
2754,いや、彼らは昔の人々が言ったのと同じようなことを言った。,
2755,彼らは言ったのだ。「一体、死んで土と骨と化した後で、本当に私たちが蘇らされる身であるなどというのか？,
2756,私たちと、私たちのご先祖様たちは以前、確かにこれ[1]を約束されたのである。これは昔の人々のお伽噺に外ならない」。 <sup foot_note=>1</sup>,
2757,（使徒*よ、）言ってやれ。「大地と、そこにあるものは誰のものか？もし、あなた方が知っているのであれば」。,
2758,彼らは言うであろう。「アッラー*のものである」。言ってやるのだ。「一体、あなた方は教訓を得ないのか？」,
2759,言ってやれ。「七層の天の主*と、偉大なる御座[1]の主*は誰か？」 <sup foot_note=>1</sup>,
2760,彼らは言うであろう。「（それらは）アッラー*のものである」。言ってやるのだ。「一体、あなた方は畏れ*ないのか？」,
2761,言ってやれ。「その御手に全てのものの絶対なる王権があり、そして（援助を求める者を）お助けになり、かれ（の意）に反しては（誰も）助けられることがないお方は、誰か？もし、あなた方が知っているのならば」。,
2762,彼らは言うであろう。「（それらは全て、）アッラー*のものである」。言ってやるのだ。「ならば一体、あなた方はどうしてまやかされるのか？」,
2763,いや、われら*は彼らに真理をもたらした。本当に彼らはまさしく、嘘つきだったのだ。,
2764,アッラー*は御子など設けてはおられないし、かれと共にある神[1]なども一切ない。（もし）そうならば、きっと全ての神は自らが創ったものと共に（銘々に）去ってしまい、彼らは互いに君臨し（ようとし合っ）たであろう[2]。彼らの言うようなこと[3]から（無縁な）、アッラー*に称え*あれ[4]。 <sup foot_note=>1</sup>,
2765,（かれは）不可視の世界*と現象界[1]をご存知になるお方で、彼らがシルク*を犯しているものから、（無縁で）高遠なお方。 <sup foot_note=>1</sup>,
2766,（使徒*よ、）言うがよい。「我が主よ、もしもあなたが私に、彼らが約束されているもの[1]をまさにお見せになるとしても、 <sup foot_note=>1</sup>,
2767,我が主*よ、私を不正*者である民の中にはおかないで下さい」。,
2768,本当にわれら*は、我らが彼らに約束しているものをあなたに見せることが、まさしく出来る者なのである。,
2769,悪を、より善いものでこそ押しのけよ[1]。われら*は彼らが言うこと[2]を、最もよく知っている。 <sup foot_note=>1</sup>,
2770,また（使徒*よ）、言うがよい。「我が主*よ、私はあなたに、シャイターン*の煽り立てからのご加護を乞います。,
2771,そして我が主*よ、（何事においても、）彼ら（シャイターン*）が私のところにやって来ることからのご加護を、あなたに乞います。,
2772,やがて、彼らの内の者[1]に死が訪れれば、彼は（こう）言う。「我が主*よ、私を（現世に）返して下さい。 <sup foot_note=>1</sup>,
2773,私は、自分が残して来たもの[1]において、正しい行い*をするでしょう」。断じて（、戻ることは出来）ない。本当にそれは、彼が（口先だけで）言っている、ただの言葉に過ぎないのだから。そして彼らの先には、彼らが蘇らされる日まで、障壁[2]がある。[3] <sup foot_note=>1</sup>,
2774,角笛に吹き込まれれば[1]、その日、彼らの間には血縁（の自慢）などもなければ、互いに（安否を）尋ね合うこともない。[2] <sup foot_note=>1</sup>,
2775,それで、その（善行の）秤が重かった者、それらの者たちこそは成功者。,
2776,そして、その秤が軽かった者、それらの者たちは、自らを損ねた者たちであり、地獄に永遠に留まる。,
2777,業火が彼らの顔を焼き焦がし、彼らはそこで（苦痛ゆえに）歯を剥き出す。,
2778,（アッラー*は彼らに、こう仰せられる。）「あなた方には（現世で）、わが御徴が誦まれていたのではないのか？そしてあなた方は、それを嘘呼ばわりしていたのでは？」,
2779,彼らは申し上げる。「我らが主*よ、私たちの不幸が、私たちを制圧してしまったのです。私たちは、迷った民でした。,
2780,我らが主*よ、私たちをここから出して下さい。そしてもし、（再び迷妄へと）戻ってしまったら、本当に私たちは（真に懲罰に値する）不正*者です」。,
2781,かれは仰せられる。「そこに、（惨めなまま）下がっていよ。そしてわれに（これ以上）、話しかけるのではない」。,
2782,本当に、わが僕たちの（信仰者の）一団は、（現世でこう）言っていたものなのだ。「我らが主*よ、私たちは信じました。ならば、私たちをお赦しになり、私たちにご慈悲をおかけ下さい。あなたは慈しみ深い者の中でも、最善のお方です」。[1] <sup foot_note=>1</sup>,
2783,そしてあなた方（不信仰者*）は彼らを、あなた方にわが教訓を忘れさせるほどにまで侮蔑の的とし[1]、彼らを嘲り笑っていたのだ。 <sup foot_note=>1</sup>,
2784,本当にわれはこの日、彼らが（現世で）忍耐*していたことゆえに、彼らこそを成功者とすることで、彼らに報いてやるのだ。,
2785,かれ（アッラー*）は、（地獄の民に）仰せられる。「あなた方は地上で、何年間過ごしたのか？」[1] <sup foot_note=>1</sup>,
2786,彼らは（応えて）申し上げる。「一日か、一日足らずを、過ごしました。ならば、数える者たち[1]にお尋ねください」。 <sup foot_note=>1</sup>,
2787,かれは仰せられる。「あなた方は（現世で）、僅かばかりしか過ごしてはいなかった。もし、あなた方が知っていたならば[1]。[2] <sup foot_note=>1</sup>,
2788,一体あなた方は、われら*があなた方を無意味に創造したと、そしてあなた方が（清算と報いのため）われら*の御許へと戻らされないとでも、思っていたのか？」,
2789,王であり、真理であられるアッラー*は、（そのような無意味な行いから）高遠なお方。貴い御座[1]の主*、かれの外に（真に）崇拝*すべきものはない。 <sup foot_note=>1</sup>,
2790,誰であろうと、アッラー*に並べて別の神[1]を祈る者ーー彼にはそれ（を祈る正当性）において、いかなる根拠もないのだがーー、その清算は、その主*の御許にこそある。本当に不信仰者*らは、成功することがない。 <sup foot_note=>1</sup>,
2791,（預言者*よ、）言うのだ。「我が主*よ、お赦しになり、ご慈悲をおかけ下さい。そしてあなたは、慈しみ深い者の中でも最善のお方です」。,
2792,（これは、）われら*が下し、それ（に沿った行い）を義務づけ、あなた方が教訓を得るようにと、そこにおいて明白な御徴を下した、一つのスーラ*である。,
2793,（非ムフサン*である）姦通した女性と、姦通した男性、彼らはいずれも百回の鞭打ちに処せ[1]。また、あなた方がアッラー*の宗教において、彼らへの憐みに流され（、刑罰の実施を放棄し）てしまうようではならない。もし、あなた方がアッラー*と最後の日*を信じているのなら、である。そして二人の懲罰（の場）には、信仰者たちの一団を立ち合わせよ。 <sup foot_note=>1</sup>,
2794,姦通した男性は、姦通した女性かシルク*の徒の女性としか、結婚しない。また姦通した女性は、姦通した男性かシルク*の徒の男性しか彼女と結婚しない[1]。そしてそれは信仰者にとって、禁じられた[2]のである。 <sup foot_note=>1</sup>,
2795,ムフサンの女性[1]たちを（姦通で）咎めておきながら、その後に四名の証人[2]を連れて来ない者たち、彼らは八十回の鞭打ち[3]に処せ。そして彼らからは（その後）一切、証言を受け入れてはならない。それらの者たちこそは、放逸な者たちなのである。 <sup foot_note=>1</sup>,
2796,但し、その後に悔悟し、（行いを）正した者たちは別であ（り、アッラー*は彼らをお赦しにな）る[1]。本当にアッラー*は赦し深いお方、慈愛深い*お方なのだから。 <sup foot_note=>1</sup>,
2797,また、彼ら自身の外には彼らにとっての証人がいないのに、自分たちの妻を（姦通で）咎める者たち、彼ら各人の証言は、本当に自分が（その主張において）まさしく正直者の一人であるということを、アッラー*に誓って四回証言[1]すること。 <sup foot_note=>1</sup>,
2798,そして五回目（の証言）は、もし彼が嘘つきの類いであったなら、自分自身にアッラー*の呪いあれ、と（いう祈願）。,
2799,また、彼女（夫から訴えられた妻）は、本当に彼（夫）がまさしく嘘つきの類いであるということを四回、アッラー*に誓って証言することで、自分から懲罰を防ぐことが出来る。,
2800,そして、もし彼が正直者の類いであったなら、彼女自身にアッラー*のお怒りあれ、と五回目に（祈願することで）。[1] <sup foot_note=>1</sup>,
2801,そしてもし、あなた方に対するアッラー*のご恩寵とそのご慈悲がなかったならば、また、アッラー*がよく悔悟をお受け入れになる*お方、英知あふれる*お方でなかったのであれば（、あなた方は罪を庇われることもなく、現世で罰されていたのだ）。,
2802,本当にでっち上げ[1]をもたらしたのは、あなた方の内の一団[2]である。それがあなた方にとって、悪いことだと思ってはならない。いや、それはあなた方にとって善いこと[3]なのだ。彼らの内の各々には、自分自身が稼いだ罪（の応報）がある[4]。そして彼らの内、その大半を請け負った者[5]、その者にはこの上ない懲罰がある。 <sup foot_note=>1</sup>,
2803,どうして、あなた方がそれを聞いた時、信仰者男性らと信仰者女性らは、自分自身[1]について、良い方に考えなかったのか？そして「これは、紛れもないでっち上げである」と言わなかったのか？ <sup foot_note=>1</sup>,
2804,どうして彼らは、それに関して、四人の証人を連れて来ないのか？そして証人を連れて来ないなら、それらの者たちはアッラー*の御許において、まさに嘘つきなのである。,
2805,もし、現世と来世において、あなた方へのアッラー*のご恩寵とそのご慈悲がなかったならば、あなた方には自分たちがそれについて喋り立てたことゆえに、この上ない懲罰が及んだであろう。,
2806,あなた方がそれ（でっち上げ）を、あなた方の舌で互いに受け止め（ては言いふらし）、あなた方の口先で、自分たちに全く知識もないことを喋っている時（、あなた方は罪を犯していた）。そして、それがアッラー*の御許で重大なことであるにも関わらず、あなた方はそれを他愛のないことと考えていたのだ。,
2807,どうしてあなた方はそれを聞いた時、（こう）言わなかったのか？「私たちは、このようなことを喋るべきではない。－－あなた（アッラー*）に称え*あれーー。これは、この上ない大嘘である」。,
2808,アッラー*は、あなた方がそのようなことを絶対に繰り返さないよう、あなた方を戒め給う。もし、あなた方が信仰者であるのならば（、繰り返すのではない）。,
2809,そしてアッラー*は、あなた方に御徴[1]を明らかにされる。アッラー*は、全知者、英知あふれる*お方。 <sup foot_note=>1</sup>,
2810,本当に、（ムフサン*である）信仰する者たちの中に醜行[1]が広まることを好む者たち、彼らには現世と来世において痛ましい懲罰[2]がある。アッラー*がご存知なのであり、あなた方は知らないのだ。 <sup foot_note=>1</sup>,
2811,そしてもし、あなた方に対するアッラー*のご恩寵とそのご慈悲がなかったなら、また、アッラー*が哀れみ深い*お方、慈愛深い*お方でなかったならば（、かれはこれらの法規定と訓戒を明らかにはされなかったであろう）。,
2812,信仰する者たちよ、シャイターン*の歩みに従ってはならない。誰であろうとシャイターン*の歩みに従う者、本当に彼は（その者に）醜行と悪事[1]を命じるのである。そしてもし、あなた方に対するアッラー*のご恩寵とそのご慈悲がなかったならば、あなた方の内の誰も決して（自分の罪から）清くなる[2]ことはなかったのだ。だがアッラー*は、かれがお望みになる者をお清めになる。アッラー*は、よくお聞きになるお方、全知者であられるのだ。 <sup foot_note=>1</sup>,
2813,あなた方の内、（宗教的）徳と、（経済的）余裕のある者たちは、近親、貧者*、アッラー*の道において移住*する者たちに（彼らの過ちゆえ、施しを）与えることの放棄を誓ってはならない。そして大目に見、見逃してやるのだ。あなた方は、アッラー*が自分たちのことをお赦しになるのを好まないのか？[1]アッラー*は赦し深いお方、慈愛深い*お方なのである。 <sup foot_note=>1</sup>,
2814,本当に、無頓着[1]で信仰者であるムフサン*の女性[2]たちを（姦通で）咎める者たちは、現世と来世において呪われる[3]。そして彼らには、この上ない懲罰があるのだ。 <sup foot_note=>1</sup>,
2815,彼らの舌、手、足が、彼らが行っていたことについて、彼らに不利な証言をする日（のこと）。[1] <sup foot_note=>1</sup>,
2816,その日アッラー*は、彼らの不正なる報いを、彼らに全うされる。そして彼らは（その日、）アッラー*こそが紛れもない真実[1]であることを知るのだ。 <sup foot_note=>1</sup>,
2817,悪しき女性たちは悪しき男性たちに相応しく、悪しき男性たちは、悪しき女性たちに相応しい。また、善き女性たちは善き男性たちに相応しく、善き男性たちは善き女性たちに相応しい[1]。それらの者たち（善き男女）は、彼ら（悪しき者たち）の言うことから無縁である。彼ら（善き男女）にはお赦しと、（天国での）貴い糧がある。 <sup foot_note=>1</sup>,
2818,信仰する者たちよ、許可を請い[1]、その住人に挨拶するまでは、自分の家でもない家に入ってはならない[2]。それがあなた方にとって、より善いことなのである。あなた方は（そうすることにより）教訓を受けるであろう。 <sup foot_note=>1</sup>,
2819,そして、もしあなた方がそこに誰も見出されなければ、あなた方に許可が出されるまで、そこに入ってはならない。また、もしあなた方に「お引き取り下さい」と言われたら、帰るのだ。それがあなた方にとって、より清いこと[1]なのだから。アッラー*は、あなた方が行う事をご存知のお方。 <sup foot_note=>1</sup>,
2820,誰も住んでおらず、その中にあなた方にとっての益がある家[1]に入っても、あなた方には何の問題もない。アッラー*は、あなた方が露わにすることも、隠すこともご存知である。 <sup foot_note=>1</sup>,
2821,（預言者*よ、）信仰者の男たちに、彼らの視線の一部を（見ることを禁じられた物事[1]から）低め[2]、その陰部を（禁じられた物事[3]から）守るよう、言え。それが彼らにとって、より清い[4]ことなのだから。本当にアッラー*は、彼らが成すことに通暁されておられるお方。 <sup foot_note=>1</sup>,
2822,また、信仰者の女たちに、彼女らの視線の一部を（見ることを禁じられた物事から）低め、その陰部を（禁じられた物事から）守り[1]、現れてしまうものの外は、自分たちの飾りを露わにしない[2]ように言うのだ。また、彼女らのスカーフで、その胸元まできちんと覆わせよ。また、（隠された部位に着けた）自分たちの飾り[3]を、以下の者以外には露わにしてはならない：自分たちの主人（夫）ら。自分たちの父親[4]たち。自分たちの主人の父親たち。自分たちの子供[5]たち。自分たちの主人の子供たち。自分たちの兄弟たち。自分たちの兄弟の子供たち。自分たちの姉妹の子供[6]たち。自分たち（と同様）の女性[7]たち。自分たちの右手が所有する者たち（奴隷*）。男性の内、（女性を）必要としない[8]お付きの者たち。女性の恥部（アウラ*）に関して無知な男児。また、自分たちが隠して（着けて）いる装飾品が（男たちに）分かるようにと、自分たちの足を打ち鳴らしてはならない。あなた方が成功するように、信仰者たちよ、皆アッラー*に悔悟するのだ。 <sup foot_note=>1</sup>,
2823,（信仰者たちよ、自分の後見下にある）あなた方の内の独身者と、あなた方の奴隷*男性と奴隷*女性の正しい者*たち[1]を、結婚させるがよい。もし彼らが貧しくても、アッラー*がそのご恩寵から（彼らにお恵みになり、）彼らを豊かにして下さる。アッラー*は、広量な*お方、全知者であられるのだから。 <sup foot_note=>1</sup>,
2824,また、結婚（の費用）を見出せない者たちは、アッラー*がそのご恩寵から（彼らにお恵みになり）、彼らを豊かにして下さるまで、慎ましくあれ[1]。また、あなた方の右手が所有するもの（奴隷*）の内、（自らを解放する契約の）書を交わすこと[2]を望む者たちとは、書を交わしてやるがよい。もし、あなた方が彼らに善きもの[3]を見出したのであれば、だが。そしてあなた方は、アッラー*が自分たちに授けて下さった、かれの財の一部を彼らに与えてやるのだ[4]。また、現世的利益[5]を求めて、自分たちの（奴隷*）女性に売春を無理強いしてはならない。もし、彼女らが貞節さを望むならば[6]、である。そして彼女らに（売春を）無理強いする者は誰でも（、その罪を負うのは彼自身であり、彼女らは赦されよう）、本当にアッラー*は彼女らへの無理強いの後でも、赦し深いお方、慈愛深い*お方であられるのだから。 <sup foot_note=>1</sup>,
2825,われら*は確かに、あなた方に解明の御徴と、あなた方以前に滅び去った者たちの例えと、敬虔*な者たちへの訓戒を下したのだ。,
2826,アッラー*は、諸天と大地の御光[1]。その御光[2]の様子は、灯火のある壁龕のよう。その灯火は、ガラスの中にある。そのガラスは、あたかも真珠の惑星のようである。（その灯火は）東方のものでもなく西方のものでもない[3]、オリーブの祝福あふれた木（の油）によって灯される。その油は、火がまだついていなくても、（その煌めきゆえに）照らし出さんばかり。光の上に、（更なる）光[4]。アッラー*は、かれがお望みの者を、ご自身の御光へと導かれる。そしてアッラー*は、人々に数々の譬えを挙げられるのだ。アッラー*は、全てのことをご存知である。[5] <sup foot_note=>1</sup>,
2827,アッラー*が、（それが）高められることと、かれの御名が唱念されることをご命じになった館[1]の中で、朝に夕に、そこでかれを称え*る[2]。 <sup foot_note=>1</sup>,
2828,（余りの恐怖ゆえに）心と眼が頻りに反転する（復活の）その日のことを怖れ、アッラー*の唱念や礼拝の遵守*、浄財*の拠出をそっちのけにして商売や売買に勤しむことのない男たちが（、称えるのである）。,
2829,その結果アッラー*は、彼らの行った最善のものにお報いになり、そのご恩寵から彼らに（更に）上乗せし給う。アッラー*はお望みの者に、際限なくお恵みになるのだ。,
2830,不信仰に陥った者*たち、その行いは（たとえ善行を意図していたとしても）、喉がからからに乾いた者が水と思い込む、広漠な大地の蜃気楼のようなもの。やがてそこにやって来れば、そこに何も見出すことはない[1]。そしてそこ[2]でアッラー*を見出し、かれはその（行いの）清算を彼に全うなされる。アッラーは、即座に計算される*お方。 <sup foot_note=>1</sup>,
2831,あるいは（不信仰者*の行いは、）深い海の闇のよう。それを波が覆い、その上には別の波が、そしてその上には雲が重なる。（それは）互いに重なり合う闇。自分の手を出してみても、それはほとんど見えない。そしてアッラー*が光を授けて下さらなかった者には誰であれ、僅かばかりの光もないのだ。[1] <sup foot_note=>1</sup>,
2832,（使徒*よ、）一体あなたは、諸天と大地にいる全ての者と、羽を広げ（つつ飛行す）る鳥が、アッラー*を称え*るのを知らないのか？全ての者は確かに、自分の礼拝と称え*方を知っているのだ[1]。アッラー*は、彼らのすることを全てご存知なお方なのである。 <sup foot_note=>1</sup>,
2833,また、アッラー*にこそ、諸天と大地の王権が属する。そしてアッラー*にこそ、帰り先があるのだ。,
2834,一体あなたは、アッラー*が雲を追いやり、それからそれらを接ぎ合わせ、その後にそれを積雲とされるのを見ないのか？そしてあなたは、雨がその間から（降って）出てくるのを見る。またかれは、空から、そこにある山々（のような大きな雲）から、雹を下される。それでかれは、かれがお望みの者にそれを命中させ、かれがお望みの者からそれを逸らせ給うのだ。その稲光の閃光は、視力を奪わんばかりである。,
2835,アッラー*は夜と昼を、変転させられる。本当にそこにはまさしく、慧眼を有する者たちの教示があるのだ。,
2836,またアッラー*は、水から地上を歩く全ての生物をお創りになった[1]。それでその中には腹ばいに歩くものもいれば、二本の足で歩くものもあり、四本（足）で歩くものもいる。アッラー*は、かれがお望みになるものをお創りになる[2]。本当にアッラー*は、全てのことがお出来になるお方なのだから。 <sup foot_note=>1</sup>,
2837,われら*は確かに、（真理を）解明する御徴を下した。そしてアッラー*は、かれがお望みになる者を、まっすぐな道（イスラーム*）へとお導きになる。,
2838,彼ら（偽信者*たち）は言う。「私たちは、アッラー*と使徒*（ムハンマド*）を信じ、従いました」。それから彼らの内の一派はその後、（信仰から）立ち去ってしまうのだ。それらの者たちは、信仰者ではない。,
2839,また（使徒*ムハンマド*が、彼らの争いにおいて）彼らの間を裁くため、彼らがアッラー*とその使徒*へと招かれることがあれば、どうであろうか、彼らの内の一派は背を向けるのだ。,
2840,そして（イスラーム*の裁決において、）彼らに（その私欲に適う）権利があれば[1]、彼らは彼（預言者*）のところに素直にやって来る。 <sup foot_note=>1</sup>,
2841,一体、彼らの心の内には、病[1]があるのか？いや、彼らは（ムハンマド*の預言者*性について、）疑惑を抱いているのか？いや、アッラー*とその使徒*が、彼らを不当に裁くと怖れているのか？いや、それらの者たちこそ、不正*者なのである。 <sup foot_note=>1</sup>,
2842,アッラー*とその使徒*のもとへと、彼（使徒*）が自分たちの間を裁くために招かれた時、信仰者たちの（言うべき）言葉とは、「私たちは聞き、従いました」と言うことに外ならない。それらの者たちこそは、成功者なのである。,
2843,そして誰であろうと、アッラー*とその使徒*に従い、アッラー*を恐がり、かれを畏れ*る者、それらの者たちこそは勝利者なのだ。,
2844,また彼ら（偽信者*たち）は、もしもあなたが彼らに命じたら必ずや出征すると、躍起になってアッラー*にかけて誓った。（使徒*よ、）言ってやれ。「誓うのではない。（あなた方の）服従は、知れたことなのだから[1]。本当にアッラー*は、あなた方が行うことに通暁されている」。 <sup foot_note=>1</sup>,
2845,（使徒*よ、）言え。「アッラー*に従い、使徒*に従え」。もし、あなた方が背を向けても（問題はない）、彼（使徒*）には彼に課されたものがあり、あなた方にはあなた方に課せられたもの[1]があるだけなのだから。そしてもし、彼に従うのなら、あなた方は導かれよう。使徒*の義務は、（啓示の）明白なる伝達に外ならない。 <sup foot_note=>1</sup>,
2846,アッラー*は、あなた方の内の信仰し、正しい行い*を行う者たちに、（こう）約束された：かれはそれ以前の者たちを継承者[1]とされたように、必ずや彼らを継承者とされる。また必ずや、かれが彼らに対してご満悦なされるその宗教（イスラーム*）を、彼らのために確率して下さり、彼ら（の状況）をその恐怖の後に、安寧へと替えて下さる、と。彼らはわれ[2]を崇拝*し、われに何も並べない。そしてその後に及んで不信仰に陥る者*、それらの者たちこそは放逸な者である。[3] <sup foot_note=>1</sup>,
2847,礼拝を遵守*し、浄財*を支払い、使徒*（ムハンマド*）に従うのだ。あなた方がご慈悲を授かるように。,
2848,不信仰に陥った者*たちが、地上において（アッラー*の懲罰から）逃れられる者だなどと、決して考えてはならない。そして彼らの住処は業火なのだ。その行き先は、何と実に醜悪なことか。,
2849,信仰する者たちよ、あなた方の右手が所有するもの（奴隷*）と、あなた方の内、まだ精通を見ていない者[1]たち（が、あなた方のところに入室する際）には、あなた方に対して三度許しを請わせよ。ファジュル*の礼拝の前と、あなた方が（昼寝のため）自分たちの衣服を脱ぐ真昼の折と、イシャーゥ*の礼拝の後。（これは）あなた方にとっての、三つのアウラ*（が現れる時間帯）[2]である。それら（の時間帯）以外は、あなた方にとっても、彼らにとっても、（許可なく入室することに）お咎めはない。（彼らはあなた方の世話のため、）あなた方を引きっ切りなしに行き来する者たちで、あなた方は互いに行き来するのだから。このようにアッラー*はあなた方に御徴を明らかにされる。アッラー*は全知者、英知あふれる*お方なのだ。 <sup foot_note=>1</sup>,
2850,また、あなた方の子供たちが精通を見たら[1]、彼ら以前の者たち[2]が許可を請うたように、（入室の際には常に）許可を請わせよ。このようにアッラー*は、あなた方にその御徴を明らかにされる。アッラー*は、全知者、英知あふれる*お方。 <sup foot_note=>1</sup>,
2851,また女性たちの内で、結婚を望まない、退いた者[1]たち、彼女らは装飾品でこれ見よがしに飾り立てないようにしつつ、（非マハラム*の前で）その（外）衣を外しても問題はない。そして、（非マハラムの前でも外衣を脱がず、）慎ましくあるのが、彼女らにとってより善いこと。アッラー*は、よくお聞きになるお方、全知者であられる。 <sup foot_note=>1</sup>,
2852,（自分の能力以上の義務を果たせなくても、）視覚に障害ある者に罪はなく、足が不自由な者にも罪はなく、病人にも罪はない[1]。また（信仰者たちよ）、あなた方が（以下の場所で）食べても、問題はない[2]：あなた方の（妻子がいる）家。あなた方の父親たちの家。あなた方の母親たちの家。あなた方の兄弟たちの家。あなた方の姉妹たちの家。あなた方の父方の叔（伯）父たちの家。あなた方の父方の叔（伯）母たちの家。あなた方の母方の叔（伯）父たちの家。あなた方の母方の叔（伯）母たちの家。あなた方がその鍵を所有しているもの[3]。あなた方の友人（の家）。あなた方が全員で、あるいは別々に食べても、問題はない[4]。そしてあなた方が家に入ったら、あなた方自身[5]に、アッラー*の御許からの祝福にあふれた善い挨拶[6]によって、挨拶せよ。このようにアッラー*は、あなた方が分別するようにと、あなた方に御徴を明らかにされるのだ。 <sup foot_note=>1</sup>,
2853,信仰者たちとは、アッラー*とその使徒*を信じる者たちに外ならない。そして彼らは、集まり事[1]において彼（使徒*）と共にある時には、彼に許可を請うまで、（その場を）立ち去らないのである。本当に、あなたに許しを請う者たち、それらの者たちがアッラー*とその使徒*を信じる者たちなのだから。それで彼らが、彼らの何らかの用事ゆえに、あなたに（退出の）許可を請うた時には、彼らの内のあなたが望む者に許可を与え、彼らのためアッラー*に赦しを乞うてやれ。本当にアッラー*は赦し深いお方、慈愛深い*お方なのだから。 <sup foot_note=>1</sup>,
2854,（信仰者たちよ、）あなた方の間における使徒*の呼びかけを、あなた方の互いに対する呼びかけのようにするのではない[1]。アッラー*は、あなた方のもとから（許可もなく）、こそこそ隠れ合いながら出て行くものたちのことを、確かにご存知なのだ。ならば、彼（使徒*ムハンマド*）の命令に違反する者たちは、彼らに試練が襲いかかることを、あるいは彼らに痛ましい懲罰が降りかかることを用心せよ。 <sup foot_note=>1</sup>,
2855,本当にアッラー*にこそ、諸天と大地にあるものは属するのではないか。かれは、あなた方の状況を確かにご存知になっておられるのだ。そして彼らがかれの御許に戻され、かれが彼らに、彼らが行ったことについてお告げになる（復活の）日*も。アッラー*は全てのことをご存知のお方なのだから。,
2856,全創造物への警告者[1]となるべく、その僕（預言者*ムハンマド*）に識別[2]を下されたお方は、祝福にあふれておられる。 <sup foot_note=>1</sup>,
2857,（かれは）諸天と大地の王権がご自身に属し、子供を設けることなく、その王権においていかなる共同者もお持ちにならず、全てをお創りになり、それらを然るべく調整されたお方。,
2858,彼ら（シルク*の徒）は、かれをよそに神々[1]を設けた。（それらは）それら自身が創られたものであり、何も創造することなく、自分自身に対する害も益も有さず[2]、死も生も再生（を司る力）も有してはいない。 <sup foot_note=>1</sup>,
2859,不信仰に陥った者*たちは、言った。「これ（クルアーン*）は彼（預言者*ムハンマド*）が捏造し、別の民[1]がそれに関して彼に手を貸した、でっち上げに外ならない」。そして確かに、彼らは不正*と偽りの言葉を犯したのだ。 <sup foot_note=>1</sup>,
2860,また、彼らは言った。「（クルアーン*は、）彼が描き写させた昔の人々のお伽話で、それは朝夕に、彼に読み聞かされているのだ」。,
2861,（使徒*よ、）言ってやれ。「諸天と大地における秘密をご存知のお方（アッラー*）が、それを彼に下されたのだ。本当にかれは、赦し深いお方、慈愛深い*お方なのだから」。,
2862,また、彼らは言った。「食べ物を口にし、市場を歩く[1]この（自称）使徒*は、一体どういうことか？どうして彼のもとに（その正直さを証言する）天使*が下されて、彼と共に警告者とはならないのか？[2] <sup foot_note=>1</sup>,
2863,あるいは、（どうして）彼に（天から）財宝が下されたり、彼がそこから食する農園が現れたりはしないのか？」不正*者たちは、（信仰者たちに対して）言った。「あなた方は、魔術にかかった男に従っているに過ぎない」。,
2864,（使徒*よ、）見てみよ、彼らがあなたに対して、どんな譬えを挙げ、迷い去り[1]、そして彼らが（正しい）道を見出すことが出来ずにいるかを？ <sup foot_note=>1</sup>,
2865,もしお望みなら、（現世で）あなたにそれ[1]よりも善い物ーーその下から河川が流れる楽園ーーを、そしてあなたに豪邸をお授けになるお方は、祝福にあふれておられる。 <sup foot_note=>1</sup>,
2866,いや、彼らは（復活の）その時を、嘘とした。われら*は、その時を嘘呼ばわりする者に、烈火を用意しておいたというのに。,
2867,それ（地獄の烈火）が彼らを遠い場所から認める時、彼らはそれがいきり立つのと、呻くのを耳にする。[1] <sup foot_note=>1</sup>,
2868,そして、がんじがらめにされて[1]、その中の狭苦しい場所に放り込まれる時、彼らはそこで（自らの）破滅を祈る。[2] <sup foot_note=>1</sup>,
2869,（すると、こう声がかかる。）「この日、あなた方はただ一度だけの破滅を祈るのではなく、何度も破滅を祈るのだ」。[1] <sup foot_note=>1</sup>,
2870,（使徒*よ、）言ってやるがいい。「一体それがより善いのか、それとも敬虔*な者たちが約束された永遠の楽園なのか？それ（楽園）は彼らにとっての褒美であり、行き先なのである」。,
2871,そこには永遠に住む彼らのために、彼らが望むものがある。それはあなたの主*にとって、願われた約束[1]だったのだから。 <sup foot_note=>1</sup>,
2872,そして、かれ（アッラー*）が彼らと、彼らがアッラー*をよそに崇めていたものを召集され（、その崇められていたものに、こう）仰せられる日のこと（を思い起こさせよ）。「一体あなた方が、これらのわが僕たちを迷わせたのか？それとも、彼らが（自ら）道を迷ったのか？」,
2873,彼ら（アッラー*をよそに崇められていたもの）は、言う。「あなたに称え*あれ。あなたを差しおいて庇護者を設けることなど、私たちのすべきことではありませんでした。しかしあなたは、彼らとその先祖が教訓を忘れるまで、彼らを楽しませられました[1]。彼らは、滅亡の民だったのです」。 <sup foot_note=>1</sup>,
2874,（すると、シルク*を犯していた者たちに、こう言われる。）「彼らは、あなた方の言っていることを嘘とした。そしてあなた方は、（自分たちから懲罰を）逸らすことも、（自分たちを）助けることも出来ない。あなた方の内の不正*を働く者には、われら*が甚大な懲罰を味わわせるのだ」。[1] <sup foot_note=>1</sup>,
2875,（使徒*よ、）われら*があなた以前、使徒*たちの内から（誰かを）遣わす時には決まって、彼らは食べ物を口にし、市場を歩いたものだった[1]。また（人々よ、）われら*はあなた方を互いに対する試練[2]としたのである。「果たして、あなた方は忍耐*するのか？」と。あなたの主*はもとより、よくご覧になるお方なのだ。 <sup foot_note=>1</sup>,
2876,また、（来世での）われら*との拝謁を望まない[1]者たちは、言った。「どうして私たちに天使*たちが下されたり、あるいは私たちが自分たちの主*を拝見したりすることがないのか？[2]」彼らは確かに己に自惚れ、度を越して反抗していたのだ。 <sup foot_note=>1</sup>,
2877,彼らが天使*たちを目にする日[1]（のことを、思い起こさせよ。天使*たちは、こう言う）。「この日、罪悪者たちに吉報などない」。そして彼ら（天使*たち）は、言うのだ。「（天国が彼らに、）完全に禁じられたものとなれ！」 <sup foot_note=>1</sup>,
2878,われら*は、彼らが（現世で）行った（一見よい）行いへと向かい、それらをばらばらの塵屑としてしまう。[1] <sup foot_note=>1</sup>,
2879,天国の住人はその日、（地獄の住人）より善い定住の場、より優れた休息の場にある。,
2880,天が割れて、薄い白雲が出現し、天使*たちが次々と下される日（のことを思い起こさせよ）。[1] <sup foot_note=>1</sup>,
2881,その日、真の王権は、慈悲あまねき*お方（アッラー*）に属する[1]。そしてそれは不信仰者*たちにとって、困難な日なのだ。 <sup foot_note=>1</sup>,
2882,不正*者が（悔しがって）自分の両手を噛み、（こう）言う日（のことを思い起こさせよ）。「あぁ、私が使徒*と共に、道[1]を選んでいたらよかったのに！ <sup foot_note=>1</sup>,
2883,我が災いよ[1]、（不信仰な）何某を、親友としなければよかった！ <sup foot_note=>1</sup>,
2884,かれは　確かに、教訓（クルアーン*）が私のもとに到来した時、私をそこから迷わせてしまったのだから」。シャイターン*はもとより、人間に対するとんでもない裏切り者である。[1] <sup foot_note=>1</sup>,
2885,また、使徒*（ムハンマド*）は（主*に訴えて、）言った。「我が主*よ、本当に我が民は、このクルアーン*を放ったらかし[1]にしてしまいました」。 <sup foot_note=>1</sup>,
2886,（あなたにそうしたのと）同様に、われら*は全ての預言者*に、罪悪者たちからなる敵を設けた[1]のである。そして導き手と援助者は、あなたの主*だけで十分だ。 <sup foot_note=>1</sup>,
2887,不信仰に陥った者*たちは、言った。「どうしてクルアーン*は（トーラー*や福音*のように）、彼（預言者*ムハンマド*）に一編に下されないのか？」われら*はそれによってあなたの心を堅固にすべく、（クルアーン*を）そのように（徐々に下）し[1]、またそれを明瞭に区切ったのだ[2]。 <sup foot_note=>1</sup>,
2888,また（使徒*よ）、彼ら（シルク*の徒）があなたに譬え[1]を挙げれば、われら*は決まって、あなたに真理（の回答）と、（それに対する）よりよい説明をもたらすのである。 <sup foot_note=>1</sup>,
2889,（彼らは）顔を下にした逆様の状態[1]で、地獄へと集められる者たち。それらの者たちはより悪い場所にあり、より道を迷った者たちである。 <sup foot_note=>1</sup>,
2890,われら*は確かにムーサー*に啓典（トーラー*）を授け、その兄ハールーン*を彼と共に片腕とした。,
2891,そして、われら*は言った。「（あなた方二人よ、）われら*の御徴[1]を嘘呼ばわりした民のもとへ行（き、彼らを正しい信仰へと招）くのだ」。そして（彼らはムーサー*たちを信じなかったので、）われら*は彼らを徹底的に滅ぼした。 <sup foot_note=>1</sup>,
2892,また、ヌーフ*の民を（滅ぼした）。彼らが使徒*たち[1]を嘘つき呼ばわりした時、われら*は彼らを溺れさせ、彼ら（の溺死）を人々への御徴とした。そしてわれら*は不正*者たちに痛ましい懲罰を用意しておいたのだ。 <sup foot_note=>1</sup>,
2893,また、アード*、サムード*、ラッスの徒*、そしてその間の多くの世代を（滅ぼした）。,
2894,また、われら*は全て（の民）に譬え[1]を挙げ（たが信じなかったので、彼ら）全てを完全に滅ぼした。 <sup foot_note=>1</sup>,
2895,彼らは確かに、忌まわしい雨を降らされた町を訪れた[1]。一体、彼らはそれを（熟慮して）見ていなかったのか？いや、彼らは復活を望んではいなかった[2]のだ。 <sup foot_note=>1</sup>,
2896,また（使徒*よ）、あなたを見れば、彼らはあなたを嘲笑の的とするだけ。（彼らは、こう言うのだ。）「一体これが、アッラー*が使徒*として遣わされた者だって？,
2897,本当に彼は私たちを、私たちの神々（偶像）から迷わせんばかりだった。もし私たちが、それら（の崇拝*）において辛抱強くなかったならば」。彼らはいずれ、彼らが懲罰を目にする時、誰がより道に迷っている者かを知ることになろう。,
2898,（使徒*よ、）言ってみよ、自分の欲望（への服従）を自分の崇拝*すべきもの（への服従）とした者[1]について。一体あなたは、その者に対する代理人[2]なのか？ <sup foot_note=>1</sup>,
2899,いや、あなたは、彼らの大半が（クルアーン*を熟慮して）聞いていると、あるいは分別していると思っているのか？彼らは家畜のようなものに外ならない。いや、彼らは（それら）より道に迷っているのだ。[1] <sup foot_note=>1</sup>,
2900,一体あなたは、あなたの主*がいかに陰を引き伸ばされたかーーかれがお望みになれば、それを静止させ給うたであろうーーを、見ないのか？それからわれら*が、太陽をそれ（陰）に対する目印とされたのを？[1] <sup foot_note=>1</sup>,
2901,それから、われら*はそれ（陰）を、われら*自身の方へと少しずつ掴み寄せる。[1] <sup foot_note=>1</sup>,
2902,かれ（アッラー*）は、あなた方のために夜を衣とし[1]、眠りを休息とし、昼を展開（する時間）[2]とされたお方。 <sup foot_note=>1</sup>,
2903,また、かれはそのご慈悲（雨）の前触れに吉報を告げる風を送ったお方。そしてわれら[1]は、天から清浄な雨を降らせた。 <sup foot_note=>1</sup>,
2904,（それは、）われら*がそれによって死んだ土地を生き返し、われら*が創った家畜や沢山の人間にそれを飲ませるため。,
2905,われら*は確かに、あなた方が教訓を得るべく、あなた方の間にそれ（雨）を振り分けた[1]。そして大半の人々は、（われら*の恩恵に対する）否定以外を拒んだのである。 <sup foot_note=>1</sup>,
2906,また、もしわれら*が望めば、われら*は全ての町に警告者を遣わしたであろう。[1] <sup foot_note=>1</sup>,
2907,ならば不信仰者*らには従わず、彼らとはそれ（クルアーン*）によって[1]大いに奮闘せよ。 <sup foot_note=>1</sup>,
2908,かれ（アッラー*）は、こちらは甘くて美味しく、こちらはしょっぱくて辛いという風に、二つの海を出会わされ、その二つの間に障壁を設けられ、完全に隔離されたお方。[1] <sup foot_note=>1</sup>,
2909,また、かれは水[1]から人間をお創りになり、それ[2]を血縁関係と婚戚関係（からなるもの）とされたお方。もとより、あなたの主*は全能者であられる。 <sup foot_note=>1</sup>,
2910,彼ら（不信仰者*ら）はアッラー*をよそに、（それを崇拝*しても）自分たちを益もしなければ（、崇拝*しなくても）自分たちを害もしないものを崇めている。不信仰者*はそもそも、その主*に対する（シャイターン*の）援助者[1]なのである。 <sup foot_note=>1</sup>,
2911,（使徒*よ、）われら*があなたを遣わしたのは、吉報を伝え、警告を告げる者[1]としてに外ならない。 <sup foot_note=>1</sup>,
2912,言うのだ。「私はそのこと（啓示の伝達）について、あなた方にいかなる見返り[1]も要求してはいない。しかし、自分の主*へと道を選ぼうとする者のみ（、アッラー*ゆえに施すのであり、それは自分自身のために外ならないの）である」。 <sup foot_note=>1</sup>,
2913,そして、死ぬことのない永生する*お方（アッラー*）に全てを委ね、その称賛*と共にかれを称え*よ。その僕たちの罪に通暁されるお方は、かれだけで十分なのである。,
2914,（かれは）諸天と大地と、その間にあるものを六日間でお創りになり[1]、それから御座に上がられた[2]お方で、慈悲あまねき*お方。ならば（預言者*よ）、それ[3]について通暁されたお方（ご自身）に尋ねよ。 <sup foot_note=>1</sup>,
2915,彼ら（不信仰者*たち）に「慈悲あまねき*お方（アッラー*）にサジダ*せよ」と言われた時、彼らは（こう）言った。「慈悲あまねき*お方とは、誰なのか？[1]一体私たちが、あなたが私たちに命じるものにサジダ*するというのか？」それは、彼らが（信仰から）離れ去ることに拍車をかけたのだ。（読誦のサジダ*） <sup foot_note=>1</sup>,
2916,天に正座を設けられ、そこに灯火[1]と照る月を置かれたお方は、祝福にあふれておられる。 <sup foot_note=>1</sup>,
2917,また、かれは夜と昼を、（そこから）教訓を得たい者、あるいは（その恩恵に対し、アッラー*に）感謝を望む者のため、交替するものとされたお方。,
2918,慈悲あまねき*お方（アッラー*）の僕たちとは、地上を慎ましやかに歩く[1]者たち。また無知な者たちが彼らに（嫌なことを）話しかければ、無難なこと[2]を語る者たち。 <sup foot_note=>1</sup>,
2919,また、自分たちの主*に（礼拝しつつ）サジダ*したり、立ったりしながら夜を過ごす者たち。,
2920,また、（こう）言う者たち。「我らが主*よ、私たちから地獄の懲罰を遠ざけて下さい。本当にその懲罰は、ずっと付いて回るものなのですから。,
2921,本当にそれは、定住地、滞在地として忌まわしいものです」。,
2922,また、出費した際には浪費もせず、守銭奴にもならず、その中間に程よくある者たち。,
2923,また、アッラー*と並べて別の神を祈らず[1]、アッラー*が禁じられた者を正当な権利[2]なしには殺さず、姦通しない者たち。それ（らの大罪*）を行う者は誰でも、（来世で）罪（の報い）に出会うのだ。 <sup foot_note=>1</sup>,
2924,復活の日*、彼には懲罰が倍増され、卑しめられつつ、そこで永遠に留まることになる。[1] <sup foot_note=>1</sup>,
2925,但し、悔悟し、信仰し、正しい行い*を行う者、それらの者たちはアッラー*がその悪行を善行に換えて下さる。アッラー*はもとより、赦し深いお方、慈愛深い*お方なのだから。,
2926,また、悔悟し、正しい行い*を行う者、本当に彼はアッラー*に対して、まさしく悔悟しているのである。,
2927,また、偽りには立ち会わず[1]、戯言（が語られている状況）に出逢えば、綺麗に通り過ぎる[2]者たち。 <sup foot_note=>1</sup>,
2928,また、その主*の御徴によって教訓を与えられれば、聾や盲目のようにはならず[1]、それに対して（サジダ*して）崩れ落ちる者たち。 <sup foot_note=>1</sup>,
2929,また、「我らが主*よ、私たちの妻や子孫の内から、私たちに喜び[1]をお授け下さい。そして私たちを、敬虔*な者たちへの導師として下さい」と言う者たち。 <sup foot_note=>1</sup>,
2930,それらの者たち（慈悲あまねき*お方の僕たち）は、彼らの忍耐*ゆえに、（天国の）高き住まいによって報われる。そしてそこで、挨拶と平安[1]を授かるのだ。 <sup foot_note=>1</sup>,
2931,そこで永遠に留まる、それは定住地、滞在地として素晴らしいもの。,
2932,言ってやれ。「もし、あなた方の祈りがないのなら[1]、我が主*はあなた方のことなど、お気にもかけられない。（不信仰者*たちよ、）あなた方は確かに、嘘つき呼ばわりしたのだから。ならば、やがて（あなた方には、）それ（懲罰）が必然となろう」。 <sup foot_note=>1</sup>,
2933,ター・スィーン・ミーム[1]。 <sup foot_note=>1</sup>,
2934,それは、解明する啓典[1]の御徴（アーヤ*）である。 <sup foot_note=>1</sup>,
2935,（使徒*よ、）彼らが信仰者とならないがゆえに、あなたは（悲しみで）身を切り裂く思いであろう。,
2936,もしわれら*が望めば、われら*は天から彼らの上に御徴[1]を下し、彼らの首[2]はそれに屈服するようになるのだから。[3] <sup foot_note=>1</sup>,
2937,また、慈悲あまねき*お方（アッラー*）から彼らのもとに新たな教訓がやって来ても、彼らは決まってそれに背を向けたものだった。,
2938,彼らは確かに、（クルアーン*を）嘘よばわりしたのだから。ならば、直に彼らのもとに、彼らが嘲笑していたもの（懲罰）の知らせが訪れよう。,
2939,一体、彼らは大地を見ないのか？われら*がそこで、どれだけ多くのあらゆる貴い種類のもの（植物）を、生育させたかを？,
2940,本当にそこにはまさしく、（アッラー*の御力を示す）御徴がある。彼らの大半は信仰者ではなかったのだ。,
2941,そして本当にあなたの主*、かれこそは威力ならびない*お方、慈愛深い*お方であられる。,
2942,あなたの主*がムーサー*に対し、（こう）呼びかけられた時のこと（を思い起こさせよ）。「不正*者である民のもとへ行け。,
2943,フィルアウン*の民のもとへ。一体彼らは、（アッラー*の懲罰を）畏れないのか？」,
2944,彼（ムーサー*）は、申し上げた。「我が主*よ、本当に私は、彼らが私を嘘つき呼ばわりするのが怖いのです。,
2945,また、私の胸は（苦悩で）狭まり[1]、私の舌は滑らかに動いてくれません[2]。ならば（啓示と共に、ジブリール*を）、ハールーン*にお遣わし下さい[3]。 <sup foot_note=>1</sup>,
2946,私には、彼らに対する罪（という負い目）があり[1]、彼らが私のことを殺すのが怖いのです」。 <sup foot_note=>1</sup>,
2947,かれ（アッラー*）は仰せられた。「断じて（、彼らはあなたを殺さ）ない。そして（あなた方二人よ）、われら*の御徴[1]と共に行くのだ。本当にわれら*は、あなた方と共にあり、聞く者[2]となるから。 <sup foot_note=>1</sup>,
2948,そしてフィルアウン*のもとへ赴き、言うのだ。『本当に私たちは、全創造物の主*（から）の使徒*なのです。,
2949,私たちと共に（行くために）、イスラーイールの子ら*を自由にして下さい』」。[1] <sup foot_note=>1</sup>,
2950,彼（フィルアウン*）は言った、「私たちは、幼少のあなた（ムーサー*）を私たちのもとで育ててやり、あなたは私たちのもとで、あなたの人生の何年かを過ごしたのではなかったか？[1] <sup foot_note=>1</sup>,
2951,またあなたは、あなたがやった、あなたの行い[1]をしでかした。あなたは、恩知らずな者[2]たちの類いなのだ」。 <sup foot_note=>1</sup>,
2952,彼（ムーサー*）は、言った。「私は、自分が（使徒*としての使命を授かる前の）迷い人であった時に、それをやってしまったのです。,
2953,それで私は、（自分が殺されるのではないかと）あなた方を怖れた時、あなた方から逃げました。そして我が主*は私に英知[1]をお恵みになり、私を使徒*の一人とされたのです。[2] <sup foot_note=>1</sup>,
2954,そしてそれが、あなたが私に着せている恩なのですかーーあなたが、イスラーイールの子ら*を隷従させたというーー？」。[1] <sup foot_note=>1</sup>,
2955,彼（フィルアウン）は言った。「全創造物の主とは、何なのかね？」,
2956,彼（ムーサー*）は、言った。「（それは）諸天と大地、その間にある全てのものの主*です。もしあなた方が、確信する者であるならば（信じて下さい）」。,
2957,彼（フィルアウン*）は、周りの者たちに言った。「おい、あなた方は、（この突拍子もないことを）聞いているのか？」[1] <sup foot_note=>1</sup>,
2958,彼（ムーサー*）は、言った。「（アッラー*は、）あなた方の主*と、あなた方の先代の先祖の主です」。[1] <sup foot_note=>1</sup>,
2959,彼（フィルアウン*）は言った。「本当に、あなた方に遣わされたあなた方の使徒*は、まさしく憑かれた者[1]だ」。 <sup foot_note=>1</sup>,
2960,彼（ムーサー*）は、言った。「（アッラー*は）東と西、その間にある全てのものの主*。あなた方が分別するのであれば（、信仰するでしょうに）」。,
2961,彼（フィルアウン*）は言った。「もしも、あなたが私以外の神[1]を設けるのなら、私は必ずや、あなたを囚人の一人にしてやるぞ」。 <sup foot_note=>1</sup>,
2962,彼（ムーサー*）は、言った。「もし、私があなたに明白なもの[1]を披露して差し上げたとしても（、私を投獄しますか）？」 <sup foot_note=>1</sup>,
2963,彼（フィルアウン*）は言った。「ならば、それを披露してみよ。もしあなたが正直者の類いならば、だが」。,
2964,彼（ムーサー*）は、自分の杖を投げた。するとどうしたことか、それは紛れもない一匹の大蛇となった。,
2965,また、彼が自分の手を（懐に入れてから）出すと、どうだろう、それは観衆の前に白くなって現れた。,
2966,彼（フィルアウン*）は、その周りの有力者たちに言った。「本当にこれはまさしく、習熟した魔術師だぞ。,
2967,（彼は）その魔術で、あなた方をあなた方の地から追い出したいのだ。では、あなた方は、何を命じるか？」,
2968,彼らは言った。「彼とその兄（ハールーン*）のことは後回しにされて、（ムーサー*に対抗するための魔術師たちを）召集する者たち（兵隊）を、町々にお遣わし下さい。,
2969,そうすれば、彼らはあなたのもとに、あらゆる習熟した腕の立つ魔術師を参上させることでしょう」。,
2970,そして、定められた日のある時刻に、魔術師たちは集められた。[1] <sup foot_note=>1</sup>,
2971,そして人々には、（こう）言われた。「あなた方は、集合するのか？」[1] <sup foot_note=>1</sup>,
2972,（人々は言った。）「私たちは、魔術師たちに従おう。彼らこそが勝利者となったならば」。,
2973,そして魔術師たちはやって来ると、フィルアウン*に言った。「本当に私たちには、ご褒美がありますでしょうか？もし、私たちが（ムーサー*に）勝利したならば」。,
2974,彼（フィルアウン*）は言った。「あぁ。本当にあなた方は、そうしたら、きっと側近の仲間となろう」。,
2975,ムーサー*は彼らに言った。「あなた方が投げる物を、投げるがよい」。[1] <sup foot_note=>1</sup>,
2976,それで彼らは、「フィルアウン*の威信に誓って。本当に私たちこそは、勝利者だ」と言いながら、自分たちの縄と杖を投げた。[1] <sup foot_note=>1</sup>,
2977,それでムーサー*は、自分の杖を投げた。するとどうであろう、それは（一匹の大蛇となって、）彼らがまやかすものを呑み込んでしまう。,
2978,そして魔術師たちは、（それが魔術ではなく、アッラー*の御徴であることを知り、）サジダ*しつつ崩れ落ちた。[1] <sup foot_note=>1</sup>,
2979,彼らは言った。「私たちは、全創造物の主*を信じました。,
2980,ムーサー*とハールーン*の主*を」。,
2981,彼（フィルアウン*）は言った「私があなた方に許可を出す前に、あなた方は（ムーサー*を）信じた。本当に彼はまさしく、あなた方に魔術を教えた、あなた方の親玉だからだ。ならば、あなた方はきっと（自分たちの失敗を）知ることになろう。私は必ずや、あなた方の手と足を交互に切り落とし、あなた方全員、磔にしてやろう」。,
2982,彼ら（魔術師たち）は言った。「全く差し障りはございません。実に私たちは、我らが主*の御許へと戻り行く身なのですから。,
2983,本当に私たちは、自分たちが信仰者の先駆けとなったことで、私たちの主*が私たちのために、私たちの過ちをお赦しになることを望んでいるのです」。,
2984,われら*はムーサー*に（こう）啓示した。「われら*の僕たち（イスラーイールの子ら*）を連れて夜に、（エジプトを）旅立つのだ。実にあなた方は、追われる身となるのだから」。[1] <sup foot_note=>1</sup>,
2985,フィルアウン*は（彼らがエジプトを脱出したことを知ると）、（軍を）召集する者たち（兵隊）を町々に遣わした。,
2986,（フィルアウン*は言った。）「本当にこれらの者たち[1]は、全くちっぽけな集団である。 <sup foot_note=>1</sup>,
2987,本当に彼らは、まさに私たちを憤らせる[1]者たち。 <sup foot_note=>1</sup>,
2988,そして本当に私たちは、まさしく全員、警備万端なる者なのだ」。,
2989,われら*は、彼ら（フィルアウン*とその民）を果樹園と泉（の土地エジプト）から追い出した。,
2990,また、財宝（の宝庫）と、上等な居場所から。,
2991,（彼らの出征は、）そのような次第であった。そしてわれら*はそれら[1]を、イスラーイールの子ら*に受け継がせたのだ。[2] <sup foot_note=>1</sup>,
2992,こうして彼ら（フィルアウン*とその軍勢）は、太陽が昇ると共に、彼ら（イスラーイールの子ら*）を追った。,
2993,二つの集団がお互いの姿を認めた時、ムーサー*の仲間たちは言った。「本当に我が主*は私と共にあるのであり、かれは私を（救いの道へと）お導き下さろう」。,
2994,彼（ムーサー*）は言った。「断じて（、追いつかれはし）ない。本当に我が主*は私と共にあるのであり、かれは私を（救いの道へと）お導き下さろう」。,
2995,われら*はムーサー*に、「あなたの杖で、海を叩け」と啓示した。（彼がそう）すると、それ（海）は割れ、全ての割れた部分は、大きな山のようになった。[1] <sup foot_note=>1</sup>,
2996,そしてわれら*は、外の者たち（フィルアウン*とその軍勢）をそこ（海）へと近づけ（て、そこに入らせ）、,
2997,ムーサー*と、彼と共にあった者たちを全員救い出し、,
2998,それから外の者たち（フィルアウン*とその軍勢）を、（海を閉じて）溺れさせた。,
2999,本当にそこにはまさしく、（アッラー*の御力を示す）御徴[1]がある。彼らの大半は信仰者ではなかったのだ。 <sup foot_note=>1</sup>,
3000,そして本当にあなたの主*、かれこそは威力ならびない*お方、慈愛深い*お方であられる。,
3001,（使徒*よ）、イブラーヒーム*の知らせを、彼らに誦んで聞かせよ。,
3002,彼がその父親と民に、（こう）言った時のこと[1]。「あなた方は何を崇めているのですか？」 <sup foot_note=>1</sup>,
3003,彼らは言った。「私たちは偶像を崇めており、それらに仕え続ける」。,
3004,彼（イブラーヒーム*）は言った。「一体それらは、あなた方が（それらに）祈る時、あなた方のことを聞いてくれるのですか？,
3005,それともそれらは、あなた方を益したり、あるいはあなた方を害したりするのですか？」,
3006,彼らは言った。「いや、私たちは私たちのご先祖様が、そのようにしているのを見出したのだ」。,
3007,彼（イブラーヒーム*）は言った。「それで一体、あなた方は（じっくりと）見てみたのですか？あなた方が崇めてきたものを）？,
3008,あなた方自身と、あなた方の先代のご先祖が（崇めてきたものを）？,
3009,本当にそれらは、私にとっての敵。全創造物の主*だけが違うのです。,
3010,（かれは）私をお創りになったお方で、かれが私を導いて下さります[1]。 <sup foot_note=>1</sup>,
3011,また、かれは私に食べ物をお授けになり、私に飲み物を与えて下さるお方。,
3012,また、私が病気になった時には、かれが私を癒して下さいます。,
3013,また私を（現世で）死なせ、それから、（復活の日*に）私を生かして下さるお方。,
3014,また報いの日*には、我が過ちをお赦し下さることを、私が所望するお方」。,
3015,（イブラーヒーム*は、主*に祈って言った。）「我が主*よ、私に英知[1]を授けて下さい。そして私に、正しい者*たちの仲間入りをさせて下さい。 <sup foot_note=>1</sup>,
3016,また後代の者たちにおいて、私に対する（人々の、）素晴らしい（賛美の）言葉[1]をお恵み下さい。 <sup foot_note=>1</sup>,
3017,また私を、安寧の楽園を相続する[1]者の一人として下さい。 <sup foot_note=>1</sup>,
3018,また、私の父をお赦し下さい[1]。本当に彼は、迷った人々の一人だったのですから。 <sup foot_note=>1</sup>,
3019,そして彼らが蘇らされる日に、私を辱めないで下さい、,
3020,財産も子供も役に立たないその日に。,
3021,但し、健全な心[1]と共にアッラー*の御許に参じた者は別ですが」。 <sup foot_note=>1</sup>,
3022,楽園は、敬虔*な者たちに近寄せられる。,
3023,また火獄は、逸脱者たち[1]の前に露わにされる。 <sup foot_note=>1</sup>,
3024,そして彼らには、（こう）言われる。「あなた方が崇めていたものは、どこなのか、,
3025,アッラー*をよそにして？一体彼らは、あなた方を（アッラー*の懲罰から）助けてくれるのか？それとも彼らは、自分自身を（そこから）救うというのか？」,
3026,彼らと逸脱者たち[1]は、そこにい逆様に（何度も何度も）投げ集められる。 <sup foot_note=>1</sup>,
3027,そしてイブリース*の軍勢も、全員。,
3028,彼らはそこで、（自分たちを迷わせた者たちと）言い争いながら、（こう）言う。,
3029,「アッラー*に誓って、本当に私たちは、まさに明らかな迷いの中にあった。,
3030,私たちがあなた方を、全創造物の主に並べて（崇拝*して）いた時。,
3031,私たちを迷わせたのは、罪悪者たち[1]以外の何ものでもない。 <sup foot_note=>1</sup>,
3032,そして私たちには、いかなる執り成し手もなく[1]、 <sup foot_note=>1</sup>,
3033,近しい友人もいない。,
3034,もし私たちに（現世に）戻ることが出来、それで信仰者の仲間となれたら（、よかったのだが）」。[1] <sup foot_note=>1</sup>,
3035,本当にそこ[1]にはまさしく、（アッラーの唯一性*とシルク*の誤りを示す）御徴[2]がある。彼ら[3]の大半は信仰者ではなかったのだ。 <sup foot_note=>1</sup>,
3036,そして本当にあなたの主*、かれこそは偉力ならびない*お方、慈愛深い*お方であられる。,
3037,ヌーフ*の民は、遣わされた者（使徒*）たち[1]を、嘘つき呼ばわりした。 <sup foot_note=>1</sup>,
3038,彼らの同胞であるヌーフ*が、彼らに（こう）言った時のこと[1]。「一体あなた方は、（アッラー*を）畏れ*ないのか？ <sup foot_note=>1</sup>,
3039,本当に私は、（啓示の伝達において）あなた方への誠実な使徒*である。,
3040,ならばアッラー*を畏れ*、私に従うのだ。,
3041,そして、私はそれ（啓示の伝達）ゆえに、あなた方にいかなる見返りも要求してはいない。私の見返りは、全創造物の主*から以外にはないのだから。,
3042,ならばアッラー*を畏れ*、私に従え」。,
3043,彼ら（ヌーフ*の民）は、言った。「一体私たちが、あなたを信じるというのか？最底辺の者たちが、あなたに従っているというのに？」,
3044,彼（ヌーフ*）は言った。「彼らが行っていたことを私が知ったところで、何になるのか？,
3045,彼らの（行いや内心に対する）勘定は、我が主*のみに任されたもの。もし、あなた方が気付いてくれれば。,
3046,そして私は、信仰者たちを追いやる者ではない。,
3047,私は明白なる警告者でしかないのだ」。[1] <sup foot_note=>1</sup>,
3048,彼ら（ヌーフ*の民）は言った。「もしもあなたが（その宗教へ招くのを）止めなければ、ヌーフ*よ、必ずやあなたは（石で）打ち殺される[1]者となろう」。 <sup foot_note=>1</sup>,
3049,彼（ヌーフ*）は言った。「我が主*よ、本当に我が民は、私を嘘つき呼ばわりしました。,
3050,ゆえに私と彼らの間に、裁決をお下しになり、私と、信仰者たちの内で私と共にある者を救って下さい」。,
3051,それでわれら*は彼と、彼と共にある者を満載された船で救った。,
3052,それから（ヌーフ*らを救った）後、（信仰を拒んだ）残りの者たちを溺れさせた。,
3053,本当にそこにはまさしく、御徴がある。彼らの大半は信仰者ではなかったのだ。,
3054,そして本当にあなたの主*、かれこそは偉力ならびない*お方、慈愛深い*お方であられる。,
3055,アード*は、遣わされた者（使徒*）たち[1]を、嘘つき呼ばわりした。 <sup foot_note=>1</sup>,
3056,彼らの同胞であるフード*が、彼らに（こう）言った時のこと[1]。「一体あなた方は、（アッラー*を）畏れ*ないのか？ <sup foot_note=>1</sup>,
3057,本当に私は、（啓示の伝達において）あなた方への誠実な使徒*である。,
3058,ならばアッラー*を畏れ*、私に従うのだ。,
3059,そして、私はそれ（啓示の伝達）ゆえに、あなた方にいかなる見返りも要求してはいない。私の見返りは、全創造物の主*から以外にはないのだから。,
3060,一体、あなた方は徒らに、あらゆる高台に塔を建てる[1]のか？ <sup foot_note=>1</sup>,
3061,また、自分たちがあたかも永遠に生きるかのように、城郭[1]を造るのか？ <sup foot_note=>1</sup>,
3062,そしてｍあなた方が（誰かを）制圧する時には、暴虐的に制圧するのだ。,
3063,ならばアッラー*を畏れ*、私に従え。,
3064,そしてあなた方に、あなた方が知っているもの（である各種の恩恵）を供給し給うたお方を畏れ*よ。,
3065,あなた方に、家畜と子供を供給し給い、,
3066,また果樹園と泉を（供給し給うたお方を）。,
3067,本当に私はあなた方に、偉大なる日の懲罰を怖れているのだ」。,
3068,彼らは言った。「あなたが訓戒しようと、訓戒者の類いではなかろうと、私たちには同じこと。,
3069,これは昔の人々の習いに過ぎず、[1] <sup foot_note=>1</sup>,
3070,私たちは、（たとえ蘇らされたとしても、）罰される身などではないのだから」。,
3071,こうして彼らは、彼（フード*）を嘘つき呼ばわりし、われら*は彼らを滅ぼした。本当にそこにはまさしく、（アッラー*の御力を示す）御徴がある。彼らの大半は信仰者ではなかったのだ。,
3072,そして本当にあなたの主*、かれこそは偉力ならびない*お方、慈愛深い*お方であられる。,
3073,サムード*は、遣わされた者（使徒*）たち[1]を、嘘つき呼ばわりした。 <sup foot_note=>1</sup>,
3074,彼らの同胞であるサーリフ*が、彼らに（こう）言った時のこと[1]。「一体あなた方は、（アッラー*を）畏れ*ないのか？ <sup foot_note=>1</sup>,
3075,本当に私は、（啓示の伝達において）あなた方への誠実な使徒*である。,
3076,ならばアッラー*を畏れ*、私に従うのだ。,
3077,そして、私はそれ（啓示の伝達）ゆえに、あなた方にいかなる見返りも要求してはいない。私の見返りは、全創造物の主*から以外にはないのだから。,
3078,一体あなた方は、ここにそのまま安泰な状態[1]で放っておかれるというのか？ <sup foot_note=>1</sup>,
3079,果樹園と泉の中で、,
3080,そして農作物と、その莢（から出た果実）が熟れたナツメヤシの中で？,
3081,またあなた方は器用に[1]、山々をくり貫いて家としている。 <sup foot_note=>1</sup>,
3082,ならばアッラー*を畏れ*、私に従うのだ。,
3083,そして、（罪に）度を越した者たち[1]の命令に従うのではない。 <sup foot_note=>1</sup>,
3084,地上で腐敗*を働き、正しいことをしない者たち（の命令）に」。,
3085,彼ら（サムード*）は言った。「実にあなたは、ひどい魔術にかかった者である。,
3086,あなたは、私たちと同様の一人の人間でしかない。ならば、御徴[1]を持って来い。もし、あなたが本当のことを言っているのならば、だが」。 <sup foot_note=>1</sup>,
3087,彼（サーリフ*）は言った。「これは、（アッラー*が岩山から出して下さった）雌ラクダである。それには水（の割り当て）があり、あなた方にも決められた日の水（の割り当て）がある。[1] <sup foot_note=>1</sup>,
3088,また、それに危害を加えることで、偉大なる日の懲罰があなた方に襲いかかるようなことになってはならない。,
3089,こうして彼らは、その（雌ラクダの）腱を切り[1]、後悔する者となった。 <sup foot_note=>1</sup>,
3090,そして懲罰[1]が、彼らを襲った。本当にそこにはまさしく、御徴[2]がある。彼らの大半は信仰者ではなかったのだ。 <sup foot_note=>1</sup>,
3091,そして本当にあなたの主*、かれこそは偉力ならびない*お方、慈愛深い*お方であられる。,
3092,ルート*の民は、遣わされた者（使徒*）たち[1]を、嘘つき呼ばわりした。 <sup foot_note=>1</sup>,
3093,彼らの同胞であるルート*が、彼らに（こう）言った時のこと[1]。「一体あなた方は、（アッラー*を）畏れ*ないのか？ <sup foot_note=>1</sup>,
3094,本当に私は、（啓示の伝達において）あなた方への誠実な使徒*である。,
3095,ならばアッラー*を畏れ*、私に従うのだ。,
3096,そして、私はそれ（啓示の伝達）ゆえに、あなた方にいかなる見返りも要求してはいない。私の見返りは、全創造物の主*から以外にはないのだから。,
3097,一体あなた方は、創造物（である人類）の内の男性に近寄る[1]というのか？ <sup foot_note=>1</sup>,
3098,あなた方の主*があなた方のためにお創りになった、自分たちの妻を放ったらかしにして？いや、あなた方は（アッラー*の法の）違反者である民である」。,
3099,彼ら（ルート*の民）は言った。「もしもあなたが（私たちへの批判を）止めないのなら、ルート*よ、あなたは必ずや（町[1]から）追放される者となろう」。 <sup foot_note=>1</sup>,
3100,彼（ルート*）は言った。「本当に私は、あなた方の行いを嫌悪する者の一人である。,
3101,我が主*よ、私と私の家族を、彼らが行っていること（と、それゆえの懲罰）からお救い下さい」。,
3102,こうしてわれら*は、彼とその家族を皆救った。,
3103,但し、残っ（て滅ぼされ）た者たちの一人だった老女[1]だけは、別だったが。 <sup foot_note=>1</sup>,
3104,それからわれら*は、外の者たち（不信仰者*たち）を全滅させた。,
3105,そして彼らの上に、（石の）大雨を降らせた。警告を受けていた者たち（へ）の雨は、何と忌まわしかったことか。,
3106,本当にそこにはまさしく、御徴がある。彼らの大半は信仰者ではなかったのだ。,
3107,そして本当にあなたの主*、かれこそは偉力ならびない*お方、慈愛深い*お方であられる。,
3108,藪の仲間たち[1]は、遣わされた者（使徒*）たち[2]を、嘘つき呼ばわりした。 <sup foot_note=>1</sup>,
3109,シュアイブ*が、彼らに（こう）言った時のこと[1]。「一体あなた方は、（アッラー*を）畏れ*ないのか？ <sup foot_note=>1</sup>,
3110,本当に私は、（啓示の伝達において）あなた方への誠実な使徒*である。,
3111,ならばアッラー*を畏れ*、私に従うのだ。,
3112,そして、私はそれ（啓示の伝達）ゆえに、あなた方にいかなる見返りも要求してはいない。私の見返りは、全創造物の主*から以外にはないのだから。,
3113,（量る時には）升[1]を全うし、（他人の権利を奪うべく）減らす者となってはならない。 <sup foot_note=>1</sup>,
3114,また、正しい秤で量るのだ。,
3115,また、人々に対し、彼らのもの（権利）を損ねたり、腐敗*を働く者となって、地上で退廃を広めたりしてはならない。,
3116,そして、あなた方と昔の人々の集団を創られたお方を畏れ*よ」。,
3117,彼らは言った。「（シュアイブよ、）あなたは、ひどい魔術にかかった者の一人に過ぎない。,
3118,そしてあなたは、私たちと同様の一人の人間に過ぎないし、本当に私たちはあなたが、まさしく噓つきの類いだと思う。,
3119,ならば、私たちに天の破片を下す[1]がよい。もしあなたが、本当のことを言っているのならば」。 <sup foot_note=>1</sup>,
3120,彼（シュアイブ*）は言った。「我が主*が、あなた方の行っていることを最もよくご存知である」。[1] <sup foot_note=>1</sup>,
3121,こうして彼らは彼を嘘つき呼ばわりし、暗雲の日の懲罰[1]が彼らを襲った。本当にそれは、偉大なる日の懲罰であった。 <sup foot_note=>1</sup>,
3122,本当にそこにはまさしく、（アッラー*の御力を示す）御徴がある。彼らの大半は信仰者ではなかったのだ。,
3123,そして本当にあなたの主*、かれこそは偉力ならびない*お方、慈愛深い*お方であられる。,
3124,実にそれ[1]はまさしく、全創造物の主*から下されたもの。 <sup foot_note=>1</sup>,
3125,（啓示の伝達を）託された魂[1]が、それを携えて降臨したのである。 <sup foot_note=>1</sup>,
3126,（使徒*よ、）あなたが警告者の一人となるべく、あなたの心へと、,
3127,明白なるアラビアの言葉によって。,
3128,また、本当にそれ（クルアーン*）は、まさに先人たちの書巻（啓典）の中に（言及されて）あったのだ。,
3129,一体、イスラーイールの子ら*の学者たちがそれを知っていること[1]が、彼らにとって（あなたの使徒*性とクルアーン*の正当性）の御徴とはならなかったのか？ <sup foot_note=>1</sup>,
3130,また、もしわれら*がそれ（クルアーン*）を、ある異邦人[1]たちに下し、 <sup foot_note=>1</sup>,
3131,（その者が）彼ら[1]にそれを誦んで（聞かせて）も、彼らはそれを信じる者とはならなかったであろう。 <sup foot_note=>1</sup>,
3132,同様に、われら*はそれ[1]を、罪悪者たちの心の中にもを差し入れた。 <sup foot_note=>1</sup>,
3133,彼らは、痛ましい懲罰を目にするまで、それを信じないのである。,
3134,そして彼らが気付かない内に、彼らのもとにそれ（懲罰）が突然到来して、,
3135,（こう）言うことになる（時まで、信じないのだ）。「一体私たちは、猶予される身なのか？」[1] <sup foot_note=>1</sup>,
3136,一体彼らは、われら*の懲罰を性急に求める[1]のか？ <sup foot_note=>1</sup>,
3137,（使徒*よ、）言ってみよ。もし、われら*が彼らを（罰さずに）何年も楽しませておき、,
3138,それから彼らのもとに、彼らが警告されていたもの（懲罰）が訪れたとしたら、,
3139,彼らが楽しまされていたものが、彼らの役に立つことがあるものか？と。,
3140,われら*は警告者たち（を遣わすこと）なしには、いかなる町も滅ぼすことがなかったのだ。[1] <sup foot_note=>1</sup>,
3141,教訓のため（の警告者を）。そしてわれら*はもとより、不正*者ではない。,
3142,また、シャイターン*たちがそれ（クルアーン*）を、（ムハンマド*に）下したのではない。,
3143,そしてそれは彼らにそぐわないことであり、出来もしないのだ。,
3144,本当に彼らは、（天からクルアーン*を）聞くことから、まさに遠ざけられている者たちなのだから。[1] <sup foot_note=>1</sup>,
3145,ならば、あなた[1]は、アッラー*と共に外の神[2]に祈り、それゆえに罰される者となってはならない。 <sup foot_note=>1</sup>,
3146,また（使徒*よ）、一番近い親族に警告せよ。[1] <sup foot_note=>1</sup>,
3147,そして信仰者たちの内、あなたに従った者に、あなたの翼を下ろしてやれ[1]。 <sup foot_note=>1</sup>,
3148,そして、もし彼ら（シルク*の徒）があなたに逆らうのであれば、言うのだ。「本当に私は、あなた方が行っていること[1]から無縁である」。 <sup foot_note=>1</sup>,
3149,また、偉力ならびない*お方、慈悲深い*お方にこそ、全てを委ねる*のだ、,
3150,あなたが（一人礼拝に）立つ時、あなたをご覧になるお方に（全てを委ねよ）。,
3151,また、サジダ*する者たちの中での，あなたの（礼拝の）動作を（をご覧になるお方に）。,
3152,本当にかれこそは、よくお聞きになるお方、全知者であられるのだから。,
3153,（人々よ、）シャイターン*どもが誰に下るのかを、われがあなた方に教えようか？,
3154,彼らは大嘘つきで罪に溺れた、あらゆる者[1]に下るのだ。 <sup foot_note=>1</sup>,
3155,彼ら（シャイターン*）は（天界に）聞き耳を立てる。そして、彼らの大半は嘘つきなのだ。[1] <sup foot_note=>1</sup>,
3156,詩人たち[1]はといえば、彼らに従うのは、逸脱者たち[2]である。 <sup foot_note=>1</sup>,
3157,一体（使徒*よ，）あなたは見なかったのか？彼らがあらゆる谷で右往左往している[1]のを？。 <sup foot_note=>1</sup>,
3158,そして彼らが、自分たちがやりもしないことを言うのを？,
3159,但し、信仰して正しい行い*を行い、アッラー*をよく唱念し、（イスラーム*が不信仰者*の詩人らの風刺によって）不正*を受けた後、（イスラーム*の勝利を）援助した者たち[1]は別である。そして不正*を働いた者たち[2]は、彼らがいかなる戻り場所に戻ることになるか、やがて知ることになろう。 <sup foot_note=>1</sup>,
3160,ター・スィーン[1]。これはクルアーン*と解明する啓典[2]の御印（アーヤ*） <sup foot_note=>1</sup>,
3161,信仰者たちへの導きと，吉報である。,
3162,（彼らは、）来世こそをまさに確信しつつ、礼拝を遵守*し、浄財*を支払う者たち。,
3163,本当に、来世を信じない者たち、彼らに対してわれら*は、その（悪い）行いを目映く見せた[1]。それで彼らは彷徨っているのだ。 <sup foot_note=>1</sup>,
3164,それらの者たちは（現世で）、忌まわしい懲罰がある者たち。そして彼らこそは、まさに来世において最大の損失者なのである。,
3165,（使徒*よ、）本当にあなたは、全知で英知あふれる*お方の御許から、クルアーン*をまさしく授かっている。,
3166,ムーサー*が、その家族に、（こう）言った時のこと（を思い起こさせよ）。「本当に私は、火を見出したのだ。私はそこから、あなた方に火に（道案内の）知らせか、あるいはあなた方が暖を取れるよう、一片の火種をあなた方に持って来るとしよう」。[1] <sup foot_note=>1</sup>,
3167,それで彼がそこにやって来ると、（こう）呼びかけられた。「火の中にある者と、その周りにいる者[1]に祝福あれ。全創造物の主*、アッラー*に称え*あれ。 <sup foot_note=>1</sup>,
3168,ムーサー*よ、本当にわれは，偉力ならびなく*英知あふれるアッラー*である」。,
3169,（アッラー*は仰せられた。）「そして、あなたの杖を投げてみよ」。（それで彼が杖を投げると、それが大蛇となった。）そしてそれが敏捷な小蛇のように躍動するのを目にした時、彼は背を向けて引き下がり、（そこには）戻って来なかった。（アッラー*は仰せられた。）「ムーサー*よ、怖がるのではない。本当にわが御許で、遣わされた者（使徒*）たちが怖がることはないのだから。,
3170,しかし不正*を犯し、それから（罪の）悪の後に、（悔悟という）善きもので換える者（、われはその者を赦してやろう）[1]。実にわれは赦し深い者、慈愛深い*者なのだから。 <sup foot_note=>1</sup>,
3171,また、あなたの手を自分の懐に入れてみよ。そうすれば、それはフィルアウン*とその民への九つの御印[1]（の一つ）として、災い[2]もなしに白くなって出てくる。本当に彼らは（フィルアウン*とその民）は、放逸な者たちだったのだ」。 <sup foot_note=>1</sup>,
3172,こうして彼らはのもとに、明らかなるわれら*の御徴（奇跡）が到達した時、彼らは言った。「これは紛れもない魔術である」。,
3173,そして彼らの心はそれ（奇跡の真実性）を確信しつつも、不正*と傲慢さによって、それを（言葉で）否定した。ならば見よ、腐敗*を働く者たちの結末がいかなるものであったかを？,
3174,また、われら*は確かに、ダーウード*とスライマーン*に知識を授けた。そして彼らは（その知識に則って行い、）言った。「私たちを、信心者であるその僕たちの多く（の者）よりお引き立て下さったアッラー*に全ての称賛*あれ」。,
3175,そしてスライマーン*は、ダーウード*（の預言者*としての使命と、知識と王権）を継ぎ、言った。「人々よ、私たちは鳥の言葉を教えられ、全ての（必要な）ものの内から授けられた。本当にこれこそは、紛れもない恩寵である」。,
3176,そしてスライマーン*のもとに、ジン*、人間、鳥からなる彼の軍勢が召集され、整列させられた。,
3177,やがて彼ら（スライマーン*の軍勢）が蟻の谷に到着した時、一匹の蟻が（その仲間たちに）言った。「蟻たちよ、自分たちの巣に入りなさい。スライマーン*とその軍勢が気づかぬまま、あなた方を（踏みつけて）粉砕してしまっては、決してなりませんよ」。,
3178,すると、彼（スライマーン*）はその言葉を（理解して）笑い出し、微笑んだ[1]。そして言った。「我が主*よ、あなたが、私と私の両親にお恵みになったあなたの恩恵に私が感謝できるように、そしてあなたのお喜びになる正しい行い*を私が行えるようにして下さい。また、あなたのご慈悲によって（天国で）私に、あなたの正しい僕たちの仲間入りをさせて下さい」。 <sup foot_note=>1</sup>,
3179,そして彼（スライマーン）は、鳥たちを探し回って、言った。「ヤツガラシが見えないのは、どういうことか？いや、一体彼は、不在なのか？,
3180,私はきっと彼を厳しい罰で罰するか、あるいはその首をはねてやろう。さもなくば、（不在の言い訳として）はっきりとした証拠を、必ずや私のもとに持ってくるのだ」。,
3181,彼（ヤツガラシ）は少しの間、そのまま（不在）であった後[1]、（スライマーン*のもとにやって来て、）言った。「私は、あなたが把握されなかったことを、把握しました。そしてサバア[2]から、紛れもないお知らせと共に、あなたのもとへとやって来たのです。 <sup foot_note=>1</sup>,
3182,実に私は、彼ら（サバアの民）を治める一人の女性[1]を見つけました。そして彼女は（王が現世で必要とする）全てのものを授けられ、偉大なる御座を有しています。 <sup foot_note=>1</sup>,
3183,私は、彼女とその民が、アッラー*を差しおいて太陽をサジダ*しているのを見ました。そしてシャイターン*が、彼らに、彼ら自身の（悪い）行いを目映く見せ、彼らを道[1]から阻んでおり、彼らは導かれずにいます。 <sup foot_note=>1</sup>,
3184,諸天と大地において潜むもの[1]をお出しになり、あなた方が隠すことも露わにすることもご存じのアッラー*に、彼らがサジダ*しないよう（、彼ら自身の悪い行いを目映く見せているのです）。 <sup foot_note=>1</sup>,
3185,アッラー*は、かれ以外に（真に）崇拝*すべきいかなるものもないお方、偉大なる御座[1]の主*」。（読誦のサジダ*） <sup foot_note=>1</sup>,
3186,彼（スライマーン*）は言った。「お前が本当のことを言っているのか、それとも嘘つきの類いであるか、調べてみよう。,
3187,私のこの書簡を携えて行き、それを彼ら（サバアの民）のもとに落として来るがよい。それから彼らから離れ、彼らがいかに反応するかを見守るのだ」。,
3188,（ヤツガラシがその命令に従って落として行った書簡を読むと、有力者たちを集めて、）彼女（ビルキース）は言った。「名士たちよ、本当に私のもとに、重大な書簡が届きました。,
3189,まさにそれはスライマーン*からのもので、実にそれは、『慈悲あまねく*慈愛深い*アッラーの御名において。,
3190,私（があなた方を招くもの）に対して高慢にならず、服従する者(ムスリム*）となられて、私のもとにいらっしゃるがよい』（というもの）です」。,
3191,彼女は言った。「名士たちよ、私の（この）件について、私にご教示下さい。あなた方が私と（討議のために）同席されない限り、私は何事も決定しません」。,
3192,彼らは言った。「私たちは強力ですし、この上ない勇猛さもあります。そして事は、あなたに委ねられているのです。ですから、あなたが何を命じられるか、ご検討ください」。,
3193,彼女は言った。「本当に王たちが町に(攻め）入れば、それを崩壊させ、その住民の最も高貴な者たちを、最も卑しい者たちとしたものです。ーー彼らは、そのようにするのであるーー[1]。 <sup foot_note=>1</sup>,
3194,それで本当に私は、彼らへの贈り物を送り、使者たちが何を携えて戻って来るか、観察することとします」。,
3195,そして彼（ビルキースの使者）が、スライマーン*のもとに（贈り物を携えて）やって来た時、彼（スライマーン*）は言った。「一体、私に財を援助するというのか？アッラー*が私に授けて下さったもの[1]の方が、あなた方に授けて下さったものよりも善いというのに。いや、あなた方は自分たちの贈り物に有頂天になっているのだ。 <sup foot_note=>1</sup>,
3196,（贈り物を持って、）彼らのもとへ戻るがよい。私たちは必ずや、彼らには到底太刀打ちできない軍勢と共に、彼らのもとに到来しよう。そして必ずや彼らを、惨めに卑しめられた状態で、そこから追い出してやろう」。,
3197,彼（スライマーン*）は言った。「名士たちよ、彼らが服従する者（ムスリム*）として私のもとにやって来る前に[1]、あなた方の誰が、私のところに彼女の御座を持って来るのか？[2]」 <sup foot_note=>1</sup>,
3198,ジン*の内の、あるイフリート[1]が言った。「まことに私めが、あなたがご自身の場所からお立ちになる前に、それをあなたのもとに持って参りましょう。そして、本当に私はそれ（を持って来ること）に対し、実に強く、信用ある者[2]なのです」。 <sup foot_note=>1</sup>,
3199,啓典からの知識を備えた者[1]が言った。「まことに私めは、あなたが視線を移す前に、それをあなたのところへ持って参りましょう」。こうして（その者が御座を持って来ると、）彼（スライマーン*）はそれが確かに自分のところにあるのを見て、言った。「これは、私が果たして感謝するか、あるいは恩知らずとなるか試みるための、我が主*からの恩寵である。感謝する者は、誰でも、感謝することで自分自身を益するに外ならず、恩知らずな者があろうと、本当に我が主*は、（そのような者の感謝を必要とはされない）満ち足りた*お方、（そのような者にもお恵みになる）貴い*お方であられるのだ」。 <sup foot_note=>1</sup>,
3200,彼（スライマーン*）は（、彼の傍に控えている者に）言った。「彼女の御座を、彼女にわからないように（手直し）しておけ。（そうしたら）私たちは、一体彼女が（自分の御座の認知へと）導かれるか、あるいは導かれない者の仲間となるか、見てみるとしよう」。[1] <sup foot_note=>1</sup>,
3201,こうして彼女（ビルキース）が、（スライマーン*のもとに）やって来た時、（彼女はこう）言われた。「あなたの御座は、このようですか？」彼女は言った。「それは、あたかも（私の）それのようです」。（スライマーン*は言った。）「私たちには彼女よりも前に知識[1]が授けられたのであり、私たちは服従する者（ムスリム*）だったのだ。 <sup foot_note=>1</sup>,
3202,彼女がアッラー*をよそに崇めていたものが、彼女を（イスラーム*から）阻んだのだ。本当に彼女は、不信仰者*の民の一人だったのだから」。[1] <sup foot_note=>1</sup>,
3203,彼女に、（こう）言われた。「（宮殿の）中庭にお入りください」。そしてそれを見た時、彼女はそれを水溜まりと思って、自らの両脛を露わにした。彼（スライマーン*）は言った。「実にそれは（その下を水が流れる）、磨き上げられたガラス製の中庭なのです」。彼女は（スライマーン*の王国の偉大さを実感し、）言った。「我が主*よ、本当に私は自分自身に不正*を働いてしまいました。そしてスライマーン*と共に、全創造物の主*アッラー*に服従（イスラーム*）いたします」。,
3204,また、われら*は確かにサムード*に、彼らの同胞であるサーリフ*を遣わした。（サーリフ*は言った。）「アッラー（だけ）を崇拝*せよ」。するとどうであろう、彼らは言い争う二つの派[1]となってしまった。[2] <sup foot_note=>1</sup>,
3205,彼（サーリフ*）は（、不信仰の一派に）言った。「我が民よ、どうしてあなた方は善きものの前に、悪しきものを性急に求める[1]のか？どうしてあなた方は、自分たちがご慈悲を授かるよう、アッラー*にお赦しを乞わない？」 <sup foot_note=>1</sup>,
3206,彼らは言った。「私たちはあなたと、あなたと共に（あなたの宗教に）ある者を、不吉に思う[1]」。彼（サーリフ*）は言った。「あなた方の不吉のもとは、アッラー*の御許にある[2]。いや、あなた方は試練にかけられている民[3]なのである」。 <sup foot_note=>1</sup>,
3207,町[1]には、地上で腐敗*を働き、正しいことをしない九人の男たち[2]がいた。 <sup foot_note=>1</sup>,
3208,彼らは（互いに）言った。「お互いに、アッラー*に（こう）誓うのだ。『私たちは必ずや、彼（サーリフ*）とその家族を夜に陰謀し（て殺し）、それから彼の後見人には、（こう）言うのだ。私たちは彼の家族の殺害には立ち会っていないし、本当に私たちはまさしく正直者なのだ、と』」。,
3209,彼らはまさに策謀し、われら*も彼らが気付かぬ内に、まさに策謀した。[1] <sup foot_note=>1</sup>,
3210,（使徒*よ、）彼らの策謀の結末がいかなるものだったか、見てみよ。われら*が彼らとその民を、全滅させたことを。,
3211,そしてそれらは、彼らが不正*を働いていたことゆえ（、アッラー*に滅ぼされて）崩れ落ちた[1]、彼らの家。本当にその中にはまさしく、知識ある民への御徴がある。 <sup foot_note=>1</sup>,
3212,またわれら*は、信仰し、（アッラー*を）畏れ*ていた者たちを救った。,
3213,また、ルート*（のことを思い出せ）。彼がその民に、（こう）言った時[1]のこと。「一体あなた方は、（その醜行さを）心得ていながら、醜行[2]を行うのか？ <sup foot_note=>1</sup>,
3214,本当にあなた方は女性を差しおいて、欲望ゆえに男性に赴こう[1]としているのか？いや、あなた方は無知な民である」。 <sup foot_note=>1</sup>,
3215,その民の答えは、（このように）言うことだけであった。「ルート*の家族を、あなた方の町[1]から追放するのだ。本当に彼らは、潔癖ぶった人々なのだから」。 <sup foot_note=>1</sup>,
3216,こうしてわれら*は彼と、彼の妻を除いた彼の家族を救った。われら*は彼女を、残っ（て滅ぼされ）た者たちの一人と定めたのだ。,
3217,そしてわれら*は彼らの上に、（石の）大雨を降らせた。警告を受けていた者たち（へ）の雨は、何と忌まわしかったことか。,
3218,（使徒*ムハンマド*よ、）言うがよい。「アッラー*に全ての称賛*あれ。そしてかれがお選びになった、かれの僕たちに平安を[1]。一体アッラー*がよいのか、それとも彼らが（アッラー*に）並べているものか？ <sup foot_note=>1</sup>,
3219,いや、諸天と大地をお創りになり、あなた方に天から（雨）水をお降らしになり、それにより麗しい庭園ーーあなた方に、その木々を生やすことは叶わない[1]－－を生育させられたお方か（、それとも彼らが並べているものがよいのか）？一体、アッラー*と共に崇拝*するに値するものなど、あるのか？いや、彼らは（真理から）逸れ去る民である。 <sup foot_note=>1</sup>,
3220,いや、大地を安住の地とされ、その裂け目に河川を流れさせられ、そこに堅固な山々を設けられ、二つの海の間に障壁を置かれた[1]お方か（、それとも彼らが並べているものがよいのか）？一体、アッラー*と共に崇拝*するに値するものなど、あるのか？いや、彼らの大半は分からないのだ。 <sup foot_note=>1</sup>,
3221,いや、窮迫した者が呼べば応えられ、災いを取り除かれ、あなた方を地上の継承者[1]とされるお方か（、それとも彼らが並べているものがよいのか）？一体、アッラー*と共に崇拝*するに値するものなど、あるのか？あなた方が教訓を得ることの、実に少ないこと。 <sup foot_note=>1</sup>,
3222,いや、陸と海の闇の中、あなた方を導かれるお方、そしてそのご慈悲（雨）の前触れに吉報を告げる風を送られるお方か（、それとも彼らが並べているものがよいのか）？一体、アッラー*と共に崇拝*するに値するものなど、あるのか？アッラー*は、彼らが（アッラー*に）並べるものから、高遠であられる。,
3223,いや、創造をお始めになり、それから（再び）それを繰り返されるお方、そして天と地から、あなた方に糧をお授け下さるお方か（、それとも彼らが並べているものがよいのか）？一体、アッラー*と共に崇拝*するに値するものなど、あるのか？」言ってやれ。「あなた方の明証[1]を持って来るのだ。もし、あなた方が本当のことを言っているのならば」。 <sup foot_note=>1</sup>,
3224,（使徒*よ、）言ってやれ。「諸天と大地にあるいかなるものも、不可視の世界*を知らない。しかし、アッラー*だけ（が、ご存知）なのだ。そして彼らは、いつ蘇らされるか、知りもしない。,
3225,いや、彼らの知は来世で達成される[1]。いや、彼らはそれ（来世）に疑念を抱いている。いや、彼らはそれに盲目[2]なのである」。 <sup foot_note=>1</sup>,
3226,不信仰に陥った者*たちは言った。「一体、私たちと、私たちのご先祖が（死んで）土となった後、一体本当に私たちが（蘇らされて）出される身なのか？,
3227,以前にも私たちと私たちのご先祖様は、確かにこのこと（死後の復活）を約束されたのだ（が、その事実は目にしなかったし、起こりもしなかったのだ）。こんなものは、昔の人々のお伽噺に過ぎない」。,
3228,（使徒*よ、）言ってやれ。「あなた方は地上を旅して、罪悪者たちの結末がどのようなものであったか、見てみるがよい」。,
3229,そして、彼らゆえに悲しまず、彼らが策謀することゆえに心苦しくなるのではない。,
3230,彼ら（シルク*の徒）は言う。「この約束は、一体いつのことなのか？もし、あなた方が本当のことを言っているのなら？」,
3231,（使徒*よ、）言ってやれ。「あなた方が性急に求めているもの（アッラー*からの罰）の一部は、あなた方に近づいたかもしれない」。[1] <sup foot_note=>1</sup>,
3232,実にあなたの主*は、人々に対するまさに恩寵の主なのだが、彼らの大半は感謝[1]しないのだ。 <sup foot_note=>1</sup>,
3233,また本当にあなたの主*は、彼らの胸が隠しているものも、露わにしているものも、ご存知である。,
3234,そして天と地に潜むいかなるものでも、明白な書[1]に記されていないものはない。 <sup foot_note=>1</sup>,
3235,本当にこのクルアーン*は、イスラーイールの子ら*に、彼らが意見を異にする大半のことについて、語って聞かせる。[1] <sup foot_note=>1</sup>,
3236,そして実にそれは、まさしく信仰者たちへの導きであり、慈悲なのだ。,
3237,本当にあなたの主*は、その裁決で、彼らの間をお裁きになる。かれは偉力ならびない*お方、全知者であられる。,
3238,ならば（使徒*よ）、アッラー*に全てを委ねよ*。あなたこそは、紛れもない真理の上にあるのだから。,
3239,（使徒*よ、）本当にあなたは呼びかけを、死人らに聞かせることも、聾たちに聞かせることも出来ない。彼らが（あなたから）背を向けて立ち去るのであれば。[1] <sup foot_note=>1</sup>,
3240,またあなたは、盲人[1]たちをその迷いから導く者でもない。あなたが聞かせられるのは、われら*の御徴を信じる者だけ。というのも、彼らは服従する者（ムスリム*）なのだから。[2] <sup foot_note=>1</sup>,
3241,彼らに対する（懲罰の）御言葉が確定された時、われら*は彼らのために大地から大獣[1]を出す。それは彼らに、（復活を否定する）人々が、われら*の御徴を確信してはいなかったことについて、話し聞かせるのだ。 <sup foot_note=>1</sup>,
3242,われら*が、全ての共同体の内から、われら*の御徴を嘘呼ばわりしていた集団を召集し、彼らが整列させられる日のこと（を思い起こさせよ）。,
3243,やがて彼らがやって来ると、かれ（アッラー*）は仰せられる。「一体あなた方は、わが御徴[1]を嘘呼ばわりしていたのか？それについて、よく知りもしなかった[2]のに？いや、一体あなた方は、兄を行っていたのか？」 <sup foot_note=>1</sup>,
3244,彼らには、自分たちが不正*を働いていたことゆえの（懲罰という）御言葉が確定され、彼らは（まともな言い訳を）喋ることもない[1]。 <sup foot_note=>1</sup>,
3245,一体彼らは、彼らがそこで安らぐようにわれらが夜を創り、昼を（生活のために）視界が利くものとしたのを、見なかったのか？実にそこにはまさしく、信じる民への御徴があるのだ。,
3246,角笛に吹き込まれ[1]、諸天にいる全ての者と、大地にいる全ての者が戦慄する日のこと（を思い起こさせよ）。但し、アッラー*が（恐怖からの安全を）お望みになる者は別である。全ての者は低頭して、かれの御許にやって来るのだ。 <sup foot_note=>1</sup>,
3247,また、あなたは山々を、それらが静止しているものと思って見る。それは、雲の流れのように（早く）流れているのに[1]。全てのものを完璧に仕上げられたアッラー*の御業。本当にかれは、あなた方のすることに通暁されているのだ。 <sup foot_note=>1</sup>,
3248,（復活の日*、）善行[1]と共にやって来た者、彼にはそれよりも善きもの[2]がある。そして彼らはその日、戦慄から無事な者たちである。 <sup foot_note=>1</sup>,
3249,そして（復活の日*、）悪行[1]と共にやって来た者、彼らは顔から逆様に業火の中に投げ込まれ（、こう言われ）る。「一体あなた方が報われているのは、自分たちが（現世で）行っていたこと（によるもの）以外の、何ものでもないのではないか？」 <sup foot_note=>1</sup>,
3250,（使徒*よ、言うのだ。）「私は外ならぬ、この町（マッカ*）の主[1]を崇拝*するように命じられた。かれがそこを、聖なる地[2]とされたのだ。かれにこそ、全ては属する。また私は、服従する者（ムスリム*）の一人となるよう、命じられたのである。 <sup foot_note=>1</sup>,
3251,そして、クルアーン*を誦む[1]ことを（命じられた）」。導かれた者があれば、実に彼は自分を益するために導かれるだけであり、また迷う者があれば（、使徒*よ）、言ってやるのだ。「私は（信仰しない者にアッラー*からの懲罰を告げる、）警告者の一人に過ぎない」。 <sup foot_note=>1</sup>,
3252,そして（使徒*よ、）言うのだ。「アッラー*に全ての称賛*あれ。やがてかれはあなた方に、その御徴[1]を見せ給い、あなた方はそれを知ることになる。あなた方の主*は、あなた方が行っていることに迂闊ではあられないのだ」。 <sup foot_note=>1</sup>,
3253,ター・スィーン・ミーム[1]。 <sup foot_note=>1</sup>,
3254,（使徒*よ、）それは解明する啓典[1]の御徴（アーヤ*）である。 <sup foot_note=>1</sup>,
3255,われら*は（クルアーン*を）信仰する民のため、ムーサー*とフィルアウン*の消息の一部を、真実と共にあなたに誦んで聞かせよう。,
3256,本当にフィルアウン*は地上（エジプト）で驕り高ぶり、その住民を諸派に分けた[1]。彼はその内の一派（イスラーイールの子ら*）を抑圧し、その男児を殺しまくり、女児は生かしておいた[2]のだ。本当に彼は、腐敗*を働く者の類いであった。 <sup foot_note=>1</sup>,
3257,そしてわれら*は、地上で抑圧されていた者たち（イスラーイールの子ら*）に恵みを垂れ、彼らを（善の）導師とし、相続人[1]とすることを望むのである。 <sup foot_note=>1</sup>,
3258,また、われら*は地上において彼らを確立させ、フィルアウン*とハーマーン[1]とその軍勢に、彼らが彼ら（イスラーイールの子ら*）から怖れていたもの[2]を見せる（ことを、望む）。 <sup foot_note=>1</sup>,
3259,われら*はムーサー*の母親に、（こう）示した。「彼（生まれたばかりのムーサー*）に、乳をやるのだ。そしてあなたが彼のこと[1]で怖れた時には、彼を（箱に入れて）海原[2]へと放り投げ、怖れもせず、悲しみもするのではない。本当にわれら*は、彼をあなたのもとに返す者であり、彼をを遣わされし者（使徒*）の一人とする者なのだから」。[3] <sup foot_note=>1</sup>,
3260,そして彼（ムーサー*）を、フィルアウン*の一族が拾った。その結果、彼は、彼らに対する敵と悲しみ[1]となった。本当にフィルアウン*とハーマーンとその二人の軍勢は、誤った者たちだったのだ。 <sup foot_note=>1</sup>,
3261,そしてフィルアウン*の妻[1]が（、彼を気に入って）言った。「（この子は）私とあなたにとっての、喜び[2]です。彼を殺さないで下さい。彼は私たちの役に立つでしょうし、あるいは彼を（私たちの）子供にしてもよいでしょうから」。彼らは（その赤ん坊が自分たちを滅ぼすことになるとは）、気付く由もなかったのだ。 <sup foot_note=>1</sup>,
3262,そしてムーサー*の母の心は、（ムーサー*ゆえの悲しみで）空っぽになってしまった。本当に彼女はそれゆえに、（赤ん坊が自分の子供であることを）打ち明けてしまいそうなほどであった。彼女が信仰者の一人としてあるべく、われら*が彼女の心を繋ぎとめて[1]おかなかったならば。 <sup foot_note=>1</sup>,
3263,また彼女は（ムーサーの入った箱を川に流した時）、彼（ムーサー*）の姉に「彼を追っかけなさい」と言っていた。それで彼女は（その通りにし）、彼ら（フィルアウン*とその民）が気付かぬ中、彼のことを遠くから見た。,
3264,また、われら*は（ムーサー*が母親のもとに帰される）以前、彼（ムーサー*）に乳母たちを禁じた[1]。それで彼女（ムーサー*の姉）は、言った。「あなた方のために、彼に対して誠心尽くして、その世話をしてくれる家族へとご案内しましょうか？」 <sup foot_note=>1</sup>,
3265,こうしてわれら*は、彼（ムーサー*）を、その母のもとに帰した。それは彼女が喜び[1]、（彼との別れを）悲しまないようにするためで、また彼女が、アッラー*のお約束が、真実であることを知るためであった。しかし彼ら（不信仰者*）の大半は、（そのことを）知らないのだ。 <sup foot_note=>1</sup>,
3266,彼（ムーサー*）が成熟[1]し、強固になった時、われら*は彼に英知と知識を授けた。そのようにわれら*は、善を尽くす者たちに報いるのである。 <sup foot_note=>1</sup>,
3267,そして彼（ムーサー*）は、その民が油断している時間帯[1]に町に入り、そこで戦っている二人の男を見出した。（一方の）この者は彼の部族出身の者で、（もう一方の）この者は彼の敵の内の者[2]。そして彼の部族出身の者が、彼の敵の内の者に対し、彼（ムーサー*）に助けを求めたので、ムーサー*は彼を（拳で）殴り、これを殺してしまった。彼（ムーサー*）は言った。「これはシャイターン*のわざである。本当に彼は、（人間の正道から）迷わせる、紛れもない敵なのだ」。[3] <sup foot_note=>1</sup>,
3268,彼は申し上げた。「我が主*よ、本当に私は自分自身に不正*を働いてしまいました。ならば私を、お赦し下さい」。そしてかれは、彼をお赦しになった。本当にいかれこそは、赦し深いお方、慈愛深い*お方であられるのだから。,
3269,彼（ムーサー*）は申し上げた。「我が主*よ、あなたが私に恵んでくださったもの[1]ゆえ、私は決して、罪悪者たちに対する援助者とはなりません」。 <sup foot_note=>1</sup>,
3270,彼は翌朝、（復讐されるのではないかと）町で怖れ始め、（何が起きるかと）注意深く見守るようになった。そしてどうであろう、昨日彼に助けを求めた者が、（また別のコプト人と争っており、）彼に向って（助けを求め、）大声で叫んでいる。ムーサー*は彼[1]に言った。「実にあなたは、紛れもなく誤った者[2]だ」。 <sup foot_note=>1</sup>,
3271,そして彼（ムーサー*）が、（イスラーイールの子ら*の内の者に同情し、）彼ら二人の敵である者をやっつけようとした時、彼[1]は言った。「ムーサー*よ、一体お前は昨日人を殺したように、私のことも殺すつもりなのか？お前は、地上で暴君となることを望んでいるに外ならない。そしてお前は、改善者となりたくはないのだ」。 <sup foot_note=>1</sup>,
3272,町の一番外れから、一人の男が急いでやって来た。彼は言った。「（ムーサー*よ、）本当に（フィルアウン*の民の）有力者たちは、あなたを殺そうと、あなたについて相談しています。ならば、（この町を）出て行きなさい。本当に私はあなたへの、助言者なのですよ」。,
3273,それで彼は、怖れ、（追っ手につかまらぬよう）注意深く脱出し、（こう）申し上げた。「我が主*よ、私を不正*者である民から救って下さい。」,
3274,マドゥヤン*の方を目指すと、彼は（こう）言った。「我が主*は私を、まっすぐな道へと導いて下さるだろう」。[1] <sup foot_note=>1</sup>,
3275,そしてマドゥヤン*の水場に赴いた時、彼はそこで人々の集団が（家畜に）水をやっているのを見た。また、二人の婦人が（そこに割り込めずに）彼らから離れて、（自分たちの家畜を）制しているのを見出した。彼は言った。「どうなさいましたか？」彼女たち二人は言った。「牧童たちが（彼らの家畜を水場から）出て行かせるまで、（自分たちの家畜に）水をやることが出来ません。そして私たちの父は、年配の老人なのです」。,
3276,それで彼は、彼女たち二人のために、（家畜に）水をやった。それから（木）陰に退くと、（こう）言った。「我が主*よ、本当に私は、あなたが私に下された善きものに飢えています」。[1] <sup foot_note=>1</sup>,
3277,すると、彼のもとに二人の婦人の内の一人が、恥ずかしそうに歩きながら、やって来た。彼女は言った。「私の父はあなたに、あなたが私たちのために水をやって下さったご褒美を差し上げたく、あなたをお呼びしています」。こうして彼（彼女らの父親）のもとにやって来ると、彼（ムーサー*）は彼に物語[1]を語って聞かせた。彼（彼女らの父親）は言った。「怖れないで下さい。あなたは不正*者である民から、救われたのですから」。 <sup foot_note=>1</sup>,
3278,彼女たちの内の一人が言った。「お父さん、彼をお雇いなさい。本当に、あなたがお雇いになる最善の者は、力強く、誠実な人[1]なのですから」。 <sup foot_note=>1</sup>,
3279,彼（婦人たちの父親）は言った。「私は、あなたが八年間、私に（牧童として自らを）雇わせることで、この我が二人の娘たちの内の一人をあなたに嫁がせたいのです。そしてもし、あなたが十年間全うされるのなら、それはあなたからのもの[1]であり、私は（それを義務づけることで、）あなたに苦労させるつもりはありません。あなたはーーもしアッラー*がお望みならばーー、私が正しい者[2]の一人であることを見出すでしょう」。 <sup foot_note=>1</sup>,
3280,彼（ムーサー*）は言った。「それは、私とあなたの間で（成立しました）。いずれの期限をこなすにせよ、私への違反はなしです。そして、アッラー*が私たちの言うことにおいて、全てを請け負われる*お方です」。,
3281,こうしてムーサー*が期限[1]を終え、自分の家族と共に（エジプトへと向かって）歩んだ時[2]、山の傍らに火を認めた。彼は自分の家族に言った。「（ここに）と留まっていなさい。実に私は、火を見つけたのだ。私はそこからあなた方のもとに、（道案内の）知らせと共に、あるいはあなた方が暖を取れるように、火種を携えてやって来よう」。 <sup foot_note=>1</sup>,
3282,それで彼がそこへやって来た時、祝福にあふれた地における谷の右側から、つまりその木から[1]、彼に（こう）呼びかけられた。「ムーサー*よ、本当にわれこそは、全創造物の主*アッラー*である」。 <sup foot_note=>1</sup>,
3283,また、「あなたの杖を投げよ」と。それで（彼がそれを投げ、）それが敏捷な小蛇のように躍動するのを見た時、彼は背を向けて引き下がり、戻って来なかった。（アッラー*は仰せられた。）「ムーサー*よ、近寄るのだ。そして怖がるのではない。本当にあなたはまさしく、安全なのだから。,
3284,あなたの手を懐に入れてみよ。そうすれば、それは災い[1]もなしに白くなって出てくる。また恐怖（の軽減）のためには、あなたの翼を自分（の側）に引き寄せてみよ[2]。その二つは、あなたの主*からフィルアウン*とその（民の）有力者たちへの、明証である。本当に彼らは、放逸な民だったのだから」。 <sup foot_note=>1</sup>,
3285,彼は申し上げた。「我が主*よ、本当に私は彼ら（フィルアウン*の民）の一人を殺してしまいました[1]。そして、彼らが私を殺すことを怖れます。 <sup foot_note=>1</sup>,
3286,また、我が兄ハールーン*こそは、私より言葉が雄弁です[1]。ゆえに彼を、私と共に、私（の言葉）を確証する助っ人としてお遣わし下さい。本当に私は、彼らが私を噓つき呼ばわりすることが怖いのです」。 <sup foot_note=>1</sup>,
3287,かれは仰せられた。「われら*は、あなたの兄をあなたの片腕とし、あなた方二人に権勢[1]を与えよう。そして彼らが、あなた方二人を害することはない。われら*の御徴ゆえ、あなた方二人と、あなた方二人に従った者は、勝利者なのである」。 <sup foot_note=>1</sup>,
3288,こうしてムーサー*が、われら*の明白な御徴[1]と共に彼ら（フィルアウン*とその民の有力者たち）のもとにやって来た時、彼らは言った。「これは捏造された魔術に外ならない。それに私たちはこのようなこと[2]を、先人である私たちのご先祖様たち（の時代）にも、聞いてはいなかったのだ」。 <sup foot_note=>1</sup>,
3289,ムーサー*は言った。「我が主*は、誰がかれの御許から導きを携えてやって来たか、そして誰に世の（善き）結末[1]があるかを、最もよくご存知です。本当に不正*者たちは、成功することがありません」。 <sup foot_note=>1</sup>,
3290,フィルアウン*は言った。「名士たちよ、私は自分以外、あなた方にとって崇拝すべきいかなる存在も知らない[1]。ハーマーン[2]よ、私のために泥土に火をつけよ[3]。そしてムーサー*の神を見るために、私のために（それで）塔を建てよ。本当に私は、彼がまさに嘘つきの類いだと思うのだ」。[4] <sup foot_note=>1</sup>,
3291,そして彼とその軍勢は、不当にも地上（エジプト）で驕り高ぶり、自分たちが（死後）われら*のもとに戻されることなどない、と思い込んでいた。,
3292,それで、われら*は彼とその軍勢を捕らえ、彼らを海原に放り捨てた。ならば不正*者たちの結末がいかなるものであったか、見てみるがよい。[1] <sup foot_note=>1</sup>,
3293,また、われら*は彼らを、業火へと招く先導者とした。そして復活の日*、彼らは（いかなる者からも）援助されることがない。,
3294,また、われら*は現世において、彼らに呪いを付き纏わせた[1]。そして復活の日*、彼らは（アッラー*のご慈悲から）遠ざけられた者たち[2]の類いである。 <sup foot_note=>1</sup>,
3295,われら*は確かに、先の（幾多の）世代を滅ぼした後、ムーサー*に啓典（トーラー*）を授けた。人々への開眼[1]と、導き、慈悲として、彼らが教訓を得るようにと（、それを授けたのである）。 <sup foot_note=>1</sup>,
3296,（使徒*ムハンマド*よ、）われら*がムーサー*に事を命じた時[1]、あなたは（その山の）西側にいたわけでもないし、そこに立ち会っていた者の一人でもなかったのだ。 <sup foot_note=>1</sup>,
3297,しかしわれら*は（ムーサー*の後）数々の世代を設け、彼らに長い年月が流れ去って（、彼らはアッラー*との約束を忘れて）しまった。またあなたは、マドゥヤン*の民のもとに滞在していた者でもなければ、彼らにわれら*の御徴を誦み聞かせていたわけでもない。だがわれら*はもとより、（使徒*を）遣わす者だったのだ。,
3298,また、（使徒*よ）、われら*が（ムーサー*に）呼びかけた時、あなたはその山の傍らにいたわけでもなかった[1]。しかし、あなた以前に警告者が一人も到来していなかった民[2]に警告を告げるため、あなたの主*からの慈悲として（遣わされたのである）。（それは、）彼らが教訓を得るようにするためだったのだ。 <sup foot_note=>1</sup>,
3299,そして、もし自分たちが行ったことゆえに、彼ら（不信仰者*）に災難が降りかかり、「我らが主*よ、どうして私たちに使徒*を遣わしてくれなかったのですか？そうすれば私たちはあなたの御徴に従い、信仰者の仲間となりましたのに？」と言うことにならなければ（、われら*は使徒*を遣わさなかったのだが）。[1] <sup foot_note=>1</sup>,
3300,そして彼らのもとに、われら*の御許から真理が訪れた時[1]、彼らは言った。「どうして彼（ムハンマド*）には、ムーサー*に与えられたようなもの[2]が、与えられなかったのか？」彼らは以前、ムーサー*に授けられたものを否定しなかったのか？彼らは言ったのだ。「（トーラー*とクルアーン*は、）お互いに支え合う二つの魔術[3]である」。また、（こう）言った。「本当に私たちは、そのいずれをも拒否する者なのだ」。 <sup foot_note=>1</sup>,
3301,（使徒*よ、）言ってやれ。「ならば、アッラー*の御許から、その二つ（トーラー*とクルアーン*）よりも正しく導いてくれる啓典を持って来てみよ。そうすれば、私はそれに従おう。もし、あなた方が本当のことを言っているのならば、だが」。,
3302,そして、もし彼らがあなた（の要望）に応じなかったら、彼らが自分たちの欲望に従っているに過ぎないということを知れ。アッラー*からのお導きもないままに、自分の欲望に従う者よりも、ひどく迷った者があろうか？本当にアッラー*は、不正*者である民をお導きにはならないのだ。,
3303,われら*は確かに、彼らのために御言葉（クルアーン*）を、つなげ（て下し）た[1]。（それは、）彼らが教訓を得るようにするためである。 <sup foot_note=>1</sup>,
3304,それ以前に、われら*が啓典を授けた者（啓典の民*）たち[1]、彼らこそは、それ（クルアーン*）を信じるのだ。 <sup foot_note=>1</sup>,
3305,そして、彼らにそれ（クルアーン*）が誦んで聞かされた時、彼らは（こう）言った。「私たちはそれを信じました。本当にそれは、我らの主*からの真理ですから。本当に私たちはそれ以前から、服従する者（ムスリム*）だったのです」。,
3306,それらの者たちは、彼らの忍耐*ゆえに、その褒美を二度与えられる。そして彼らは悪を善で追いやり[1]、われら*が彼らに授けたものの内から（施しとして）費やす[2]のである[3]。 <sup foot_note=>1</sup>,
3307,また彼らは、戯言[1]を耳にすれば、それに背を向けて（こう）言った。「私たちには私たちの行いがあり、あなた方にはあなた方の行いがあります。あなた方に平安を[2]。私たちは、無知な者たち（のやり方）を望まないのですから」。 <sup foot_note=>1</sup>,
3308,（使徒*よ、）本当にあなたが、自分の好む者を導くのではない。しかしアッラー*が、かれのお望みになる者をお導きになるのであり、かれは導かれる者たちを最もよくご存知である。[1] <sup foot_note=>1</sup>,
3309,彼ら（マッカ*の不信仰者*たち）は、言った。「もし私たちが、あなたと一緒に導きに従えば、私たちは自分たちの土地（マッカ*）から攫われてしまうだろう[1]」。われら*は彼らに、安全なる聖域[2]を確立してやったのではないか？あらゆるものの果実は、われら*の御許からの糧としてそこに集められて来るのだ。しかし彼らの大半は、（その恩恵のほどが）分からない。 <sup foot_note=>1</sup>,
3310,われら*はその暮らし向きに思い上がった、どれだけ多くの（不信仰な）町（の人々）を滅ぼしてきたことか。そして、それらが（廃墟と化した）彼らの住居である。（その内）僅かな者を除いては、彼らの（滅亡）後、居住されることはなかったのだ。われら*こそはもとより、相続者[1]なのである。 <sup foot_note=>1</sup>,
3311,また（使徒*よ）、あなたの主*はもとより、町々を滅ぼされるお方ではないーー町々の母[1]（の民）のもとに、われら*の御徴を彼らに誦んで聞かせる使徒*を遣わすまではーー。そしてわれら*は、その民が不正*者でありもしないのに、町々を滅ぼす者ではない。[2] <sup foot_note=>1</sup>,
3312,（人々よ、）あなた方に授けられたいかなるもの[1]も、現世の生活の楽しみとその飾りに過ぎないのである。そしてアッラー*の御許にあるものは、より善く、より永く残るもの。一体、あなた方は分別しないのか？ <sup foot_note=>1</sup>,
3313,われら*が（われら*に従った者には天国を与えるという）善き約束をし、（その約束を果たすことで）それ[1]を目の当たりにする者は、われら*が現世の生活の享楽で楽しませ、（導きにも従わずに現世に溺れ、）それから復活の日*に（悪い清算へと）連れて来られる者たちの類いと、同様であろうか？ <sup foot_note=>1</sup>,
3314,そして、かれ（アッラー*）が彼ら（シルク*の徒）を呼んで、「あなた方が主張していた、（崇拝*における）われの同位者たち[1]は、どこなのか？」と仰せられる日のこと（を思い起こさせよ）。 <sup foot_note=>1</sup>,
3315,自分たちに（懲罰という）御言葉が確定した者たち[1]は、言う。「我らが主*よ、これらの者たちは、私たちが逸脱させた者たちです。私たちは自分たちが逸脱したように、彼らを逸脱させました。わたしたちはあなたに、（彼らとは）無縁だと宣言します。彼らは私たちのことなど、崇めてはいなかった[2]のですから」。[3] <sup foot_note=>1</sup>,
3316,そして、（シルク*の徒は、こう）言われる。「あなた方（がアッラー*）の同位者（としていたもの）たちを、呼んでみよ」。それで彼らにはかれらを呼ぶものの、かれらの方では彼らに応えてはくれず、彼らは懲罰を目の当たりにする。もし、彼らが導かれていれば（、懲罰を目の当たりにすることはなかったものを）。,
3317,かれ（アッラー*）が、彼ら（シルク*の徒）を呼んで、「あなた方は、遣わされた者（使徒*）たちに何と応えたのか？」と仰せられる日のこと（を思い起こさせよ）。[1] <sup foot_note=>1</sup>,
3318,そしてその日、彼らにとっての言い訳はなくなってしまい、彼らは互いに尋ね合うこと（で、よい言い訳を見出すこと）もない。,
3319,（現世で）悔悟して信仰し、正しい行い*を行った者はといえば、きっと成功者の一人となるであろう。,
3320,あなたの主*は、お望みのものを創り、選ばれる。彼らに選択（の余地）はないのだ[1]。アッラー*に称え*あれ、かれは彼らがシルク*を犯しているものから（無縁で）、遥か高遠なお方であられる。 <sup foot_note=>1</sup>,
3321,また、あなたの主*は、彼らの胸が潜めることも、露わにすることも、ご存知である。,
3322,そして、かれはアッラー*、かれ以外に（真に）崇拝*すべきいかなるものもない。かれにこそ、現世と来世における全ての称賛*がある。そしてかれにこそ裁決は属し、かれの御許にこそ、あなた方は戻らされるのである。,
3323,（使徒*よ、）言ってやれ。「言ってみよ、もしアッラー*があなた方に対し、夜を復活の日*まで永続するものとされたならば、（燦然たる）光をもたらすのはアッラー以外のどの神か？一体あなた方は、耳を傾けないのか？」,
3324,言ってやれ。「言ってみよ、もしアッラー*があなた方に対し、昼を復活の日まで永続するものとされたならば、あなた方がそこで休息する夜をもたらすのは、アッラー*以外のどの神か？一体あなた方は、眼を開かないのか？」,
3325,（人々よ、）かれは、そのご慈悲ゆえに、あなた方のために夜と昼を設けられた。（それは）あなた方がそこ（夜）において休息し、また（昼には）かれのご恩寵を求め（て活動す）るため。そして、あなた方が（かれからの恩恵に）感謝するようになるためなのだ。,
3326,また、かれ（アッラー*）が彼ら（シルク*の徒）を呼び、「あなた方が主張していた、（崇拝*における）われの同位者たち[1]は、どこなのか？」と仰せられる日のこと（を思い起こさせよ）。 <sup foot_note=>1</sup>,
3327,そして、われら*は（使徒*を嘘つきとした）各共同体から一人の証人[1]を抜き出し、（こう）言う。「（シルク*の正当性を確証する、）あなた方の明証を持って来い」。そして彼らは、真理がアッラー*に属することを知る。彼らの捏造していたものは、彼らから消え失せてしまうのだ。 <sup foot_note=>1</sup>,
3328,本当にカールーンはムーサー*の民の一人[1]であり、彼らに対して（その高慢さと圧制において）度を越していた。またわれら*は、実にその（箱の）鍵が力持ちの集団にさえ重くのしかかるほどの財宝を、彼に与えた。彼の民（の内、正しい者たち）が彼に、（こう）言った時のこと（を思い起こさせよ）。「（自分の財産に）有頂点になってはいけません。本当にアッラー*は、（感謝せずに）有頂天になる者たちを、好まれないのですから。 <sup foot_note=>1</sup>,
3329,そしてアッラー*があなたに授けたものにおいて、来世の住まい（の褒美）をお求めなさい。また、現世からのご自分の取り分も忘れてはなりません[1]。そしてアッラー*があなたに対して善くなされたように、（他人に対して）善くし、地上で腐敗*を求めてはなりません。本当にアッラー*は、腐敗*を働く者たちをお好みにはならないのですから」。 <sup foot_note=>1</sup>,
3330,彼（カールーン）は言った。「私は外でもない、自分にある知識ゆえに、それを授けられたのだ[1]」。一体、彼は知らないのか？彼よりも、ずっと力が強大で遥かに蓄えも多かった彼以前の数々の世代を、アッラー*が確かに滅ぼされたということを？罪悪者たちは、その罪について尋ねられることはない[2]。 <sup foot_note=>1</sup>,
3331,こうして彼は（ある日）、その装飾品に身を包んで（自らの偉大さと財産を誇示しつつ）、彼の民の前に現れた。現世の生活（の煌びやかさ）を望んでいる者たちは、言った。「私たちにも、カールーンに与えられたような物があったらいいのに！本当に彼はまさしく、偉大な幸運の持ち主だ」。,
3332,そして、知識を授けられた者たち[1]は言った。「あなた方の災いよ！[2]信仰し、正しい行い*を行う者にとっては、アッラー*のご褒美の方が（カールーンに与えられたもの）より良いのですよ。それを授かるのは、忍耐*強い者たち[3]だけですが」。 <sup foot_note=>1</sup>,
3333,こうしてわれら*は、彼とその邸宅を地面に飲み込ませた。彼には、アッラー*をよそに彼を助けてくれるいかなる集団もなかったし、（懲罰から）援助される者でもなかったのだ。,
3334,そして昨日、彼の（ような）境遇を望んでいた者たちは、（こう）言い出した。「これは驚いたこと！アッラー*はその僕たちの内、かれがお望みの者に糧を豊富に与えられ、また控えられるのだ[1]。もしアッラー*が私たちにお恵み下さらなければ、私たちのことも沈めてしまったであろう。これは驚いたこと！不信仰者*たちが成功することはないのだ」。 <sup foot_note=>1</sup>,
3335,（天国という）その来世の住まい、われら*はそれを地上で（、真理に対して）高慢さも腐敗*も望まない者たちのためのものとした。そして（善き）結末[1]は、敬虔*な者たちのものである。 <sup foot_note=>1</sup>,
3336,誰であろうと（復活の日*、）善行を携えてやって来た者、彼にはそれよりも善いもの[1]がある。そして誰であろうと悪行を携えてやって来た者、（彼にはそれに応じた悪い報いがある、というのも）悪行を行っていた者たちが報われるのは、自分たちが行っていたこと（ゆえの応報）に外ならないのだから。 <sup foot_note=>1</sup>,
3337,（使徒*よ、）本当にあなたにクルアーン*を（お授けになり、その伝達と遵守を）義務づけ給うたお方は、あなたを帰り場所へと必ずやお返しになるお方[1]。言え。「我が主*は、誰が導きを携えて到来したか、そして誰が紛れもない迷妄の中にあるかを、ご存知である」。 <sup foot_note=>1</sup>,
3338,（使徒*よ、）あなたは、啓典が自分に下されることを願っていたわけではなかった。しかし、（それは）あなたの主*からのご慈悲ゆえ（のもの）だったのだ。ならば決して、不信仰者*たちの援助者となるのではない。,
3339,また、あなたにそれが下された後、彼らにあなたをアッラー*の御徴から阻ませては、決してならない。そしてあなたの主*（の教え）へと招け。絶対にシルク*の徒の類いとなってはならない。,
3340,そしてアッラー*に並べて、外の神[1]を祈ってはならない。かれの外には、（真に）崇拝*すべきいかなるものもないのだから。かれの御顔[2]以外の全てのものは、滅び行くのである。かれにこそ裁決は属するのであり、かれの御許にこそあなた方は戻されるのだ。 <sup foot_note=>1</sup>,
3341,アリフ・ラーム・ミーム[1]。 <sup foot_note=>1</sup>,
3342,一体人々は、「私たちは信仰した」と言うことで、試練にかけられることもなく、放って置かれるとでも思ったのか？[1] <sup foot_note=>1</sup>,
3343,また、われら*は確かに、（使徒*が遣わされた）彼ら以前の者たちを試練にかけたのだ。それでアッラーは、（信仰に）正直な者たちを必ずやご存知になり給い、嘘つきたちを必ずやご存知になり給う。,
3344,いや、一体、悪行[1]を行う者たちは、われら*を出し抜けるとでも思ったのか？彼らの判断することの、何と忌まわしいことか？ <sup foot_note=>1</sup>,
3345,（来世における）アッラーとの拝謁を望む[1]者は誰でも、（そのために準備せよ、）本当にアッラー*の（復活の）期限は、必ずやって来るのだから。かれは、よくお聞きになるお方。全知者であられる。 <sup foot_note=>1</sup>,
3346,そして（アッラー*ゆえに）奮闘する者は誰でも、自分自身のために奮闘しているに過ぎない。本当にアッラー*はいかなる創造物（の行いや崇拝*行為）からも、まさしく満ち足りておられる*お方なのだから。[1] <sup foot_note=>1</sup>,
3347,また、信仰して正しい行い*を行う者たち、われら*は必ずや、その悪行を彼らのために帳消しにしてやる。そして必ずや、彼らが行っていた最善のもので、彼らに報いてやるのだ。,
3348,われら*は人間に、自分の両親への孝行を命じた[1]。そしてもし彼ら二人が、あなた[2]が（崇拝*の正当性について）何も知らないものをわれに並べるべく、あなたに執拗に迫って来たならば、（そのことに関しては）彼らに服従するのではない[3]。われにこそ（復活の日*）、あなた方の帰り所があるのだ。そしてわれは、あなた方が（現世で）行っていたことを、あなた方に告げ聞かせ（、それに報い）る。 <sup foot_note=>1</sup>,
3349,信仰して正しい行い*を行う者たち、われら*は必ずや彼らに、（天国で）正しい者*たちの仲間入りをさせる。,
3350,人々の中には、「私たちはアッラー*を信じた」と言いつつも、アッラー*（の道）において苦しめられれば、人々（から）の試練をあたかもアッラー*の懲罰のように受け止めて（怯み、イスラーム*に背を向けて）しまう者がいる[1]。そして、もしもあなたの主*からの勝利が（信仰者たちに）やって来れば、彼ら（棄教者たち）はきっと（こう）言うのだ。「本当に私たちは、あなた方と共にあったのだ」。一体アッラー*は、全創造物の胸の内[2]を、最もよくご存知なのではないか？ <sup foot_note=>1</sup>,
3351,またアッラーは、信仰する者たちを必ずやご存知になり給い、偽信者*たちを必ずやご存知になり給う。[1] <sup foot_note=>1</sup>,
3352,また不信仰に陥った者*たち[1]は、信仰する者たちに言う。「私たちのやり方（宗教）に従って、私たちにあなた方過ち（の罪）を背負わせよ」。彼ら（不信仰者*）は、彼ら（信仰者）の罪など少しも背負うことなどないというのに。本当に彼らは、まさしく嘘つきなのだ。 <sup foot_note=>1</sup>,
3353,また彼らはきっと、自分たちの（罪という）重荷と、（彼らが迷わせた民の罪という）別の重荷を、自分たちの重荷と共に背負うことになる[1]。そして彼らは復活の日*、自分たちが捏造していたことについて、必ずや尋ねられることになるのだ。 <sup foot_note=>1</sup>,
3354,われら*は確かにヌーフ*をその民に遣わし、彼はその中で（アッラー*の教えへと招きつつ、）千年から五十年差し引いた年月を過ごした[1]。そして（彼らが信じなっかったので、）不正*者であった彼らを、洪水が捕らえた。 <sup foot_note=>1</sup>,
3355,そしてわれら*は彼（ヌーフ*）と船の民を救い、それ（船）を全創造物に対する一つの御徴[1]とした。 <sup foot_note=>1</sup>,
3356,また、イブラーヒーム*を（遣わした）。彼がその民に（こう）言った時[1]。「アッラー*を崇拝*し、かれを畏れ*よ。それがあなた方にとってより善いのだ。もし、あなた方が知っていたのならば。 <sup foot_note=>1</sup>,
3357,あなた方は、アッラー*をよそに彫像を崇め、でっち上げを捏造している[1]に過ぎない。本当に、アッラー*をよそにあなた方が崇めている者たちは、あなた方に対して糧（を授ける力）を有してはいないのだ。ならば、アッラー*の御許にこそ糧を求め、かれを崇拝*し、かれに感謝せよ。かれの御許にこそ、あなた方は戻されるのだから」。 <sup foot_note=>1</sup>,
3358,ーー[1]もしあなた方が（使徒*ムハンマド*を）噓つき呼ばわりしたとしても、あなた方以前の共同体も（また、その使徒*たちを）確かに噓つき呼ばわりしたのだ。そして使徒*の義務は、（啓示の）明白なる伝達に外ならないのである。 <sup foot_note=>1</sup>,
3359,また彼らは、アッラーがいかに（無から）創造をお始めになるか知らなかったのか？それからかれは、それを（死後に）繰り返しえし給う。本当にそれはアッラーにとって、容易いことなのだから。,
3360,（使徒*よ、）言え。「地上を旅し、かれがいかに創造を始められたか、見てみるがよい。それからアッラー*は、（死後の復活という）最後の創造をお創りになるのだ。本当にアッラー*は。全てのことがお出来のお方なのだから」。,
3361,かれは、かれがお望みの者を罰せられ、かれがお望みの者にご慈悲をおかけ下さる。そしてかれの御許にこそ、あなた方は戻されるのだ。,
3362,（人々よ、）あなた方は地でも天でも、（アッラー*から）逃れられる者ではない。そしてあなた方にはアッラー*の外に、いかなる庇護者も援助者もないのだ。,
3363,そしてアッラー*の御徴と、かれとの拝謁を否定した者たち、それらの者たちは（来世において）わが慈悲に絶望することになる者たち。それらの者たち、彼らには痛ましい懲罰があるーー。,
3364,そして彼（イブラーヒーム*）の民の返答は、「彼を殺すか、焼いてしまえ」と言うものだけだった。（彼らはイブラーヒーム*を火の中に放り込んだが、）アッラー*は彼を火からお救いになった[1]。本当にその中にはまさしく、信仰する民への御徴がある。 <sup foot_note=>1</sup>,
3365,また、彼（イブラーヒーム*）は言った。「本当にあなた方は、現世における自分たちの間の愛情ゆえ[1]、アッラー*をよそに彫像を設けて（崇めて）いる。やがて復活の日*には、あなた方はお互いを否定し合い、お互いに呪い合う[2]のだ。そして、あなた方の住処は業火なのであり、あなた方には（そこから救ってくれる）いかなる援助者もない」。 <sup foot_note=>1</sup>,
3366,そしてルート*が彼を信じ、彼（イブラーヒーム*）は言った。「本当に私は、我が主*へと移住*する[1]。本当にかれは、偉力ならびない*お方、英知あふれる*お方」。 <sup foot_note=>1</sup>,
3367,またわれら*は、彼（イブラーヒーム*）にイスハーク*とヤァクーブ*を授け、彼の子孫の内に預言者*としての天分と啓典を与えた。また、現世においては彼に褒美[1]を授けた。そして本当に彼は来世において、まさしく正しい者*たちの一人である。 <sup foot_note=>1</sup>,
3368,また（われら*は）、ルートを（遣わした）。彼がその民に、（こう）言った時[1]。「一体、本当にあなた方は、全創造物のいかなる者もあなた方以前には行わなかった醜行[2]に、手を染めるというのか？ <sup foot_note=>1</sup>,
3369,一体、本当にあなた方は、男性へと赴き[1]、（旅人の）道を阻み[2]、自分たちの集会の場で悪事[3]を犯すのか？」そして彼の民の返答は、「アッラー*の懲罰を、私たちにもたらしてみよ。もし、あなたが正直者の類いなのであれば」と言うものでしかなかった。 <sup foot_note=>1</sup>,
3370,彼（ルート*）は言った。「我が主*よ、腐敗*を働く民に対して、私を勝利させて下さい」。,
3371,こうして、われら*の使い（天使*）たちが吉報[1]を携えてイブラーヒーム*のもとにやって来た時、彼ら（天使*たち）は言った。「本当に私たちは、この町[2]の民を滅ぼす者である。本当にその民は、不正*者だったのだから」。 <sup foot_note=>1</sup>,
3372,彼（イブラーヒーム*）は、言った。「本当にそこには、ルート*がいます」。彼らは言った。「私たちの方が、そこにいる者たちのことをよく知っている。私たちは必ずや、彼とその家族を救い出すのだ。但し、残っ（て滅ぼされ）た者たちの一人となる、彼の妻だけは別だが」。[1] <sup foot_note=>1</sup>,
3373,こうして、われら*の使いたちがルート*のもとにやって来た時[1]、彼（ルート*）は彼らのことで気が滅入り、心苦しくなった。そして、彼らは（ルート*に）言った。「怖れることも、悲しむこともありません。本当に私たちは、あなたとあなたの家族の救い手なのです。但し、残っ（て滅ぼされ）た者たちの一人となる、あなたの妻は別です。 <sup foot_note=>1</sup>,
3374,本当に私たちはこの町の民に、彼らが放逸であったことゆえの（罰の）制裁を、天から下す者なのです」。,
3375,そしてわれら*はそこから確かに、分別する民に対して明らかな御徴[1]を残しておいた。 <sup foot_note=>1</sup>,
3376,またマドゥヤン*には、その同胞シュアイブ*を（遣わした）[1]。そして彼は言った。「我が民よ、アッラー*を畏れ*、最後の日*を望む[2]のだ。そして腐敗を働きつつ、地上で退廃を広めてはならない」。 <sup foot_note=>1</sup>,
3377,すると彼らは、彼を噓つき呼ばわりした。それで彼らを激震が捕らえ[1]、彼らは朝、その地で突っ伏して（死んで）いた。 <sup foot_note=>1</sup>,
3378,また、アード*とサムード*も（、われらを滅ぼした）。彼らの住まいの一部は、あなた方に確かに明らかになっている。シャイターン*が彼らに、彼らの行いを目映く見せ、彼らを（アッラー*の）道から阻んだのだ。彼らは、（真理を見極める）見識を備えた者たち[1]だったというのに。 <sup foot_note=>1</sup>,
3379,またカールーン、フィルアウン*、ハーマーン（も滅ぼした）[1]。彼らのもとには確かにムーサー*が（奇跡という）明証を携えて到来したのに、驕り高ぶったのだ。そして彼らは、（われら*を）出し抜ける者たちではなかった。 <sup foot_note=>1</sup>,
3380,われら*は（彼らの内の）いずれの者も、その罪ゆえに（懲罰で）捕らえた。そしてその中には、われら*が石礫を降らせた者もあり、またその中には、（轟く）一声が捕らえた者もあり、またその中には、われら*が地面に飲み込ませた者もあり、またその中には、われら*が溺れさせた者もある[1]。そしてアッラー*が、彼らに対して不正*を働かれることなどは、もとよりあり得ないことだったのだ。しかし彼らが自分自身に、不正*を働いていたのである。 <sup foot_note=>1</sup>,
3381,アッラー*をよそに庇護者を設ける者たちの様子は、巣を作る蜘蛛の様子に似ている。本当に最も脆い住処は、蜘蛛の巣だというのに[1]。彼らが（そのことを）知っていたならば（、彼らを庇護者などとはしなかっただろう）。 <sup foot_note=>1</sup>,
3382,本当にアッラー*は、彼らがかれをよそに祈っているいかなるものも、ご存知なのだ[1]。かれは、偉力ならびない*お方、英知あふれる*お方。 <sup foot_note=>1</sup>,
3383,そしてわれら*は人々にそれらの譬えを挙げるが、それらを理解するのは（アッラー*とその御徴、その教えについて）知識ある者たちだけである。,
3384,アッラー*は諸天と大地を、真理と共にお創りになった[1]本当にそこ（それらの創造）には、まさしく信仰者たちへの御徴[2]がある。 <sup foot_note=>1</sup>,
3385,あなたに啓典の内から啓示されたものを読誦[1]し、礼拝を遵守*せよ。実に礼拝は、醜行と悪事[2]を禁じるのだから。そして、アッラー*の唱念こそは（何）より偉大[3]であり、アッラー*はあなた方の成すことをご存知なのだ。 <sup foot_note=>1</sup>,
3386,（信仰者たちよ、）最善の形[1]でなくして、啓典の民*と議論してはならない。但し彼らの内でも、不正*を働いた者たち[2]は別である。そして、言うのだ「私たちは自分たちに下されたもの[3]を信じる。また、私たちの神[4]と、あなた方の神は一つであり、私たちはかれ（アッラー*）に服従する者（ムスリム*）なのである」。 <sup foot_note=>1</sup>,
3387,そのように（使徒*よ）、われら*はあなたに啓典（クルアーン*）を下した。そして、われら*が啓典を授けた者たち（啓典の民*）はそれを信じ、それらの者たち[1]の一部にも、それを信じる者がいる。不信仰者*たち以外は、われら*の御徴[2]を否定しないのだ。 <sup foot_note=>1</sup>,
3388,また（使徒*よ）、あなたはそれ（が下がる）以前、いかなる書も誦んでいなければ、あなたの右手でそれを書いてもいなかったのだ。そうであったなら、（真実を）虚妄とする者たちは、疑惑に陥ったであろう。[1] <sup foot_note=>1</sup>,
3389,いや、それ（クルアーン*）は知識を授けられた者たちの胸の内にある、（真理）解明の御徴なのである。そして不正*者たち以外、われら*の御徴を否定することはない。,
3390,彼ら（シルク*の徒）は、言った。「どうして彼（ムハンマド*）に、その主*から御徴[1]が下されないのか？」（使徒*よ、）言え。「御徴は、アッラー*の御許にこそある。そして私は、明白なる警告者でしかないのだ。 <sup foot_note=>1</sup>,
3391,（使徒*よ、あなたの正直さの証明は、）われら*があなたに、彼らに対して読誦される啓典（クルアーン*）を下したことだけで、彼らには十分だったのではないか？実にその中にはまさしく、信仰する民にとっての慈悲と教訓がある。,
3392,（使徒*よ、）言うのだ。「アッラー*だけで、私とあなた方の間の証人は十分。かれは諸天と大地にあるものをご存知なのだ。そして虚妄を信じ、アッラー*を否定した者たち、それらの者たちこそは損失者なのである」。,
3393,（使徒*よ、）彼らはあなたに、懲罰を（下すことを）性急に求める[1]。そして定められた期限さえなければ、懲罰は彼らのもとに到来したのである。それは必ずや、彼らが気付かないままに、彼らのもとを突然訪れるのだ。 <sup foot_note=>1</sup>,
3394,彼らはあなたに、懲罰を（下すことを）性急に求める。本当に地獄は、不信仰者*たちをまさに包囲しているというのに。,
3395,懲罰が彼らをその（頭）上から、そしてその足元から覆い込む、（復活の）その日。かれ（アッラー*）は、仰せられるのだ。「あなた方が（現世で）行っていたこと（の報い）を味わえ」。,
3396,信仰するわが僕たちよ、本当に我が大地は広いのだ[1]。ならば（移住*し）、われをこそ崇拝*せよ。 <sup foot_note=>1</sup>,
3397,全ての者は死を味わうのだ。それからあなた方は、（清算のため、）われらのもとへと戻される。,
3398,信仰し正しい行い*を行う者たち、われら*は必ずや彼らを、その下から河川が流れる楽園の高き住まいに、永遠に住まわせよう。（アッラー*の服従行為を）行っていた者たちの褒美は、何と素晴らしいことか。,
3399,（彼らは）忍耐*し、その主*にこそ、全てを委ねる*者たち。,
3400,自らの糧を調達することのない、どれほど多くの地を歩む生き物に対し、アッラー*は糧を授けられることか？[1]そしてあなた方にも？かれはよくお聞きになるお方、全知者であられる。 <sup foot_note=>1</sup>,
3401,（使徒*よ、）もしも、あなたが彼ら（シルク*の徒）に「諸天と大地をお創りになり、太陽と月を仕えさせられたお方は誰なのか？」と尋ねれば、彼らは決まって（こう）言うのだ。「アッラー*である」。ならば一体、どうしてあなた方は（アッラー*の信仰から）背かされるのか？,
3402,アッラー*はその僕たちの内、かれがお望みの者に糧を豊富に与えられ、また（かれがお望みになる）外の者には控えられる[1]。本当にアッラー*は、全てのことをご存知のお方なのだ。 <sup foot_note=>1</sup>,
3403,また（使徒*よ）、もしもあなたが彼ら（シルク*の徒）に、「天から（雨）水を降らしになり、それによって大地を、その死後に息吹かせられた[1]のは誰か？と尋ねれば、彼らは決まって（こう）言うのだ。「アッラー*である」。言ってやれ。「アッラー*に称賛*あれ」。いや、彼らの大半は弁えない。 <sup foot_note=>1</sup>,
3404,この現世の生活は戯れごとと遊興に過ぎない[1]。そして本当に来世の住まい、それこそが（真の）生なのである。もし彼らが（そのことを）知っていたならば。 <sup foot_note=>1</sup>,
3405,彼ら（不信仰者*）が船に乗っ（て転覆を怖れ）た時には、アッラー*だけに真摯に崇拝*を捧げつつ[1]、かれに祈るのだ。そして、かれが自分たちのことを陸地に救って下さった時には、どうであろう、シルク*を犯すのである。 <sup foot_note=>1</sup>,
3406,こうして彼らは、われら*が彼に与えたもの[1]に対して恩知らずとなり、（再び現世で）楽しむのだ。彼らはやがて、（自分たちの行いの悪い結果を）知ることになる。 <sup foot_note=>1</sup>,
3407,一体、彼ら（不信仰者*）は、われら*が安全なる聖域[1]を設けたのを、見ないのか？その周りから、人々は攫われている[2]というのに。一体、彼らは虚妄をこそ信じ、アッラー*の恩恵については恩知らずであるというのか？[3] <sup foot_note=>1</sup>,
3408,アッラー*に対して嘘をでっち上げた者よりも、ひどい不正*を働く者があろうか？あるいは真理を、それが自分のもとに到来した後、嘘呼ばわりした者よりも？地獄にこそ、不信仰者*たちの住処があるのではないか？,
3409,われら*において努力奮闘する者[1]たち、われら*は必ずや彼らを、われら*の道[2]へと導こう。そして本当にアッラー*は、善を尽くす者たちとまさしく共にあるのだ[3]。 <sup foot_note=>1</sup>,
3410,アリフ・ラーム・ミーム[1]。 <sup foot_note=>1</sup>,
3411,ビサンチン（軍）は、敗北した。,
3412,最も近接した地[1]で。そして彼らはその敗北の後、やがて勝利するであろう。 <sup foot_note=>1</sup>,
3413,数年[1]の内に。アッラー*にこそ、（ビサンチン軍の勝利）以前と以後の、（全ての）物事は属する。そしてその日、信仰者たちは歓喜するのだ、[2] <sup foot_note=>1</sup>,
3414,（ビサンチンに授けられた）アッラー*の勝利に。アッラー*は、かれがお望みになる者をお助けになる。かれは偉力ならびない*お方、慈愛深い*お方であられる。,
3415,アッラー*のお約束を（、信仰者たちに約束された）。アッラー*はそのお約束を、破られない。しかし、（マッカ*の不信仰な）人々の大半は知らないのだ。,
3416,彼らは、現世の生活の上辺のことは知っている。実に来世に関しては、まさしく無頓着な者たちなのだが。,
3417,一体、彼らは自分自身について熟考しなかったのか？[1]アッラー*が諸天と大地、その間にあるものをお創りになったのは、真理と定められた時期（である復活の日*）[2]ゆえに外ならない。本当に人々の多くはまさしく、自分たちの主*との拝謁に対する否定者なのである。 <sup foot_note=>1</sup>,
3418,一体、彼らは地上を旅し、彼ら以前の（不信仰）者*たちの結末がいかなるものであったかを見なかったのか？その者たちは彼らよりも力が強く、大地を耕し、彼らがそれ（大地）を開拓したのよりも沢山、開拓したのだ。そして彼らの使徒*たちは、明証を携えて彼らのもとに到来した。アッラー*が彼らに不正*を働くなどということは、あり得べくもなかったのだ。しかし彼らが、自分自身に不正*を働いていたのである。,
3419,そしてアッラー*の御徴を嘘とし、それを嘲笑することによって悪を働いていた者たちの結末は、最悪なものである。,
3420,アッラー*は創造を始め給い、それからそれをお戻しになり、やがてあなた方は、かれの御許にこそ戻られる。,
3421,そして（復活*の）その時が到来する日、罪悪者たちは（自分たちの救い難い状況に、）落胆する。,
3422,また彼らには、彼ら（がアッラー*）の同意者（として崇めていたもの）たちからの、いかなる執り成し手もいない[1]。そして彼らは、彼ら（がアッラー*）の同意者（として崇めていたもの）らへの否定者となる。[2] <sup foot_note=>1</sup>,
3423,（復活の）その時が到来する日、彼ら（信仰者と不信仰者*）はその日、離れ離れになる。,
3424,信仰し、正しい行い*を行った者たちといえば、彼らは（天国の）庭園で、喜悦を授けられる。,
3425,そして不信仰に陥り*、われら*の御徴と来世における拝謁を嘘としていた者たちはといえば、それらの者たちは懲罰に立ち合わされる者となる。,
3426,あなた方が夜を迎える時と朝を迎える時、アッラー*に称え*あれ（、と称えよ）。,
3427,ーーかれにこそ、諸天と大地における称賛*があるーー。また、夜に、そしてあなた方が昼を迎える時に（称えよ）。,
3428,かれは死から生を取り出され、生から死を取り出される[1]。また、かれは大地をその死後に、息吹かせられる[2]。そして同様に（人々よ、）あなた方は、（清算のため、墓場から呼び）出されるのである。 <sup foot_note=>1</sup>,
3429,かれ（アッラー）が、あなた方（の父祖アーダム*）を土からお創りになり[1]、それから何と、あなた方が（アッラー*の恩寵を求めて、大地に）散開する人間となったことは、かれの（偉大さと御力を示す）御徴の一つである。 <sup foot_note=>1</sup>,
3430,また、かれがあなた方自身からあなた方のために、あなた方が安らぐために妻をお創りになり[1]、あなた方の間に愛情と慈悲の念をお授けになったことは、かれの（偉大さと御力を示す）見徴の一つである。本当にそこにはまさしく、熟考する民への御徴がある。 <sup foot_note=>1</sup>,
3431,また諸天と大地の創造と、あなた方の言葉と（肌の）色の違いは、かれの（偉大さと御力を示す）御徴の一つである。実にそこにはまさしく、知識ある者たちへの御徴がある。,
3432,また、夜と昼におけるあなた方の睡眠と、かれの恩寵に対するあなた方の追求[1]は、かれの（偉大さと御力を示す）御徴の一つである。本当にそこにはまさしく、耳を傾ける者たちへの御徴がある。 <sup foot_note=>1</sup>,
3433,また、かれがあなた方に、（あなた方が）恐怖と待望[1]を抱く稲光をお見せになり、天から（雨）水を降らせて、それによって大地をその死後に息吹かせる[2]のは、かれの（偉大さと御力を示す）御徴の一つである。本当にそこにはまさしく、弁える民への御徴があるのだ。 <sup foot_note=>1</sup>,
3434,また、天と大地がかれのご命令によって成り立っている[1]のは、かれの（偉大さと御力を示す）御徴の一つである。それから（復活の日*、）かれがあなた方を大地から（出てくるように）一声呼びかけれれば、どうであろう、あなた方は（墓場から）出されるのである。 <sup foot_note=>1</sup>,
3435,そして、かれにこそ諸天と大地にいる（全ての）者は属する。全ては、かれに謹んで使える者たちなのだ。,
3436,また、かれは想像をお始めになり、やがてそれを戻し給うお方ーーそれはかれにとって（最初の創造）より容易いことーー。また、かれにこそ諸天と大地における最高の属性がある[1]。かれは偉力ならびない*お方、英知あふれる*お方。 <sup foot_note=>1</sup>,
3437,（シルク*の徒よ、）かれはあなた方に、あなた方自身の内から、一つの譬えを挙げられた。あなた方に、われら*があなた方に授けた物において、自分たちの右手が所有するもの（奴隷*）である共同者がいたら？そしてあなた方（とその共同者）がそこにおいて同等であり、あなた方があたかも（自由民である）あなた方自身を怖れるように、彼らを怖れるとしたら（、そのようなことはあなた方の気に入らないであろう）？[1]同様にわれら*は弁える民に対し、御徴を明らかにするのである。 <sup foot_note=>1</sup>,
3438,いや、不正*を働いた者たちは知識もなく、自らの欲望に従ったのだ。そしてアッラー*が迷わせ給うた者[1]を、だれが導くというのか？彼らには、（アッラー*の懲罰から救ってくれる）いかなる援助者もないというのに。 <sup foot_note=>1</sup>,
3439,ならば、（使徒*よ）、あなたの顔を純正[1]な宗教（イスラーム*）へと正すのだ。アッラー*がそのように人々をお創りになった、アッラー*の天性[2]に（従え）。アッラー*の創造（と宗教）に変更はないのだぞ。それがまっすぐな宗教。しかし人々の大半は、分からないのだ。 <sup foot_note=>1</sup>,
3440,かれ（アッラー*）に、よく（悔悟して）立ち返りつつ（従え）。またかれを畏れ*、礼拝を遵守*し、シルク*の徒の仲間となるのではない。,
3441,自分たちの宗教を分裂させ、いくつもの分派となった者たちの内の（仲間とはなるな）。各派は、自分たちのもの（宗教）に有頂天でいる[1]。 <sup foot_note=>1</sup>,
3442,害悪が人々に降りかかれば、彼らはよく（悔悟して）立ち返る者となり、（救いを求めて）自分たちの主*に祈る。それから、かれがその御許からのご慈悲を彼らに味わわせられれば、どうであろう、彼らの内の一派は自分たちの主*に対してシルク*を犯すのである。,
3443,こうして彼らは、われら*が彼に与えたもの[1]に対して恩知らずとなるのだ。（シルク*の徒よ、現世の富を）楽しんでいよ。あなた方はやがて、（自分たちの行いの悪い結果を）知ることになるのだから。 <sup foot_note=>1</sup>,
3444,いや、一体、われら*が、彼らに根拠[1]を下したとでも？そしてそれが、彼らがかれ（アッラー*）に対してシルク*を犯していたこと（の正当性）について、語るとでも？ <sup foot_note=>1</sup>,
3445,われら*が人々に慈悲[1]を味わわせれば、彼らは（感謝することなく）それに有頂天になる。そして、もし彼らに、自分たちが行っていたことゆえに悪[2]が降りかかれば、どうであろう、彼らは絶望の底に陥るのだ。 <sup foot_note=>1</sup>,
3446,彼らはアッラー*が、かれがお望みの者に糧を豊富に与えられ、また控えられる[1]のを知らないのか？本当にそこにはまさしく、信仰する民への御徴があるのだ。 <sup foot_note=>1</sup>,
3447,ならば（信仰者よ）、近親の者、貧者*、旅路（で苦境）にある者に、その権利[1]を与えよ。それがアッラー*の御顔を望む者たちにとってより善いのであり、それらの者たちこそが成功者なのだから。 <sup foot_note=>1</sup>,
3448,あなた方が人々の財産から儲けるべく、利息として与えたもの（借金）ならば、それはアッラー*の御許では儲からない。そしてあなた方がアッラー*の御顔を望みつつ、浄財*の内から与えるのであれば、それらの者たちこそは（褒美を）倍増する者たちである。,
3449,アッラー*は、あなた方をお創りになり、それから（現世で）あなた方に糧をお授けになり、やがてあなた方に死を与えられ、それから（復活の日*、）あなた方に生を与えられるお方。一体、あなた方（がアッラー*）の共同者（として崇めているもの）たちの内、それらのいずれかでも行う者はいるのか？かれに称え*あれ、かれは彼らがシルク*を犯しているものから（無縁で）、遥か高遠なお方であられる。,
3450,人々の手が稼いだもの（罪）ゆえに、陸と海に腐敗[1]が出現したのである。それはかれ（アッラー*）が、彼らの行ったある種のこと（ゆえの懲罰）を、彼らに味わわせ給うためなのだ。彼らが、（悔悟して）立ち返るように。 <sup foot_note=>1</sup>,
3451,（使徒*よ、）言え。「地上を旅して、過去の（不信仰）者*たちの結末がどのようなものであったか、見てみるがよい」。彼らの大半は、シルク*の徒だったのだ。,
3452,ならば（使徒*よ）、アッラー*から押し戻す術のない（復活*の）その日が到来する前に、あなたの顔をまっすぐな宗教（イスラーム*）へと正せ[1]。彼らはその日、散り散りになる。 <sup foot_note=>1</sup>,
3453,不信仰である者*には、自分自身に自らの不信仰（ゆえの罰）がある。そして（信仰して）正しい行い*を行う者は、自分たちのために（天国の住まいの）支度をしているのである。,
3454,（それは）信仰し、正しい行い*を行う者たちに、かれ（アッラー*）がそのご恩寵からお報いになるため。本当にかれは、不信仰者*たちをお好みにはならないのだから。,
3455,かれが吉報を告げる風を送られることは、かれの（偉大さと御力を示す）御徴の一つである。かれがそのご慈悲からあなた方に味わわせ給い、（かれのご命令とご意思によって）船が進み、あなた方がかれのご恩寵を求めるようにするため（、かれはそうされたのだ）。あなた方が感謝するように、と。,
3456,（使徒*よ、）われら*は確かにあなた以前、使徒*たちをその民へと遣わした。そして彼ら（使徒*たち）は、彼らのもとに明証[1]を携えて到来し（だが、民の大半は信じなかったので）、われら*は罪悪を働いた者たちに報復した。信仰者たちの援助は、もとよりわれら*にとって必須だったのだ。 <sup foot_note=>1</sup>,
3457,アッラー*は風を送られるお方。そしてそれ（風）は雲を追いやり、かれ（アッラー*）はお望みのままに、それ（雲）を天に散りばめ、断片にされる。そしてあなたは、その間から雨が出てくるのを見るのだ。また、かれがそれ（雨）を、かれの僕たちの内、彼がお望みになる者にお降らしになると、どうであろう、彼らは心躍らせる。,
3458,かれが彼らの上に（雨を）お降らしになる前、それ以前には、本当に彼らはまさしく（旱魃に）落胆する者であったというのに。,
3459,ならば、かれがどのようにして大地をその死後に生き返らされるか、アッラー*のご慈悲の跡[1]を（しかと）見てみよ。本当にそれこそは、死んだものに生を与えられるお方。かれは全てのことがお出来のお方なのだ。 <sup foot_note=>1</sup>,
3460,そして、もしもわれら*が（彼らの作物に有害な）風を送り、それが（枯れて）黄色くなってしまうのを彼らが見れば、彼らはその後、（一転して）否定し続ける[1]。 <sup foot_note=>1</sup>,
3461,ゆえに（使徒*よ）本当にあなたは、死人に聞かせることも、聾に呼びかけを聞かせることも出来ない。もし彼らが、背を向けて立ち去るのであれば。[1] <sup foot_note=>1</sup>,
3462,また（使徒*よ）、あなたは、盲人[1]をその迷いから導く者でもない。あなたが聞かせられるのは、われら*の御徴を信じる者だけであり、彼らは服従する者（ムスリム*）なのだ。[2] <sup foot_note=>1</sup>,
3463,アッラー*はあなた方を弱さ[1]からお創りになり、それから（幼児期の）弱さの後、（成人の）強さをお授けになり、そして強さの後に、弱さと老衰を与えられたお方。かれはお望みのものをお創りになる。かれは全知者、全能者なのだ。 <sup foot_note=>1</sup>,
3464,（復活*の）その時が起こる日、罪悪者（シルク*の徒）たちは、自分たちが僅かな時間しか（現世で）過ごさなかった、と誓う[1]。そのように、彼らは（現世で、真理から）背かされていたのだ。 <sup foot_note=>1</sup>,
3465,また、知識と信仰心を授けられた者たち[1]は、言う。「あなた方は確かに、アッラー*の書の中で[2]、（あなた方が誕生した日から）復活の日まで、過ごしていたのである。そしてこれが復活の日なのだが、あなた方は知らなかった[3]のだ」。 <sup foot_note=>1</sup>,
3466,そしてその日、不正*者たちをその言い訳が益することはなく、彼らが（、アッラー*の）ご満悦を得ることも課されることはない[1]。 <sup foot_note=>1</sup>,
3467,われら*はこのクルアーン*の中で確かに、人々に対してあらゆる譬えを挙げた。そして（使徒*よ）、もしもあなたが彼らに御徴[1]をもたらしても、不信仰に陥った者*たちは必ずや（こう）言うであろう。「（使徒*とその信徒たちよ、）あなた方は虚妄の徒以外の何ものでもない」。 <sup foot_note=>1</sup>,
3468,同様にアッラー*は、知らない者たち[1]の心を閉じられる。 <sup foot_note=>1</sup>,
3469,ならば（使徒*よ）、あなたは忍耐*せよ。本当にアッラー*のお約束は、真実なのだから。そして（復活とその日の報いを）確信しない者たちが、あなたを動揺させるようなことがあっては、断じてならない。,
3470,アリフ・ラーム・ミーム[1]。 <sup foot_note=>1</sup>,
3471,それは完全無欠[1]な啓典の御徴である。 <sup foot_note=>1</sup>,
3472,導きと、善を尽くす*者たちへの慈悲。,
3473,（彼らは）礼拝を遵守*し、浄財*を払い、そして来世をこそ、まさに確信する者たち。,
3474,それらの者たちは、その主*の導きの上にあり、それらの者たちこそは成功者である。,
3475,人々の中には、知識もなくアッラー*の道から迷わせ、（アッラー*の御徴を）嘲笑の的とすべく、下らない話[1]を買う者がいる。それらの者たち、彼らにこそ屈辱の懲罰があるのだ。 <sup foot_note=>1</sup>,
3476,そして、われら*の御徴が読誦されたときには、まるでそれを聞かなかったかのように、あたかもその両耳に重しがあるかのように[1]して、高慢にも立ち去った。ならば彼には、痛ましい懲罰の吉報を告げよ[2]。 <sup foot_note=>1</sup>,
3477,本当に信仰し、正しい行い*を行う者たち、彼らには安寧の楽園がある。,
3478,彼らはそこに永遠に留まる。アッラー*の真実のお約束。かれは偉力ならびない*お方、英知あふれる*お方。,
3479,アッラー*は諸天を、いかなる柱もなしにお創りになった。あなた方は、それを目にしている[1]。また、かれは大地に、それがあなた方と共に揺れ動かないよう、堅固な山々を投げ入れられ、そこに地を歩むあらゆる生物を散開させられた。そしてわれら*[2]は天から（雨）水を降らせ、そこ（大地）にあらゆる貴い種類のものを生育させたのだ。 <sup foot_note=>1</sup>,
3480,これがアッラー*の創造である。ならば（シルク*の徒よ）、彼以外の者たちが創ったものを、私に見せてみよ。いや、不正*者たちは紛れもない迷妄の中にあるのだ。,
3481,われら*は確かに、ルクマーン[1]に英知[2]を授け（、こう言っ）た。「アッラー*に（その恩恵に対して）感謝せよ。感謝するならば、彼は自分自身を益するために感謝するに外ならないのであり、恩知らずになるのであれば、実にアッラー*は（そのような者の感謝を必要とはされない）満ち足りた*お方、称賛されるべき*お方なのである」。 <sup foot_note=>1</sup>,
3482,（使徒*よ、）ルクマーンがその息子に、彼を戒めつつ、（こう）言った時のこと（を思い起こさせよ）。「我が息子よ、アッラー*に対してシルク*を犯すのではない。本当にシルク*はまさしく、この上ない不正*なのだから」。,
3483,ーーわれら*は人間に、両親に対して（孝行を）命じた[1]。彼の母親は、衰弱の上に衰弱を重ねて、彼を身ごもったのである。そして乳離れ（まで）は、二年かかるのだ。（われらは言った）。「われに感謝せよ。そしてあなたの両親に。われにこそ行先があ（り、そこでわれは全ての者に応報す）るのだから。 <sup foot_note=>1</sup>,
3484,そして（信仰者の息子よ、）もし彼ら二人が、あなたが（崇拝*の正当性について）何も知らないものをわれに並べるべく、あなたに執拗に迫ってきたならば、彼らに従うのではない[1]。また現世において、彼らに適切な形[2]で同伴せよ。そしてわれによく（悔悟して）立ち返る者の道[3]に従うのだ。それからわれにこそ、あなた方の帰り所があるのであり、われは自分たちが（現世で）行っていたことについて、あなた方に告げ聞かせるのである」ーー。 <sup foot_note=>1</sup>,
3485,（ルクマーンは言った。）「我が息子よ、実にそれが（悪行であれ、善行であれ）、たとえ芥子種一粒の重さ（ほどのもの）であり、岩の中にあったとしても、または諸天（のどこか）、あるいは大地（のどこか）にあったとしても、アッラー*は（復活の日*）それを持ち出してこられ（、秤におかけにな）るのだ。本当にアッラーはまさしく、霊妙な*お方、（全てに）通暁されたお方なのだから。[1] <sup foot_note=>1</sup>,
3486,我が息子よ、礼拝を遵守*し、善事を命じ、悪事を禁じよ[1]。そしてあなたに降りかかったことにおいて、忍耐*するのだ。本当にそれこそは、決意を固めるべき事柄の内の者である。 <sup foot_note=>1</sup>,
3487,また、あなたの頬を（高慢さから斜に構えて）人々に向けてはならず、大地を得意然として歩いてはならない。本当にアッラー*は尊大ぶった高慢ちきな者をお好みにはならないのだから。,
3488,また、あなたの歩みにおいて節度を保ち[1]、自分の声を抑えよ。実に最も嫌な声とは、まさしくロバの声なのだから[2]」。 <sup foot_note=>1</sup>,
3489,（人々よ、）一体あなた方は、アッラー*があなた方に諸天にあるものと大地にあるものを仕えさせられ、かれの露わな、そして密かな恩恵[1]を、あなた方に全うされたのを見ないのか？人々の中には、知識も導きも光明の書[2]もないのに、アッラー*（の唯一性*）について（盾突いて）議論する者がいる。 <sup foot_note=>1</sup>,
3490,また、彼らに「アッラー*が（預言者*ムハンマド*に）下されたものに従え」と言われれば、彼らは（こう）言った。「いや、私たちは、私たちが見出した自分たちのご先祖様のやり方[1]に従う」。一体、シャイターン*が彼らを烈火の懲罰へと招いているというのに、（彼らはそうするの）か？ <sup foot_note=>1</sup>,
3491,誰であろうと、善を尽くす者*でありつつ、アッラー*のみに顔を向けて服従する者[1]、その者は堅固な取っ手を確かに握り締めたのである。そしてアッラー*にこそ、物事の結末は属するのだ。 <sup foot_note=>1</sup>,
3492,また（使徒*よ）、不信仰に陥った者*がいても、その不信仰があなた[1]を悲しませるようなことがあってはならない。（復活の日*、）われら*にこそ彼らの帰り所はあり、われら*は彼らに自分たちが行ったことを告げ聞かせ（、それに報いを与え）るのだから。本当にアッラー*は、胸中をご存知になるお方なのである。 <sup foot_note=>1</sup>,
3493,われら*は彼らを（現世で）少し楽しませ、それから（復活の日*）荒々しい懲罰へと、彼らを無理強いする。,
3494,また（使徒*よ）、もしもあなたが彼ら（シルク*の徒）に「諸天と大地を創造されたのは、誰か？」と尋ねれば、彼らはきっと（こう）言う。「アッラー*である」。言ってやれ。「（彼らの誤りを、彼ら自身に証明させた）アッラー*に称賛*あれ」。いや、彼らの大半は知らないのだ。,
3495,アッラー*にこそ、諸天と大地にあるものは属する。本当にアッラー*は満ち足りた*お方、称賛されるべき*お方。,
3496,そして、もし大地にある（全ての）木が筆となり、（水がインクと化した）海があって、その（インクが尽きた）後を、七つの海が（インクで）補充したとしても、アッラー*の御言葉は書き尽くせなっただろう[1]。本当にアッラー*は、偉力ならびない*お方、英知あふれる*お方。 <sup foot_note=>1</sup>,
3497,（人々よ、アッラー*にとって）あなた方の創造と、あなた方の復活は、人間一人（の創造と復活）のような（容易い）もの。本当にアッラー*はよくお聞きになるお方、よくご覧になるお方。,
3498,（使徒*よ、）一体あなたは、アッラー*が夜を昼にお入れになり、昼を夜にお入れになる[1]のを見ないのか？また、かれが太陽と月ーー（その）いずれも、定められた時期（である復活の日*）まで運行し続けるーーを仕えさせられたのを？また、アッラー*があなた方の行うこと（全てに）通暁されているのを？ <sup foot_note=>1</sup>,
3499,それはアッラー*こそが真理であり、彼ら（シルク*の徒）が、かれを差しおいて祈っているものが、虚妄であるため。そしてアッラー*こそが、至高の*お方、大いなる*お方であるためなのだ。,
3500,一体あなたは、船が（創造物に対する）アッラー*の恩恵と共に、海を進むのを見ないのか？（それは）かれが、その御徴[1]のいくつかをあなた方にお見せになるため。本当にそこにはまさしく、忍耐*強く感謝深い全ての者[2]への御徴がある。 <sup foot_note=>1</sup>,
3501,また、波が雲のように彼ら（シルクの徒）を覆（い、溺死の恐怖が襲）えば、彼らはアッラーだけに真摯に崇拝行為を捧げつつ、祈るのである[1]。そしてかれが彼らを陸にお救いになれば、彼らの中にはいい加減な者[2]もいる。われら*の御徴を否定するのは、あらゆる無節操で不信心この上ない者のみなのだ。 <sup foot_note=>1</sup>,
3502,人々よ、あなた方の主*を畏れ*よ。また、父親が自分の子を益することがなく、子どももまた、その父親に対して少しの役にも立つことがない（復活の）日*を恐れよ。本当にアッラー*のお約束は真実なのだ。ならば決して、現世の生活があなた方を欺いたり、欺く者[1]があなた方を、アッラー*において欺いたりすることがあってはならない。 <sup foot_note=>1</sup>,
3503,本当にアッラー*、かれの御許にこそ、（復活の日*の）その時の知識がある。またかれは慈雨をお降らしになり、子宮の中にあるものをご存知になる。そしていかなる者も、自分が明日かせぐことになるものを知らず、いかなる者も、自分がいずこの地で死ぬことになるかを知らないのだ。本当にアッラー*は、全知者、（全てに）通暁されるお方。[1] <sup foot_note=>1</sup>,
3504,アリフ・ラーム・ミーム[1]。 <sup foot_note=>1</sup>,
3505,（このクルアーン*は）全創造物の主*からの、疑惑の余地のない、啓展の降示である。,
3506,いや、彼ら（シルク*の徒）は、「彼（ムハンマド*）がそれ（クルアーン*）を捏造したのだ」と言う。いや、（使徒*よ、）それはあなたが、あなた以前にいかなる警告者も訪れなかった民[1]を警告するための、あなたの主*からの真理なのである。（それは）彼らが、導かれるようにするためなのだ。 <sup foot_note=>1</sup>,
3507,アッラー*は諸天と大地、その間のものを六日間でお創りになり[1]、それから御座に上がられた[2]。かれを差しおいて、あなた方にはいかなる庇護者も執り成し手もいない。一体、あなた方は教訓を受けないのか？ <sup foot_note=>1</sup>,
3508,かれは天から地まで（創造物の）物事を司られ、やがてはそれは、あなた方が（現世で）数える千年の長さに相当する日*、かれの御許へ昇っていく。[1] <sup foot_note=>1</sup>,
3509,それは不可視の世界*と現象界[1]をご存知のお方、偉力ならびない*お方、慈愛深い*お方。 <sup foot_note=>1</sup>,
3510,（かれは、）かれがお創りになった全ての物事を、最善の形にされたお方。またかれは、人間の（祖アーダム*の）創造を泥土から始められた[1]。 <sup foot_note=>1</sup>,
3511,それからかれはその子孫を、卑しい液体[1]から抽出した物とされた。 <sup foot_note=>1</sup>,
3512,それからかれは彼を整えられ、かれの魂[1]から、そこに吹き込まれた。そしてかれはあなた方に、聴覚と視覚と心を備え付けて下さったのだ。あなた方が感謝することの、少ないこと。 <sup foot_note=>1</sup>,
3513,彼ら（シルク*の徒）は言った。「一体、私たちが（新で砂となり、）地中に消え失せた後、本当に私たちが新たに創造[1]されるとでもいうのか？」いや、彼らは（復活の日*の）自分たちの主*と拝謁を、否定する者たちである。 <sup foot_note=>1</sup>,
3514,（使徒*よ、）言ってやるがいい。「あなた方を任された死の天使[1]が、あなた方（の魂）を召すのだ。それからあなた方の主*の御許にこそ、あなた方は戻らされ（て、行いの清算を受け）る」。 <sup foot_note=>1</sup>,
3515,そして、もしあなたが、自分たちの主*の御許で頭をうなだれている[1]罪悪者たちを見るならば。（彼らは言うのだ）。「我らが主*よ、私たちは見、聞きました[2]。ですから、私たちを（現世に）返してください。そうすれば、正しい行い*を行います。本当に私たちは（今や、あなたの唯一性*と復活を）確信する者なのですから」。[3] <sup foot_note=>1</sup>,
3516,また、もしわれら*が望めば、全ての者に導きを与えたであろう。しかし、「われは必ずや、地獄を全ての（不信仰な）ジン*と人々で満たすのだ」という、われら*からの言葉が確定したのである。[1] <sup foot_note=>1</sup>,
3517,ならば（シルク*の徒よ）、自分たちのこの日の拝謁を忘れていたゆえに、（懲罰を）味わえーー実にわれら*も、あなた方を忘れたのだ[1]－－。そしてあなた方が行っていたこと（不信仰や罪）ゆえに、永遠の懲罰を味わえ。 <sup foot_note=>1</sup>,
3518,われら*の御徴（アーヤ*）を信じ（、その教えを実践す）るのは、それで教訓を与えられれば思い上がることなくサジダ*して崩れ落ち、自分たちの主*の称賛*と共に（かれを）称える*者たちに外ならない。（読誦のサジダ*）,
3519,（懲罰）を怖れ、（褒美を）望みつつ、その主*に祈りながら、彼らの脇腹は寝床から遠ざかる[1]。そして彼らは、われら*が授けたものから（施しのために）費やす[2]のだ。 <sup foot_note=>1</sup>,
3520,また、いかなる者も、彼ら（信仰者たち）が行っていた（善い）ことゆえの報いとして、彼らのために秘蔵された喜びを知らない。[1] <sup foot_note=>1</sup>,
3521,一体、信仰者だった者は、放逸だった者と同様だろうか？彼らは同等ではない。,
3522,信仰し、正しい行い*を行っていた者たちはといえば、彼らには自分たちが行っていたことゆえの御もてなしとして、（真の）住処の楽園がある。,
3523,そして、放逸であった者たちはといえば、その住処は（地獄の）業火。そこから出ようとするたび、彼らはそこに戻される。そして（こう）言われるのだ。「あなた方が嘘呼ばわりしていた、業火の懲罰を味わうがよい」。,
3524,また、われら*は必ずや彼らを、最大懲罰ではなく、最小の懲罰[1]から味わわせよう。（それは）彼らが、（その罪から）立ち返るようにするため。 <sup foot_note=>1</sup>,
3525,自分の主*の御徴で教訓を与えられていながら、それに背を向ける者よりもひどい不正*を働く者がいようか？本当にわれら*は、罪悪者らに報復する者なのである。,
3526,われら*は確かに、ムーサー*に啓典（トーラー*）を授けた。ならば、彼との面会[1]について、疑わしく思ってはならない。そしてわれら*はそれを、イスラーイールの子ら*への導きとしたのだ。 <sup foot_note=>1</sup>,
3527,また、われら*は彼ら（イスラーイールの子ら*）が忍耐*した時、彼らの内から、われら*の命令によって導く導師たちを出した。そして彼らは、われら*の御徴をこそ、確信していたのである。,
3528,本当に（使徒*よ）、あなたの主*こそは復活の日*、彼らが（宗教に関し）意見を異にしていたことについて、彼らの間をお裁きになる。,
3529,そして一体、われら*が彼ら以前に、どれほど多くの（不信仰な）民*を滅ぼしたか、彼らには明らかになっていないのか？彼らはその者たちの住居の中を、（その滅亡の跡を目にして）歩いているというのに？本当にその中にはまさしく、御徴[1]がある。一体、彼らは（アッラー*の御言葉に）耳を傾けないのか？ <sup foot_note=>1</sup>,
3530,また一体、彼らはわれら*が不毛の地に水を引っぱって行き、それによって作物を生育させるのを見なったのか？彼らの家畜と彼ら自身は、そこから食するのだ。一体、彼らは（この恩恵を）目にしないのか？[1] <sup foot_note=>1</sup>,
3531,彼ら（シルク*の徒）は言う。「（私たちが懲罰を受けるという）その裁決は、いつなのかね？[1]もしあなた方が、本当のことを言っているのなら？」 <sup foot_note=>1</sup>,
3532,（使徒*よ、）言ってやれ。「裁決の日、不信仰だった者*たちをその信仰が益することはなく[1]、彼らが猶予を与えられることもない」。 <sup foot_note=>1</sup>,
3533,ならば彼らから離れ、（アッラー*の彼らに対する処分を）待つのだ。実に彼らも（あなた方の不幸を）、待つ者たちなのである。,
3534,預言者*よ[1]、アッラー*を畏れ*よ。そして不信仰者*たちと偽信者*たちに従ってはならない。本当にアッラー*はもとより、全知者、英知あふれる*お方なのだから。 <sup foot_note=>1</sup>,
3535,また、あなたの主*からあなたに下されたもの（啓示）に従え。本当にアッラー*は、あなた方が行うこと（全て）に通暁されたお方である。,
3536,そしてアッラー*にこそ、全てを委ねる*のだ。アッラー*だけで、委任者[1]は十分なのである。 <sup foot_note=>1</sup>,
3537,アッラー*はいかなる者にも、その内面に二つの心をお与えにはならなかった[1]。またかれは、あなた方がズィハール*するあなた方の妻たちを、あなた方の母親とはされなかったし、あなた方の養子を、あなた方の（イスラーム*法的に正当な）子供ともされなかった。それはあなた方の口先の言葉である。そしてアッラー*は真実を語られるのであり、かれが（正しい）道へとお導きになるのだ。 <sup foot_note=>1</sup>,
3538,彼ら（養子）を、その（生みの）父親に帰属させて呼べ。それがアッラー*の御許で、より公正なのだから。そしてもし、あなた方が彼らの（生みの）父親を知らないのであれば、（彼らは）宗教におけるあなた方の同胞であり、盟友である。また、あなた方が（意図せず）間違ったことにおいて、あなた方にはいかなる罪もないが、（アッラー*がお咎めになるのは）あなた方の心が意図したことなのである。アッラー*はもとより、赦し深いお方、慈愛深い*お方。,
3539,預言者*（ムハンマド*）は、信仰者たちに関し、彼ら自身よりも優先されるのであり[1]、その妻たちは彼らの母親なのである[2]。また近親関係にある者たちは（遺産相続に関し）、アッラー*の定めにおいて、信仰者たちやムハージルーン*よりもお互いに優先される[3]。但し、あなた方の盟友に善事を行うこと[4]は別である。それはもとより、書（守られし碑板*）の中に記されていたのだ。 <sup foot_note=>1</sup>,
3540,（預言者*よ、）われら*が預言者*たちから、彼らの確約[1]を取った時のこと（を思い出せ）。またあなたから、そしてヌーフ*、イブラーヒーム*、ムーサー*、マルヤム*の子イーサー*から（確約を取った時のことを）[2]。われら*は彼らから、厳粛なる確約を取ったのだ。 <sup foot_note=>1</sup>,
3541,（それは）かれ（アッラー*）が誠実な者たちに（復活の日*）、その誠実さについてお尋ねになる[1]ため。そしてかれは不信仰者*たちに、痛ましい懲罰を用意された。 <sup foot_note=>1</sup>,
3542,信仰する者たちよ、あなた方に対するアッラー*の恩恵を思い起こすのだ。あなた方のもとに軍勢[1]が到来し、われら*が彼らに風と、あなた方には見えなかった軍勢を遣わした時のことを[2]。アッラー*はもとより、あなた方が行うことをご覧になっていたのだ。 <sup foot_note=>1</sup>,
3543,あなた方の上方から、そしてあなた方の下方から、彼らがやってきた時のこと（を思い出せ）[1]。また、視線が（恐怖で敵に釘づけとなって、彼ら以外の全てから）逸れ、心臓が喉元まで達し、あなた方がアッラー*に対して（様々な）憶測[2]をした時のことを。 <sup foot_note=>1</sup>,
3544,そこで信仰者たちは試練を受け、激しく動揺した。,
3545,また、偽信者*たちと心に病がある者[1]たちが、こう言った時のこと（を思い出せ）。「私たちにアッラー*とその使徒*が約束したこと[2]は、欺き以外の何ものでもなかった」。 <sup foot_note=>1</sup>,
3546,また、彼ら（偽信者*たち）の内の一団が、（こう）言った時のこと（を思い起こせ）。「ヤスリブ[1]の民よ、あなた方が（戦いで敗れるために）駐留することはない。だから、（マディーナ*の中に）戻る[2]のだ」。 <sup foot_note=>1</sup>,
3547,また、もし彼ら（偽信者*たち）がその方々から（敵軍に）侵入され、試練[1]を要求されたら、それを（進んで）差し出したであろう。そしてそこ（試練）において、少しだけしか持ち堪えることはなかったのだ。 <sup foot_note=>1</sup>,
3548,また、彼らは確かに（その戦い）以前、背を見せて逃げないとの契約を（、アッラー*とその使徒*と）結んだ。アッラー*の契約は、もとより（その遵守を）問われることになっている。,
3549,（預言者*よ、彼ら偽信者*たちに）言ってやれ。「逃亡があなた方を益することはない。たとえあなた方が死や殺害から逃れたとしても。そしてそうしたとしても、あなた方は僅かばかりしか、（この現世で）楽しませてはもらえないのだ」。,
3550,言ってやるのだ。「あなた方をアッラー*から守ってくれるのは、誰なのか？もしかれが、あなた方に災いを望まれるか、あるいはあなた方にご慈悲を望まれるならば？」彼らはアッラー*以外、自分たちへのいかなる庇護者も援助者も見出すことがない。,
3551,アッラー*は、あなた方の内（アッラー*の道における戦い）の妨害者たちと、その仲間たちに「（ムハンマド*を捨てて）私たちのもとに来るがよい）」と言う者たちを、確かにご存知である。そして彼らは僅かばかりしか、戦いにやって来ることがない。[1] <sup foot_note=>1</sup>,
3552,あなた方（信仰者たち）に対して、惜しみつつ[1]。（戦いによる死の）恐怖が到来した時、あなたは彼らがあなたを凝視するのを見たであろう。まるで死（への恐怖）ゆえに気絶する者のように、彼らの眼は回る。そして恐怖が立ち去った時には、善きもの（戦利品*）を惜しみつつ、あなた方に鋭い口調でまくし立てたのだ[2]。それらの者たちは信仰してはいなかったのであり、アッラー*はその行いを無駄にされた。それはアッラー*にとって、もとより容易いことだったのだ。 <sup foot_note=>1</sup>,
3553,彼ら（偽信者*たち）は、諸（部族）連合が行ってしまったのではない、と思っている[1]。また、もし諸（部族）連合が（再び）やって来たら、（マディーナ*を離れて）あなた方の（動向についての）知らせを尋ねつつ、ベドウィンたちと共に砂漠にいたならば、と望んだであろう。そしてもしあなた方と共にあったならば、彼らは僅かばかりしか戦うことなどなかったのだ。 <sup foot_note=>1</sup>,
3554,（信仰者たちよ、）確かに、あなた方にとってアッラー*の使徒*の内には、よき模範があった。アッラー*と最後の日*を望み[1]、アッラー*をよく唱念していた者にとっては、 <sup foot_note=>1</sup>,
3555,また信仰者たちは、諸（部族）連合を目にした時、（こう）言ったのである。「これはアッラー*とその使徒*が、私たちに約束したこと[1]。そしてアッラー*とその使徒*は、本当のことを仰られた」。それ[2]は彼らに信仰心と従順さしか上乗せしなかったのだ。 <sup foot_note=>1</sup>,
3556,信仰者たちの内には、アッラー*と契約したことに誠実であった男たちがいる。また、その中には誓約を果たした者[1]もいれば、その中には待つ者[2]もいる。彼らは（契約を）改竄してしまうことなど、なかったのだ。 <sup foot_note=>1</sup>,
3557,（これらの出来事が起こったのは、）アッラー*が誠実な者たちをその誠実さで報われ、偽信者*たちを罰されーーもし、かれが（彼らの懲罰を）お望みならばであるがーー、あるいは彼らの悔悟をお受け入れになるため。本当にアッラー*はもとより、赦し深いお方、慈愛深い*お方。,
3558,またアッラー*は、不信仰者*だった者*たちをその憤りと共に、善いことなく（マディーナ*から）退却させられた。そしてアッラー*は信仰者たちを、戦いなしで済ませて下さった[1]。アッラー*はもとより強力なお方、偉力ならびない*お方であられる。 <sup foot_note=>1</sup>,
3559,またかれは、啓展の民*の内、彼ら（部族連合）を援助した者たち[1]をその砦から引きずり出し、その心の内に恐怖を投げ入れられた。あなた方は（その）一派を殺し、（別の）一派は捕虜とする。 <sup foot_note=>1</sup>,
3560,また、かれはあなた方に、彼らの土地、彼らの住居、彼らの財産、そしてあなた方がまだ足を踏み入れてはいない土地[1]を引き継がされた。アッラー*はもとより、全てのことがお出来になるお方。 <sup foot_note=>1</sup>,
3561,預言者*よ、あなたの妻たちに言うのだ。「もし現世の生活とその飾りが欲しいのなら、来なさい。私はあなた方に贈り物[1]をやり、あなた方と綺麗さっぱり別れてやろう。 <sup foot_note=>1</sup>,
3562,そして、もしあなた方がアッラー*とその使徒*、来世の住まいを望む（がゆえに忍耐*して使徒*に従う）のなら、本当にアッラー*はあなた方の内、善を尽くす*者たちに偉大な褒美を用意されている。[1] <sup foot_note=>1</sup>,
3563,預言者*の妻たちよ、あなた方の内、紛れもない醜行[1]を犯す者があれば、その者には懲罰が二倍に倍増されよう。そしてそれはもとよりアッラー*にとって、容易いことなのだ。 <sup foot_note=>1</sup>,
3564,あなた方の内、アッラー*とその使徒*に謹んで仕え、正しい行い*を行う者があれば、われら*はその者に褒美を二度与えよう。そしてわれら*は彼女のために、貴い糧[1]を用意しておいたのだ。 <sup foot_note=>1</sup>,
3565,預言者*の妻たちよ[1]、あなた方は（その徳と地位において、）女性たちの誰とも同様ではない。もしあなた方が（アッラー*を）畏れ*るならば、（マハラム*でもない男性に対して）なよなよとした物言いをし、心に病がある者に（禁じられた）欲望を抱かせてしまってはならない。そして適切な物言い[2]をするのだ。 <sup foot_note=>1</sup>,
3566,また（必要時以外は）あなた方の家に留まり、先（代）のジャーヒリーヤ*の飾り立てのように、自らをこれ見よがしに飾り立ててはならない[1]。そして礼拝を遵守*し、浄財*を支払い、アッラー*とその使徒*に従え。本当にアッラー*はーー（預言者*の）家の者たち[2]よーー、あなた方から穢れを取り除き、あなた方を綺麗に清められたいのである。 <sup foot_note=>1</sup>,
3567,そして（預言者*の妻たちよ）、あなた方の家で読誦されるアッラー*の御徴と英知[1]を唱念するのだ。本当にアッラー*はもとより、霊妙な*お方、通暁されたお方。 <sup foot_note=>1</sup>,
3568,本当に服従する男（ムスリム*）たちと服従する女たち、信仰する男たちと、信仰する女たち、従順な男たちと、従順な女たち、（言動において）正直な男たちと正直な女たち、忍耐*する男たちと忍耐*する女たち、恭順[1]な男たちと恭順な女たち、よく施す男たちと、よく施す女たち、（義務、任意を問わず）サウム*する男たちと、サウム*する女たち、自らの陰部を（禁じられた物事[2]から）守る男たちと（それを）守る女たち、アッラー*をよく唱念する者たちと、（かれをよく）唱念する女たち、アッラー*は彼らのために、お赦しと偉大な褒美[3]をご用意された。 <sup foot_note=>1</sup>,
3569,信仰者の男性も、信仰者の女性も、アッラー*とその使徒*が何かを裁決したら、彼らに自分たちの裁量による（別の裁決の）選択はない。そしてアッラー*とその使徒*に逆らう者がいれば、確かに彼は紛れもなく迷い去っているのである。[1] <sup foot_note=>1</sup>,
3570,（預言者*よ、）アッラー*が恩恵をお授けになり、あなたが恩恵を与えた者（ザイド・ビント・ハーリサ）[1]に、あなたが（こう）言った時のこと（を思い出させよ）。「（ザイドよ、）あなたの妻[2]を自分のもとに留めておけ。そしてアッラーを畏れる*のだ。」そしてあなたは、アッラー*が露わにされることになるものを心の内に隠し[3]、アッラー*があなたの恐れるにより相応しいお方なのに、人々を恐れていた[4]。そしてザイドが彼女との（離婚という）用件を果たし（、イッダ*が終了し）た時、われら*はあなたと彼女を結婚させた。（それは）自分たちの養子の妻（との結婚）に関し、彼らが彼女らとの（離婚という）用件を果たしたならば、信仰者たちにとっての罪にはならない（ようにする）ためである[5]。アッラー*のご命令はもとより、実行されることになっていたのだ。 <sup foot_note=>1</sup>,
3571,預言者*はアッラー*が彼のために（合法と）定められたことにおいて、何の罪もない。過去に滅び去った（預言）者*たちにおける、アッラー*の摂理（として、かれがお定めになったことなのである）。アッラー*のご命令はもとより、（既に）定められていた定命なのだ。,
3572,（彼ら預言者*たちは、）アッラー*のお言伝を伝達し、かれ（のみ）を恐れ、アッラー*以外のいかなるものも恐れることのない者たち。そしてアッラー*だけで、清算者*は十分である。,
3573,ムハンマド*はそもそも、あなた方の男性の内の、誰の父親でもない[1]。しかしアッラー*の使徒*、預言者*たちの封印[2]なのだ。そしてアッラー*はもとより、全てのことをご存知のお方。 <sup foot_note=>1</sup>,
3574,信仰する者たちよ、アッラー*をよく唱念せよ。,
3575,そしてかれを、朝に夕に称え*よ。,
3576,かれは、あなた方（信仰者）を闇から光[1]へと（導き）出すべく、あなた方のために（善きことを）念じられた[2]お方。そして、かれの天使*たちも（あなた方のため、善き事を念じる[3]）。かれはもとより、信仰者たちに対して慈愛深い*お方なのだ。 <sup foot_note=>1</sup>,
3577,その日（天国で）、彼らが（アッラー*から）受け取るその挨拶は、「（あなた方に）平安を[1]」。そしてかれは彼らのため、貴い褒美[2]をご用意された。 <sup foot_note=>1</sup>,
3578,預言者*よ、実にわれら*はあなたを、証人[1]、吉報を伝える者、警告を告げる者[2]として遣わした。 <sup foot_note=>1</sup>,
3579,また、かれのお許しのもとに、アッラー*（のタウヒード*）へと招く者、煌々たる灯火として。,
3580,そして（預言者*よ、）信仰者たちには、アッラー*の御許から彼らへの大きなご恩寵があることの吉報を伝えよ。,
3581,また、不信仰者*たちや偽信者*たちには従わず、彼らの害は放っておき、アッラー*のみに全てを委ねる*のだ。アッラー*だけで、委任者[1]は十分なのである。 <sup foot_note=>1</sup>,
3582,信仰者たちよ、あなた方が信仰者の女たちと結婚し、それから彼女らに触れる前[1]に彼女らと離婚したならば、あなた方にとって彼女らに数えるべきイッダ*はない[2]。ならば彼女らに贈り物を与え[3]、（結婚関係から）綺麗に解き放ってやるのだ。 <sup foot_note=>1</sup>,
3583,預言者*よ、本当にわれら*はあなたに、あなたが婚資金*を贈ったあなたの妻たちを合法とした。また、アッラー*があなたに戦利品*[1]としてお与えになった、あなた方の右手が所有した者たち（奴隷*女性）も。またあなたと共に移住*した[2]、あなた方の父方の叔（伯）父の娘たち、あなた方の父方の叔（伯）母の娘たち、あなた方の母方の叔（伯）父の娘たち、あなた方の母方の叔（伯）母の娘たちも[3]。また信仰者の女性も、もし彼女が預言者*に、自らを(婚資金*なしで妻として）贈ったならば（、彼女は彼にとって合法である）。（但し、それは）もし預言者*が、彼女との結婚を望んだ場合であるが[4]。（それは外の）信仰者たちは別とした、あなただけの特別なもの。われら*は確かに、彼ら（信仰者たち）の妻と、彼らの右手が所有するもの（奴隷*女性）について、われら*が彼らに定めたもの[5]を知っている。（これらのことを、あなたに特別に合法としたのは、）あなたに困難がないようにするため。アッラー*はもとより、赦し深いお方、慈愛深い*お方。 <sup foot_note=>1</sup>,
3584,あなたは、あなたが望む者を遅らせ、あなたが望む者を自分のもとに引き寄せる[1]。また、あなたが（一旦は）避けた者の内、あなたが（後に）欲した者も。あなたにはいかなる罪もない。それ[2]が、彼女たちが喜んで[3]、悲しむことはなく、彼女たち全員が、あなたが彼女らに与えたものに満足するのに、より適切なのである。アッラー*は、あなた方の心の中にあることをご存知である。アッラー*はもとより全知者、寛大な*お方なのだから。 <sup foot_note=>1</sup>,
3585,以後、（既に結婚していた妻たちとは別の）女性たち（との結婚）は、あなたに許されないし、彼女らを（離婚して、別の）妻たちと換えることも（許されない）。たとえ、彼女ら（妻以外の女性たち）の美しさが、あなたを魅了したとしても。但し、あなたの右手が所有するもの（奴隷*女性）は別である。アッラー*はもとより、全てのことを見守られるお方。,
3586,信仰する者たちよ、あなた方に食事へと許可された場合を除き、預言者*の家に入ってはならない[1]。（食事の用意できる）その時を、（彼の家の中で）待ってもならない。しかし呼ばれたら入り、食べ終わったら解散するのだ。（預言者*の迷惑になるまで、夢中になって長々と）話に興じることなく。本当にそのことは預言者*を害していたのであり、彼はあなた方に対して羞恥心を抱くのだからーーアッラー*は、真理に対して恥じ入られないがーー。また、あなた方が彼女なら（彼の妻たち）に何らかの物を頼む時には。覆いの向こうから、彼女らに頼むのだ。それがあなたの心と彼女らの心にとって、より清いのである。また、あなた方にはアッラー*の使徒*を害したり、彼の（死）後、その妻たちと結婚したりすることは、絶対に許されない[2]。本当にそれはもとより、アッラー*の御許でこの上ないこと[3]なのである。 <sup foot_note=>1</sup>,
3587,あなた方が何かを露わにしようと、それを隠そうと、実にアッラー*はもとより、全てのことをご存知のお方。,
3588,彼女たち[1]にとって、（以下の者たちから、身を覆わなくても）罪はない[2]：自分たちの父親。自分たちの息子。自分たちの兄弟。自分たちの兄弟の息子。自分たちの姉妹の息子。自分たちの女性。自分たちの右手が所有するもの（奴隷*男性）。アッラー*を畏れ*よ。本当にアッラー*はもとより、全てのことの証人であられるのだから。 <sup foot_note=>1</sup>,
3589,本当にアッラー*とその天使*たちは、預言者*のために（善きことを）念じる[1]。進行する者たちよ、彼のために（善きことを）念じ、平安を祈るのだ[2]。 <sup foot_note=>1</sup>,
3590,本当にアッラー*とその使徒*を害する[1]者たち、アッラー*は彼らを現世と来世において呪われた[2]。そしてかれは彼らに、屈辱的な懲罰をご用意されたのだ。 <sup foot_note=>1</sup>,
3591,また、信仰者の男たちと信仰者の女たちを、彼らが稼いだことでもないことで害する[1]者たち、彼らは確かに大嘘と紛れもない罪を背負い込んだのである。 <sup foot_note=>1</sup>,
3592,預言者*よ、あなたの妻たちとあなたの娘たち、信仰者たちの女性らに、彼女らの外衣[1]の一部を自らの上に垂らすよう、言うのだ。それが、彼女らが認識され[2]、害されることがないようにするのに、より相応しいのだから。アッラー*はもとより、赦し深いお方、慈愛深い*お方であられる。 <sup foot_note=>1</sup>,
3593,もしも偽信者*たち、心の中に病がある者たち、マディーナ*で（ムスリム*に対する嘘を）吹聴する者たちが（悪事を）止めなかったのなら、われら*は必ずやあなたを彼ら（の懲罰）へと促そう。それから彼らは僅かな間しか、そこであなたと隣り合って暮らすことはない。,
3594,呪われた者たちとなって。彼らはどこにあろうと、（捕虜として）捕らえられ、完膚なきまでにやっつけられるのだ。,
3595,過去に滅び去った（偽信）者*たちにおける、アッラー*の摂理（として、かれがお定めになったこと）。そして（預言者*よ、）あなたはアッラー*の摂理に、いかなる変更も見出すことはない。,
3596,（使徒*よ、）人々はあなたに、（復活*の）その時について尋ねる[1]。言ってやれ。「その知識は、アッラー*の御許にこそある」。そして何があなたに知らせるというのか、その時が近いかもしれないことを？[2] <sup foot_note=>1</sup>,
3597,本当にアッラー*は、不信仰者*たちを呪われ[1]、彼らに烈火をご用意された。 <sup foot_note=>1</sup>,
3598,彼らはそこに、いかなる庇護者も援助者も見出すことなく、永遠に留まる。,
3599,業火の中でその顔がひっくり返される日、彼らは（こう）言う。「ああ、私たちがアッラー*に従い、使徒*に従っていたならば！」,
3600,そして、彼らは言う。「我らが主*よ、本当に私たちは自分たちの長と有力者たちに従い、彼らは私たちを道に迷わせました。,
3601,我らが主*よ、彼らには懲罰の内から倍のものをお与えになり、彼らをこっぴどく呪ってください」。[1] <sup foot_note=>1</sup>,
3602,侵攻する者たちよ、ムーサー*を害した者たちのようになってはならない。アッラー*はムーサー*を、彼らが言ったことから潔白として下さったのだ[1]。彼はアッラー*の御許で、栄誉ある者だった。 <sup foot_note=>1</sup>,
3603,信仰する者たちよ、アッラー*を畏れ*、まっとうな物言い[1]をせよ。 <sup foot_note=>1</sup>,
3604,（そうすれば）かれはあなた方のため、あなた方の行いを正し下さり、あなた方のためにその罪をお赦し下さろう。アッラー*とその使徒*に従う者は誰でも、確かに（現世と来世において、）偉大な勝利を獲得したのだ。,
3605,本当にわれら*は信託[1]を、諸天と大地と山々に差し出し（選択させ）た。そしてそれらはそれを請け負うのを拒否して、それ（を遂行できないこと）に怯え、人間がそれを請け負ったのだ。本当に彼は不正*極まりなく、無知この上ない者だったのである[2]。 <sup foot_note=>1</sup>,
3606,（人間がそれを請け負ったのは）アッラー*が偽信者*の男たちと偽信者*の女たち、シルク*の徒の男たちとシルク*の徒の女たちに罰され、またアッラー*が信仰者の男たちと信仰者の女たちの悔悟をお受入れになるため[1]。アッラーはもとより、赦し深いお方、慈愛深い*お方である。 <sup foot_note=>1</sup>,
3607,諸天にあるものと大地にあるものが属し、来世における称賛[1]があるお方、アッラー*に称賛*あれ。かれは、英知あふれる*お方、通暁されるお方。 <sup foot_note=>1</sup>,
3608,かれは大地の中に入り込むものも、そこから出てくるものも、天から落ちてくるものも、そこへ昇っていくもの[1]も、（全て）ご存知である。かれは慈愛深い*お方、赦し深いお方。 <sup foot_note=>1</sup>,
3609,不信仰に陥った者*たちは、言った。「（復活*の）その時は、私たちにはやって来ない」。（使徒*よ、）言ってやれ。「いや、不可視の世界*をご存知である我が主*にかけて、それは必ずや、あなた方のもとに到来する。諸天であろうが大地であろうが、僅かな重みでも、かれ（の知識）から免れることはない。また、それより小さいものでも、大きなものでも、明白な書（守られし碑板*）に（予め記されてい）ないものはないのだ[1]。 <sup foot_note=>1</sup>,
3610,（復活の日*の到来は、）かれが、信仰し、正しい行い*を行う者たちに報われるため。それらの者たちには、お赦しと貴い糧[1]がある」。 <sup foot_note=>1</sup>,
3611,われら*の御徴において、（使徒*とクルアーン*を嘘呼ばわりするために）ねじ伏せようと躍起になっていた者たち、それらの者たちには痛ましい制裁による懲罰がある。,
3612,そして知識を授けられた者たちは、あなたの主*からあなたに下されたもの（クルアーン*）が真理であり、偉力ならびない*お方、称賛*されるべきお方（アッラー*）の道へと導いてくれるものであると分かるのだ。,
3613,不信仰に陥った者*たちは（嘲笑しつつ、お互いに）言った。「（死んで）跡形もなくばらばらにされた後、本当にあなた方は新たに創造されるのだ、などとあなた方に告げる男[1]を、あなた方に見せてやろうか？」 <sup foot_note=>1</sup>,
3614,一体、彼はアッラー*に対して嘘を捏造したのか？それとも、彼には憑き物がついている[1]とでも？いや、来世を信じない者たちは（来世においては）懲罰と、（現世においては）遠い迷いの中にある。 <sup foot_note=>1</sup>,
3615,一体、彼ら（不信仰者*たち）は天と、大地という、自分たちの前にあるものと、自分たちの後ろにあるものを見なかったのか？もしわれら*が望めば、われら*は彼らを地面に飲み込ませ、あるいは彼らの上に天から破片を下してやる[1]のだ。本当にその中にはまさに、よく（アッラー*に悔悟して）立ち返る、全ての僕への御徴がある。 <sup foot_note=>1</sup>,
3616,われら*は確かに、われら*の御許からの恩寵[1]を、ダーウード*に授けた。（われら*は言った。）「山々よ、彼と、そして鳥と共に（アッラー*を称え*て）連呼せよ」。また、われら*は彼のために、鉄を柔らかくしてやった。 <sup foot_note=>1</sup>,
3617,（われら*は命じた。）「すっぽり覆うもの（鎧）をこしらえ、継ぎ目を（いい按配に）調整[1]せよ。（ダーウード*とその一族よ、）あなた方は正しい行い*を行え。本当にわれら*は、あなた方の行いを見る者なのだから」。 <sup foot_note=>1</sup>,
3618,またスライマーン*には、その午前（の進行距離）は一ヶ月（の旅程）で、午後（の進行距離）は一ヶ月（の旅程）の風を（、仕えさせた）[1]。そして、われら*は彼のために銅の泉を溶かしてやり[2]、ジン*の内からは、その主*のお許しのもと、彼の前で働く者も（仕えさせた）。彼ら（ジン*）の内、われら*の命令[3]に背く者があれば、われら*は彼に烈火の懲罰の内から、味わわせてやろう。 <sup foot_note=>1</sup>,
3619,彼ら（ジン*）は彼（スライマーン*）のため、ミフラーブ[1]、（銅やガラス製の）像[2]、池のような貯水槽、堅固な鍋といった、彼の望む物を作る。（われら*は言った。）「ダーウード*の一族よ、（アッラー*に）感謝すべく、行え[3]。わが僕の内、僅かな者だけが、感謝する者なのだから」。 <sup foot_note=>1</sup>,
3620,そして、われら*が彼（スライマーン*）に死を定めた時、彼の杖を蝕む地面の虫以外、彼らにその死を知らせた者はなかった[1]。それでスライマーン*が（地面に）崩れ落ちた時、ジン*たちは、もし彼らが不可視の世界*を知っていたなら、彼らが屈辱の懲罰の中に留ま（り続け）ることはなかったのだ、と分かった[2]のだった。 <sup foot_note=>1</sup>,
3621,確かにサバア[1]（の民）には、その住まいの中に（アッラー*の御力を示す）御徴があった。右と左に二つの果樹園[2]。（彼らには、こう言われた。）「あなた方の主*の糧から食べ、かれに感謝せよ。（あなた方の国は）よき国であり、（恩恵の主は）赦し深い主*なのだから」。 <sup foot_note=>1</sup>,
3622,そして彼らは（アッラー*のご命令と使徒*に）背いたので、われら*は彼らに、猛烈な洪水を送った。またハムトの実とアスルの木、僅かばかりのスィドル[1]からのものがなる二つの果樹園で、彼らの二つの果樹園と取って換えた。 <sup foot_note=>1</sup>,
3623,彼らが不信仰であ（り、恩恵への感謝を怠）ったことゆえ、われら*はまさしくそれで彼らに報いたのである。そしてわれら*が不信心この上ない者の外に、（このような）罰を与えることがあろうか？,
3624,また、われら*は彼らと、われら*が祝福を授けた町々[1]との間に、（その近さゆえ互いに）目に見える町々を設け、そこに（ちょうどいい間隔の）旅程を整えた。（そして、われらは彼らにこう言ったのだ。）「夜に昼に、そこを安全に行くがよい」。 <sup foot_note=>1</sup>,
3625,そして彼らは（安楽と豊かな暮らしに飽きて）、言った。「我らが主*よ、私たちの（町から町への）旅行（の距離を）を遠ざけて下さい」。こうして彼らが（不信仰によって）自分たちに不正*を働いたので、われら*は彼らを（後世へと）語り継がれるものとし、跡形もなくばらばらにしてやった。本当にその中にはまさしく、忍耐*強く感謝深い[1]全ての者への御徴がある。 <sup foot_note=>1</sup>,
3626,また、イブリース*は確かに、彼ら（人間たち）に対して自分の思い込み[1]を実現し、彼らは信仰者たちの一派以外、彼に従った。 <sup foot_note=>1</sup>,
3627,そして彼（イブリース*）には、（彼らを自分に従わせることにおいて、）彼らに対するいかなる（正当な）根拠[1]もなかった。しかし（それは、）われら*が来世を信じる者を、それに疑念を抱いている者から判別するためだったのだ。あなたの主*は、全てのことをよくお守りになる*お方である。 <sup foot_note=>1</sup>,
3628,（使徒*よ、）言え。「アッラー*を差しおいて、あなた方が（かれの同位者と）主張して（崇めて）いる者たちに、祈るがよい。彼らは諸天においても大地においても、僅かな重みすうら有してはいないのだ[1]。そして彼らにはそこにおいて、（アッラー*に対する）いかなる加担もなければ、かれ（アッラー*）には、彼らからのいかなる援助者もない」。 <sup foot_note=>1</sup>,
3629,またかれの御許では、かれがお許しになった者に対してしか、執り成しが益することはない[1]。やがて彼らの心から戦慄が取り除かれると[2]、彼らは（互いに）言う。「あなた方の主*は、なんと仰せられた）。かれは至高の*お方、大いなる*お方であられる」。 <sup foot_note=>1</sup>,
3630,（使徒*よ、彼らシルク*の徒に）言ってやれ。「あなた方に諸天と大地から、糧を授けられるお方は誰か？」言ってやるのだ。「（それは）アッラー*である。そして実に私たちとあなた方（のいずれか）が、まさしく導きの上か、あるいは紛れもなき迷いの中にあるのだ[1]」。 <sup foot_note=>1</sup>,
3631,言ってやれ。「私たちが罪を犯したことで、あなた方が問われることはなく、私たちもあなた方が行うことで問われはしない」。,
3632,言え。「我らが主*が、（復活の日*に）私たちをお集めになり、それから私たちの間を真理によってお裁きになる。かれは裁決者、全知者であられる」。,
3633,言ってやるのだ。「あなた方が、かれに（崇拝*における）同位者として属させた者たち（の根拠）を、私に見せてみよ。断じて（、そのようなものは）ない。いや、かれは偉力ならびなく*、英知あふれる*アッラー*であられる」。,
3634,（使徒*よ、）われら*があなたを遣わしたのは、全ての人に向けて[1]、吉報を伝える者、警告を告げる者[2]としてに外ならない。しかし大半の人々は、知らないのだ。 <sup foot_note=>1</sup>,
3635,彼ら（シルク*の徒）は、言う。「その約束（復活の日*）は、いつなのか？もし、あなた方が本当のことを言っているのなら」。,
3636,（使徒*よ、）言ってやれ。「あなた方には、一時たりとも遅らせることも出来ず、早めることも出来ない（復活の）日*の約束があるのだ」。,
3637,また、不信仰に陥った者*たちは言った。「私たちはこのクルアーン*を信じないだろうし、それ以前のもの[1]も（信じない）」。（使徒*よ、）もしあなたが、不正*者たちがその主*の御許で（清算のために）拘留され、お互いに（譴責の）言葉を返し合う時のことを見るならば。抑圧されていた者たちは、高慢だった者たち[2]に（こう）言うのだ。「もしあなた方がいなければ、私たちは信仰者だったのに」。[3] <sup foot_note=>1</sup>,
3638,高慢だった者たちは、抑圧されていた者たちに言う。「一体、私たちがあなた方を導きから阻んだというのか？あなた方のもとに、それが到来した後に？いや、あなた方は（自ら不信仰を選んだ）罪悪者だったのだ」。,
3639,そして、抑圧されていた者たちは高慢だった者たちに言う。「いや、私たちがアッラー*を否定し、かれに（崇拝の）同位者を置くよう、あなた方が私たちに命じていた時、（あなた方の）夜と昼の策謀が（私たちを破滅させたのだ）」。そして懲罰を目の当たりにする時、彼らは（余りの恐怖ゆえ）後悔の念を露わに出来ない[1]。また、われら*は不信仰だった者*たちの首に、枷を縛り付ける。一体彼らが報われるのは、自分たちが（現世で）行っていたこと（によるもの）以外の、何ものでもないのではないか？ <sup foot_note=>1</sup>,
3640,われら*が警告者を町に遣わした時には決まって、その（町の）贅沢者たちは（こう）言ったものだった。「本当に私たちは、あなた方が携えて遣わされたものを認めない者である」。,
3641,また、彼らは言った。「私たちは財産も子供も（あなた方）より多いし、私たちは（現世でも来世でも、）罰される者などではない」。,
3642,（使徒*よ、）言ってやれ。「本当に我が主*は、かれがお望みの者に糧を豊富に与えられ、また控えられる。しかし、大半の人々は知らないのだ」。[1] <sup foot_note=>1</sup>,
3643,あなた方の財産もあなた方の子息も、あなた方がわれら*のもとでお近づきを得るものではない。しかし信仰し、正しい行い*を行う者、それらの者たちにこそ、彼らが行ったことゆえの倍の褒美があるのだ[1]。そして彼らは（懲罰から）安全な状態で、（天国の）高き住まいにある。 <sup foot_note=>1</sup>,
3644,また、われら*の御徴において、（嘘呼ばわりするために）ねじ伏せようと躍起になる者たち、それらの者たちは、懲罰へと立ち合わされる者たちである。,
3645,（使徒*よ）言ってやれ。「本当に我が主は、その僕たちの内、かれがお望みの者に糧を豊富に与えられ、また控えられる[1]。そして、あなた方がどんなものでも（アッラー*に命じられたことに）費やせば、かれはそれを（褒美で）継がせ給う[2]。かれは、最もよく糧を授けられるお方」。 <sup foot_note=>1</sup>,
3646,かれ（アッラー*）が彼ら（シルク*の徒）全員を招集され、それから天使*たちに（こう）仰せられる日のこと（を思い起こさせよ）。「一体これらの者たちは、あなた方（天使*たち）のことを崇めていたのか？」[1] <sup foot_note=>1</sup>,
3647,彼ら（天使たち）は申し上げる。「あなたに称え*あれ。彼らは無関係で[1]、あなたこそが私たちの庇護者*です。いえ、彼らはジン*[2]を崇めていました。彼らの大半は、彼ら（ジン*）のことを信じて（従って）いたのです」。 <sup foot_note=>1</sup>,
3648,（復活の）この日、あなた方はお互いに、益も害も有してはいない。そしてわれら*は不正*を働いていた者たちに、（こう）言うのだ。「あなた方が嘘呼ばわりしていた、業火の罰を味わうがよい」。,
3649,われら*の明白な御徴（アーヤ*）が彼ら（マッカ*の不信仰者*）に読誦されれば、彼らは言ったものであった。「これ（預言者*ムハンマド*）は、あなた方のご先祖様が崇めていたものから、あなた方を阻もうとする男以外の何ものでもない」。また、（こう）言った。「これ（クルアーン*）は、捏造されたでっち上げに過ぎない」。そして不信仰だった者*たちは真理に対し、それが彼らのもとに到来した時、（こう）言ったのである。「これは紛れもない魔術に外ならない」。,
3650,われら*は（クルアーン*以前）、彼ら[1]が熟読するいかなる啓典も、彼らに下しはしなかったし、（使徒*よ、）あなた以前にはいかなる警告者も、彼らに遣わすことはなかったのだ。 <sup foot_note=>1</sup>,
3651,また、彼ら以前の（不信仰）者*たちは、（われら*の使徒*たちを）噓つき呼ばわりした。彼ら（マッカ*の不信仰者*たち）は、われら*が彼ら（それ以前の不信仰者*たち）に与えたもの[1]の、十分の一にも達していないというのに。彼らは、われの使徒*たちを噓つき呼ばわりしたのである。それで、わが否認はいかなるものだったか？[2] <sup foot_note=>1</sup>,
3652,（使徒*よ、彼らに）言ってやれ。「まさに私は、あなた方に一つだけ訓戒する。あなた方がアッラー*に向かって二人ずつ、また一人ずつ立ち上がり、それから熟考することを[1]。あなた方の仲間（ムハンマド*）に、憑きものなど憑いてはいない[2]。彼は（あなた方が味わうことになる）厳しい懲罰に先立つ、あなた方への警告者に過ぎないのだ[3]」。 <sup foot_note=>1</sup>,
3653,（使徒*よ、）言え。「もし、私があなた方に何らかの見返りを求めた[1]としても、それはあなた方のもの。私の見返りは、アッラー*から以外にはないのだ。そしてかれは、全てのことの証人であられる」。 <sup foot_note=>1</sup>,
3654,言うのだ。「実に我が主*は、真理を（虚妄に向けて）投げかけ給い[1]、不可視の世界*を熟知されるお方である」。 <sup foot_note=>1</sup>,
3655,言え。「真理は到来した。そして虚妄は（滅び、もはや）出現することも。回帰することもない」。[1] <sup foot_note=>1</sup>,
3656,言ってやれ。「もし私が（真理から）迷ったのなら、私は自分自身に対して（罪を負うべく）迷っているのである。そしてもし（正しく）導かれたのなら、（それは）我が主*が私に啓示されたものゆえのこと。本当にかれはよくお聞きなるお方、（かれを呼ぶ者の）近くにおられるお方」。,
3657,（使徒*よ、）彼ら（不信仰者*たち）が戦慄する時のことを、目にしたならば。彼らに逃げ道はなく、近い場所から連れて行かれるのだ[1]。 <sup foot_note=>1</sup>,
3658,そして彼らは（、その時になって）言う。「私たちはそれ[1]を信じた」。どうして遠い場所から、易々と（信仰を）手に入れられるというのか？[2] <sup foot_note=>1</sup>,
3659,彼らは確かに以前、それを否定し、不可視の世界*について（真理から）遠い場所から（虚妄に満ちた）憶測をしていたというのに。,
3660,そして彼らと、彼らが渇望するもの[1]との間は阻まれた。ちょうど彼らの（先代である）同類者たちが、以前（そう）されたように。本当に彼らは（現世で）、大きな疑惑の中にあった[2]のである。 <sup foot_note=>1</sup>,
3661,アッラー*にこそ称賛*はあり。諸天と大地の創成者*。天使*たちを、二枚、三枚、四枚と、翼を備えた御使いとされたお方。かれは創造において、お望みのものを増やし給う。本当にアッラー*は、全てのことがお出来のお方である。,
3662,アッラー*が人々にご慈悲[1]を開き放てば、それを押し留める（ことの出来る）者はいない。また、かれが（それを）押し留めるならば、かれを差し置いてそれを放つ（ことの出来る）者はいない。かれは偉力ならびない*お方、英知あふれる*お方であられる。 <sup foot_note=>1</sup>,
3663,人々よ、あなた方に対するアッラー*の恩恵を思い起こすのだ。あなた方に天地から糧をお授けになるアッラー*の外、創造主があるというのか？かれの外に崇拝*すべき、いかなるものもない。どうしてあなた方は、（アッラー*だけを崇拝*することから）背かされるのか？,
3664,また（使徒*よ）、もし彼ら（不信仰者*たち）があなたを噓つき呼ばわりしたとしても、あなた以前の使徒*たちも確かに、噓つき呼ばわりされたのである。そして（来世では）アッラー*にこそ物事は戻され（て、全ての者はその報いを受け）るのだ。,
3665,人々よ、本当にアッラー*のお約束[1]は真実である。ならば決して、現世の生活があなた方を欺いたり、欺く者[2]があなた方を、アッラー*において欺くことがあったりしてはならない。 <sup foot_note=>1</sup>,
3666,実にシャイターン*は、あなた方にとっての敵なのである。ならば彼を、敵とせよ。本当に彼はその徒党を、彼らが（地獄の）烈火の仲間となるべく、（迷妄へと）招くのである。[1] <sup foot_note=>1</sup>,
3667,不信仰に陥った者*たち、彼らには厳しいと懲罰がある。そして信仰し、正しい行い*を行う者たち、彼らにはお赦しと大きな褒美がある。,
3668,一体、自分の行いの悪が目映く見え、それを美しく思う者は（、正しく導かれ、それを美しく思う者と同様だろうか）？実にアッラー*は、かれがお望みになる者を迷わされ、お望みになる者をお導きになるのだ。ならば、彼ら（の不信仰）への悲嘆ゆえ、あなた[1]自信を滅ぼしてはならない。本当にアッラー*は、あなた方のなすことをご存知のお方なのだから。 <sup foot_note=>1</sup>,
3669,アッラー*は、風を送られるお方。それ（風）は雲を追いやり、われら*はそれを死んだ土地へと率いて行き、それ[1]によって大地をその死後に息吹かせる[2]。（復活の日*の）再生も、同様なのだ。 <sup foot_note=>1</sup>,
3670,権勢を求める者があるならば（、アッラー*からそれを求めよ[1]）、アッラー*にこそ全ての威力が属するのだ。かれにこそ善き言葉は昇っていくのであり、正しい行い*がそれを上げる[2]。そして悪を策謀する者たち、彼らには厳しい懲罰があり、それらの者たちの策謀こそは、ご破算になるのだ。 <sup foot_note=>1</sup>,
3671,アッラー*はあなた方（の父祖アーダム*）を土から[1]、そして（その子孫を）一滴の精液からお創りになり[2]、それからあなた方を夫婦とされた。また、いかなる女性も、かれがご存知になることなくしては、妊娠することも出産することもない。そして長命者が長生きさせれることも、全て書（守られし碑板*）の中に（あらかじめ記録されて）あるのだ。本当にそれはアッラー*にとって、容易いことなのである。 <sup foot_note=>1</sup>,
3672,また、二つの海は同様ではない。こちらは甘くて美味、飲むに喉越しがよく、こちらはしょっぱくて辛いというように。そしてそのいずれからも、あなた方は新鮮な肉を食べ、あなた方が身に纏う装飾品を採り出す。また、あなたはそこを、船が水を切（りつつ走）るのを見る。（それは）あなた方が、かれのご恩寵から求めるためであり、そしてあなた方が（授かった恩恵に対し、アッラー*に）感謝するようにするためである。,
3673,かれは夜を昼にお入れになり、また昼を夜にお入れになり[1]、太陽と月を仕えさせられた。（その）いずれも、定められた時期（である復活の日*）まで運行し続けるのである。そのお方がアッラー*、あなた方の主*、かれにこそ（全ての）王権はある。そして彼らが、彼をよそに祈っている者たちは、薄皮[2]すら有してはいないのだ。 <sup foot_note=>1</sup>,
3674,（人々よ、）もし、あなた方が（アッラー*をよそに）彼らに祈っても、彼らにはあなた方の祈願が聞こえない。また、たとえ聞こえたとしても、彼らがあなた方に応じることはない。そして復活の日*、彼らはあなた方のシルク*を否定するのである[1]。（使徒*よ、誰も、全てに）通暁されるお方（アッラー*）のようには、あなたに（正しいことを）伝えることはないのだ。 <sup foot_note=>1</sup>,
3675,人々よ、あなた方はアッラー*なしではいられない貧者であり、アッラー*は満ち足りておられる*お方、称賛されるべき*お方なのである。,
3676,かれがお望みなら、あなた方を滅ぼされ、新たな創造物[1]をもたらされるのだ。 <sup foot_note=>1</sup>,
3677,そしてそれは、アッラー*にとって難しいことなどではない。,
3678,また、（罪の）重荷を背負う者は、他の（者が犯した罪の）重荷まで背負うことはない。そして、もし（罪の）重荷を背負わされた者が（他人に）それを背負ってくれるように頼んでも、そこから少しも背負ってもらえることはない。たとえ、それが近親者であったとしても（、そうなのである）。（使徒*よ、）あなたは、まだ見ぬままに自分たちの主*を恐れ[1]、礼拝を遵守*する者たちにこそ（、有効な）警告をするのだ。自らを努めて清める者[2]は、清めることで自分を益するに外ならない。そしてアッラー*にこそ、（全ての者の）行き先はある。 <sup foot_note=>1</sup>,
3679,盲人と見る者は、同じではない。[1] <sup foot_note=>1</sup>,
3680,また、闇と光も。[1] <sup foot_note=>1</sup>,
3681,また、（天国の）陰と（地獄の）熱風も。,
3682,そして、生者と死者[1]も。実にアッラー*は、かれがお望みになる者を、（理解と許容の耳で）聞かせられるのであり、（使徒*よ、）あなたは墓の中にいる者[2]に聞かせる者ではないのだ。 <sup foot_note=>1</sup>,
3683,あなたは、警告者に外ならないのだから。,
3684,本当にわれら*はあなたを、吉報を伝える者、警告を告げる者[1]として、真理[2]と共に遣わした。そして、警告者が（出現しては、不信仰の結末を警告し、）過ぎ去っていかなかった共同体など、ないのだ。 <sup foot_note=>1</sup>,
3685,そして、もし彼ら（シルク*の徒）があなたを噓つき呼ばわりするならば、彼ら以前の者たちも確かに、（使徒*たちを）噓つき呼ばわりしたのである。彼らの使徒*たちは、明証や書巻や明白な啓典を携えて、彼らのもとに到来した。,
3686,それからわれは、不信仰に陥った者*たちを（様々な懲罰で）捕らえた。それで（彼らの行いに対する）、わが否認はいかなるものだったか？[1] <sup foot_note=>1</sup>,
3687,（使徒*よ、）あなたはアッラー*が天から（雨）水をお降らしになるのを見ないのか？そしてわれら*はそれによって、様々な色の果実を生育させる。また山々の内には、白や赤の、異なる色の（道）筋があり、漆黒のものもある。,
3688,また人々や地を歩く生物、家畜の内にも同様に、異なる色のものがある。アッラー*を恐れるのは、その僕たちの内、（アッラー*について）知識ある者たちに外ならない[1]。本当にアッラー*は偉力ならびない*お方、赦し深い*お方なのだ。 <sup foot_note=>1</sup>,
3689,本当にアッラー*の啓典（クルアーン*）を読誦し[1]、礼拝を遵守*し、われら*が彼らに授けたものから（施しのために）蜜に、露わに、費やす[2]者たちは、決してご破算になることのない取引[3]を望む者たち。 <sup foot_note=>1</sup>,
3690,（それは）かれが彼らにその褒美を全うされ、そのご恩寵から彼らに上乗せされるため。本当にかれは赦し深いお方、よく労られる*お方なのだから。,
3691,（使徒*よ、）われら*あなたに下した啓典（クルアーン*）は、それ以前のもの[1]を確証する真理である。本当にアッラー*はその僕たちに対し、まさしく通暁されるお方、よくご覧になられるお方。 <sup foot_note=>1</sup>,
3692,それからわれら*はその啓典（クルアーン*）を、われら*の僕の内から、われら*が選び抜いた者たちに受け継がせた。それで彼らの内には、自らに対して不正*を働く者もいるし、ほどほどの者もいるし、アッラー*のお許しとともに善へと急ぐ者[1]もいる。それ[2]こそは、大いなる恩寵なのだ。 <sup foot_note=>1</sup>,
3693,永久の楽園、彼らはそこに入る。彼らはそこで金製の腕輪と真珠で飾り立てられ、そこでの彼らの衣服は絹なのである。[1] <sup foot_note=>1</sup>,
3694,彼らは（天国に入った時、こう）言う。「私たちから悲しみ[1]を消して下さったアッラー*に、称賛*あれ。本当に我らが主*は、まさしく赦し深いお方、よく労わられる*お方だ。 <sup foot_note=>1</sup>,
3695,（かれは）そのご恩寵により、私たちを永住の世界（である天国）に住まわせて下さったお方。そこでは私たちに、いかなる消耗も及ぶことはなく、そこでは私たちに、いかなる疲労が及ぶこともない」。,
3696,また、不信仰に陥った者*たち、彼らには地獄の業火があり、（死の）裁決を下されることで死ぬこともなく、その懲罰が軽減されることもない。同様にわれら*は、あらゆる不信仰この上ない者に報いるのだ。,
3697,そして彼ら（不信仰者*）はそこで、叫びわめく。「我らが主*よ、私たちを（地獄から）出して下さい。そうして（現世に戻して）下さったら、私たちは自分たちが（現世で）行っていたのとは違う、正しい行い*を行います」。[1]（するとアッラー*は仰せられる。）「一体われら*は、教訓を受ける者がそこにおいて教訓を受けるだけの（十分な）年月を、あなた方に与えなかったのか？そしてあなた方のもとには、警告者が到来したのでは？ならば（地獄の懲罰を）味わえ。不正*者たちには、いかなる援助者もないのだから」。 <sup foot_note=>1</sup>,
3698,本当にアッラー*は、諸天と大地の不可視の世界*（に関する知識）をご存知のお方。実にかれは、胸の内にあるものをご存知であられる。,
3699,（人々よ、）かれはあなた方を地上の継承者[1]とされたお方。不信仰に陥った者*は自分自身に対して、その不信仰（の害）がある。そして不信仰者*たちの不信仰はその主*の御許において、自分自身への憎悪しか上乗せすることがなく、不信仰者*たちの不信仰は自分自身に、損失しか上乗せしないのだ。 <sup foot_note=>1</sup>,
3700,（使徒*よ、シルク*の徒に）言ってやれ。「言ってみよ、あなた方がアッラー*をよそに祈っている、あなた方（がアッラー*）の同位者たち（として崇拝*しているもの）について。彼らが地上で何を創造したのか、私に見せてみよ」。いや、一体彼らには、諸天（の創造）における、（アッラー*への）加担があるというのか？いや、一体われら*が彼らに啓典を与え、彼らがそれによる明証[1]に基づいているとでも？いや、不正*者たちは互いに偽りしか約束することがない。 <sup foot_note=>1</sup>,
3701,実にアッラー*は諸天と大地を、それらが崩れ落ちないよう、お支えになる。そして、もしもそれらが崩れ去ったならば、かれの後、いかなる者もそれらを支えられない。本当に彼はもとより、寛大な*お方、赦し深いお方である。,
3702,彼ら（不信仰者*）は躍起になって、アッラー*にかけて誓った。もしも自分たちのもとに警告者が到来したならば、自分たちは必ずや、数々の民[1]のいずれよりも導かれたものとなる、と。だが彼らのもとに警告者（預言者*ムハンマド*）が到来した時、それは彼らに対し、（真理から）離れ去ることに拍車をかけただけだった。 <sup foot_note=>1</sup>,
3703,地上で奢り高ぶり、悪の策謀を（望みつつ）。悪の策謀は、その者自信を包囲するだけだというのに。そして彼らは、昔の人々の摂理[1]をもっているだけなのか？ともあれ、あなたはアッラー*の摂理に変更を見出すこともなく、アッラー*の摂理[2]に転移を見出すこともないのだ。 <sup foot_note=>1</sup>,
3704,そして彼ら（不信仰者*）は地上を旅し、彼らよりも力強かった、彼ら以前の（不信仰）者*たちの結末がいかなるものだったかを、見てみないのか？アッラー*はもとより、諸天においても大地においても、いかなるものもかれ（の懲罰）から逃れようもないお方。本当に彼はもとより、全知者、全能者なのだ。,
3705,もしアッラー*が人々を彼らが稼いだもの[1]ゆえにお咎めになれば、かれは（大地の）その表面に、いかなる生物も残してはおかなかっただろう[2]。しかしかれは、彼ら（の懲罰）を定められた時まで遅らせ給うのだ。そして彼らの（懲罰の）時が来たら、（かれは彼らを罰し給う、）本当にアッラー*はもとより、その僕たちをよくご覧になるお方。 <sup foot_note=>1</sup>,
3706,ヤー・スィーン[1]。 <sup foot_note=>1</sup>,
3707,完全無欠な[1]クルアーン*に誓って、 <sup foot_note=>1</sup>,
3708,本当に（ムハンマド*よ、）あなたはまさしく、使徒*の一人、,
3709,まっすぐな道（イスラーム*）の上にある。,
3710,（アッラー*は、クルアーン*を）偉力ならびなく*、慈悲あまねき*お方の下されたものとして（お下しになった）。,
3711,（それは使徒*よ、あなたの到来以前に）自分たちの先祖が警告されておらず、（信仰と正しい行い*において）無頓着になっている民[1]に、あなたが警告するため。 <sup foot_note=>1</sup>,
3712,（真理を知った後に拒否した）彼らの多くには、既に、（懲罰という）御言葉が確定した。彼らは、信仰しないのだから。,
3713,本当にわれら*は、彼らの首に枷をつけた。それは彼らのあごに至っており、彼ら（の顔）は上を仰がされた状態にある。[1] <sup foot_note=>1</sup>,
3714,そしてわれら*は（その不信仰と傲慢さゆえに）、彼らの前に障壁を置き、その後ろからも障壁を置き[1]、彼ら（の眼）を覆った[2]。それで彼らは（正道を）見ることがない。 <sup foot_note=>1</sup>,
3715,（使徒*よ、）あなたが彼らに警告したとしても、警告しなかったとしても、彼らにとっては同じこと。彼らは信じはしないのだ。,
3716,本当にあなたは教訓（クルアーン*）に従い、まだ見ぬままに慈悲あまねき*お方（アッラー*）を恐れる[1]者にこそ、（有効な）警告をするのである。ならばその者には（罪の）赦しと、貴い褒美[2]の吉報を伝えよ。 <sup foot_note=>1</sup>,
3717,本当にわれら*は（復活の日*、）死者たちに生を与えるのであり、彼らが（現世で）行っていたことと、その軌跡[1]を書き留める。そしてわれら*は全ての物事を、明らかなる規範[2]の中で数え尽くしておいたのである。ｌ <sup foot_note=>1</sup>,
3718,（使徒*よ、）彼ら（シルク*の徒）に、一つの譬えを挙げよ。町の人々（の話）を。使徒たちが、そこへとやって来た時のこと。,
3719,われら*が彼らに（アッラー*への信仰と、シルク*の放棄へと招く）二人（の使徒）を遣わし、彼らが二人を噓つき呼ばわりした時のこと。それでわれら*は（その二人を）三人目（の使徒）で強化した。すると、彼ら（使徒たち）は言った。「本当に私たちは、あなた方へと遣わされたものなのです」。,
3720,彼ら（町の人々）は言った。「あなた方は、私たちと同様の人間に過ぎない。そして慈悲あまねき*お方（アッラー*）は、（啓示など）何一つ下してはいないのだ。あなた方は嘘をついているに過ぎない」。,
3721,彼ら（使徒たち）は言った。「我らが主*は、本当に私たちがまさしく、あなた方に対する使徒であることをご存知である。,
3722,そして私たちの義務は、（啓示の）明白なる伝達に外ならない」。,
3723,彼ら（町の人々）は言った。「本当に私たちは、あなた方を不吉に思う[1]。もしも、あなた方が（私たちをあなた方の教えに招くのを）止めなければ、私たちは必ずや、あなた方を（石で）打ち殺してやろう[2]。そして、きっと私たちからの痛ましい懲罰が、あなた方に降りかかるであろう」。 <sup foot_note=>1</sup>,
3724,彼ら（使徒たち）は言った。「あなた方の不吉のもとは、あなた方のところにある[1]。たとえ教訓を与えられたとしても、（あなた方は私たちを不吉がり、私たちを脅すの）か？いや、あなた方は（罪と嘘呼ばわりにおいて）度を越した民である」。 <sup foot_note=>1</sup>,
3725,そして（彼らが使徒たちを手にかけようとした時）、町の一番遠くから、一人の男が急いでやって来た。彼は言った。「我が民よ、使徒たちに従うのだ。,
3726,あなた方に見返り[1]を求めない者に、従え。彼らは導かれた者たちなのだ。 <sup foot_note=>1</sup>,
3727,それに私が、自分のことを創成して下さった*お方を崇めない、などということがあろうか？かれの御許にこそ、あなた方は戻らされるというのに？,
3728,一体私が、かれを差しおいて（外の）神々[1]を選ぶというのか？もし慈悲あまねき*お方（アッラー*）が私に害悪をお望みになれば、彼らの執り成しは私を何一つ益することもなく、彼らは私を救ってもくれないのに。 <sup foot_note=>1</sup>,
3729,そんなことをすれば、本当い私はまさしく紛れもない迷いの中にある。,
3730,本当に私は、あなた方の主*を信じた。だから、私に耳を傾けるのだ」。,
3731,（彼はこうして殉教した後、こう）言われた。「天国に入るがよい」。彼は言った。「我が民が、知っていたらよかったのに。,
3732,（私の信仰と忍耐*、使徒*たちへの追従ゆえに）我が主*が私をお赦しになり、私を栄誉高き者たちの一人として下さったことを」。,
3733,われら*はその（男の死と、使徒たちを噓つき呼ばわりした）後、その民に対し、天から（天使*の）軍勢など下すまでもなかった。われら*は（人々を滅ぼすため、わざわざ天使*を）下す者ではなかったのである。,
3734,それは、（轟く）一声に過ぎなかった。そしてどうであろう、彼らは息絶えた者となってしまったのである。,
3735,（復活の日*、懲罰を目の当たりにした時の、）僕たちの悲痛よ！使徒*が彼らのもとを訪れれば、彼らは決まって彼（使徒）のことを嘲笑したものだった。,
3736,一体彼らは、われら*が彼ら以前にどれだけ多くの世代を滅ぼしたのかを、見なかったのか？彼らは、（現世にいる）彼らのもとに戻っては来ない。,
3737,そして（それら滅ぼされた世代の）全ての者は、（復活の日*には）例外なく、われら*のもとに（清算のため）連れて来られるのである。,
3738,また、死んだ土地は彼らへの御徴[1]である。われら*はそれを息吹かせ、そこから種粒を生育させ、あなた方はそこから食べるのだ。 <sup foot_note=>1</sup>,
3739,また、われら*はそこに、ナツメヤシ、葡萄からなる果樹園を設け、そこに泉を噴出させたのである。,
3740,（それは）彼らが果実から食するためーーそれを作ったのは、彼らの手ではない[1]－－。彼らは、（この恩恵に）感謝しないのか？ <sup foot_note=>1</sup>,
3741,大地から生育するものの内に、あらゆる種類をお創りになったお方に称え*あれ。そしてあなた方自身[1]の内と、あなた方の知らないものの内にも。 <sup foot_note=>1</sup>,
3742,また、夜は彼らへの御徴[1]である。われら*がそこから昼を剥ぎ取ると、どうであろう、彼らは真っ暗になってしまう。 <sup foot_note=>1</sup>,
3743,また、その停まり場[1]へと進み行く太陽も（、彼らへの御徴）。それは偉力ならびない*お方、全知者のお定めなのだ。 <sup foot_note=>1</sup>,
3744,また、月も。われら*はそれが（細い三日月から満月となり、再び）古い茎[1]のように戻り行くまで、（毎晩の）その諸々の宿り場を定めた。 <sup foot_note=>1</sup>,
3745,太陽が月に追いつくことはありえず、夜が昼に先駆けることもない。そして全ては、その軌道を走る。,
3746,また、われら*が彼ら（アーダム*の子ら）の子孫を、（各種の生き物で）満載された船[1]で運んだのも、（アッラー*のみが崇拝*されるべきことを示す、）彼らへの御徴である。 <sup foot_note=>1</sup>,
3747,またわれら*は彼ら[1]にも、彼らが乗る、それと同じような物を作った。 <sup foot_note=>1</sup>,
3748,もしわれら*が望めば、彼らを溺れさせるのである。そして彼らにはいかなる救助者もなく、救われることもない。,
3749,しかし、われら*からの慈悲ゆえ、そして（彼らに定められた）時[1]までの楽しみゆえ（、彼らを無事に運行させるのだ）。 <sup foot_note=>1</sup>,
3750,また、彼ら（シルク*の徒）に、「あなた方の前にあるものと、あなた方の後ろにあるもの[1]を畏れ*よ。（それは）あなた方が、（アッラー*）から慈しまれるようにするためなのだ」と言われれば（、彼らは背を向け、それに応じなかった）。 <sup foot_note=>1</sup>,
3751,そして彼らの主*の御徴[1]の内、いかなる御徴が彼らのもとに到来した時でも、彼らがそれに背を向けないことはなかったのである。 <sup foot_note=>1</sup>,
3752,また彼らに、「アッラー*があなた方に授けたものから、（施しのために）費やす[1]のだ」と言われれば、不信仰に陥った者*たちは信仰する者たちに、（こう）言った。「もしアッラー*がお望みになれば食べさせた給うた者に、私たちが食べさせるというのか？[2]あなた方は確かに、紛れもない迷いの中にいる[3]」。 <sup foot_note=>1</sup>,
3753,彼ら（不信仰者*）は、言う。「（復活の）この約束はいつなのか？もしあなた方が本当のことを言っているのなら」。,
3754,彼らは、彼らが（現世の生活において）議論し合っている最中に自分たちを（突然）襲う、（轟きの）一声[1]を待っているに過ぎない。 <sup foot_note=>1</sup>,
3755,そして彼らは（その時、誰にも）遺言できないし、家族のもとに戻ることも出来ない。[1] <sup foot_note=>1</sup>,
3756,そして（二度目に）角笛に吹き込まれると[1]、どうであろう、彼らは墓から（出て来て、）自分たちの主*の御許へと、急いで馳せ参じて行く。 <sup foot_note=>1</sup>,
3757,彼らは（無念がって、こう）言うのだ、「我らが災いよ！[1]私たちを、私たちの寝床から蘇らせたのは誰だ？」（すると、彼らにこう言われる。）「これが、慈悲あまねき*お方（アッラー*）が約束され給い、使徒*たちが正直に語ったものである」。 <sup foot_note=>1</sup>,
3758,（復活は、轟きの）一声に過ぎなかったのだ。そしてどうであろう、彼らは皆、（清算と報いのため）われら*のもとに連れて来られるのである。,
3759,この日、人は少しも不正*を受けることがない。そしてあなた方が報われるのは、自分たちが（現世で）行っていたこと（によるもの）以外の、何ものでもない。,
3760,実に天国の住人たちはその日、（様々な安寧に）喜々として忙しい。,
3761,彼らとその妻たちは日陰におり、寝台に寄りかかっている。,
3762,彼らはそこで（様々な）果実があり、彼らには自分たちが求める（あらゆる）ものがある。,
3763,慈愛深き*主（アッラー*）からのお言葉、「（あなた方に）平安あれ」（という挨拶も。）[1] <sup foot_note=>1</sup>,
3764,そして（不信仰者*たちには、こう言われる。）「この日、あなた方は（信仰者たちから）離れていよ。罪悪者たちめ」。[1] <sup foot_note=>1</sup>,
3765,（アッラー*は彼らに仰せられる。）アーダム*の子らよ、一体われは、（使徒*たちを通じて）あなた方に命じなかったのか？シャイターン*を崇める[1]のではない、と？本当に彼は、あなた方にとって紛れもない敵なのだから。 <sup foot_note=>1</sup>,
3766,また、われ（のみ）を崇拝*せよ、と（命じなかったのか）？これが（わが喜びと天国へと至る、）まっすぐな道なのである。,
3767,また、彼（シャイターン*）はあなた方の内、多くの創造物を迷わせた[1]。一体、あなた方は弁えていなかったのか？ <sup foot_note=>1</sup>,
3768,これが、あなた方が（現世で）約束されていた地獄である。,
3769,あなた方は今日、自分たちが不信仰であったことゆえに、そこに入って炙られよ。,
3770,今日われら*は、彼ら（シルク*の徒）の口を封じる。そして彼らが稼いでいたもの（罪）については、彼らの手がわれらに話し、その足が証言するのである。[1] <sup foot_note=>1</sup>,
3771,また、もしわれら*が望めば、彼らの眼を消すことも出来るのだ。そうなれば彼らは道を競い合うが、どうして彼らが（道を）見ることが出来るだろうか？[1] <sup foot_note=>1</sup>,
3772,また、もしわれら*が望めば、彼ら（の創造）をその場で変異させてしまうことも出来る。そうなれば彼らは進むことも出来なければ、戻れもしない。[1] <sup foot_note=>1</sup>,
3773,また、われら*が長生きさせる者があれば、われら*はその創造を逆転させる[1]。一体、彼らは弁えないのか？ <sup foot_note=>1</sup>,
3774,われら*は彼（預言者*ムハンマド*）に詩を教えたりはしなかったし、それは彼に相応しくないこと。それは教訓と、解明する[1]クルアーン*に外ならないのだ。 <sup foot_note=>1</sup>,
3775,（それは）彼が（心の）生きている者[1]に警告し、不信仰者*たちに御言葉が確定する[2]ためのものなのである。 <sup foot_note=>1</sup>,
3776,そして彼らは、われら*が彼らのために、われら*の手がなしたものである家畜を創造したのを見なかったのか？彼らはそれらの所有者なのである。,
3777,そしてわれら*は、それら（家畜）を彼らのために仕えさせた。その内には彼らの乗り物があり、また彼らはそこから食べるのである。,
3778,また、そこ（家畜）には彼らにとっての（別の）利益[1]と飲み物[2]もある。一体、彼らは感謝し（て、アッラー*のみを崇拝*し）ないのか？ <sup foot_note=>1</sup>,
3779,彼ら（シルク*の徒）は、アッラー*をよそに（崇める）神々[1]を選んだ。自分たちが（それらによって、アッラー*の懲罰から）助けられるように、と。 <sup foot_note=>1</sup>,
3780,彼ら（それらの神々）は、彼ら（その崇拝者たち）を助けることなど出来ない。彼らは彼らのために、立ち会わされた兵隊であるというのに[1]。 <sup foot_note=>1</sup>,
3781,ならば（使徒*よ）、彼らの言葉[1]に悲しんではならない。実にわれら*は彼らが秘密にしていることも、露わにしていることも知っているのだから。 <sup foot_note=>1</sup>,
3782,一体、（復活を否定する）人間は、われら*が彼を一滴の精液から創った[1]のを見なかったのか？なのにどうであろうか、彼はあからさまな反論者である[2]。 <sup foot_note=>1</sup>,
3783,そして彼は自分自身の創造を忘れて、われら*に対して（許されない）譬え[1]を挙げた。彼は言ったのだ。「誰が、朽ち果てた骨に生を与えるというのか？」 <sup foot_note=>1</sup>,
3784,言ってやれ。「それを最初にお創りになったお方が、それに生を与えられる。かれは、全ての創造についてご存知のお方」。,
3785,（かれは）あなた方のために（湿った）緑樹から、火を生じさせられるお方[1]。そしてどうであろう、あなた方はそこから火を起こすのである。 <sup foot_note=>1</sup>,
3786,一体、諸天と大地をお創りになったお方は、彼らと同様のものを（再び）お創りになることが出来るお方ではないか？いや、（かれにはお出来である、）そしてかれは創造主、全知者であられるのだ。,
3787,本当にかれのご命令というものは、かれが一事をお望みになった時、それに「あれ」と仰せられるだけで、それは存在するのである。,
3788,ならば、称え*あれ。その御手にこそ、全てのことの絶対なる王権が属するお方に。そしてかれの御許にこそ、あなた方は戻らされるのである。,
3789,列をなす整列者たち[1]にかけて（、誓う）。[2] <sup foot_note=>1</sup>,
3790,また、力強く追い立てる者たち、,
3791,そして、教訓を読誦する者たちにかけて。[1] <sup foot_note=>1</sup>,
3792,（人々よ、）本当にあなた方の崇拝*すべきは、ただお一方、,
3793,諸天と大地とその間にあるものの主*、いくつもの東[1]の主。 <sup foot_note=>1</sup>,
3794,本当にわれら*は、最下層の天を、星々という装飾で飾った。,
3795,反抗的な、あらゆるシャイターン*からの護衛のため。,
3796,彼ら（シャイターン*）は、（天の）最上層の貴人たち（である天使*たちが、啓示について話すこと）に聞き耳を立てては、あらゆる方向から（流星で）撃たれ（、それを阻止され）る。,
3797,（彼らを）放逐すべく。そして彼らには（来世で）、常なる懲罰がある。,
3798,但し、（話を）さっと掠め取り、貫く流星によって追尾される者は別である。[1] <sup foot_note=>1</sup>,
3799,（使徒*よ、）彼ら（復活を否定する者たち）に聞いてみよ。一体彼らがより強力なのか、それともわれら*が創造した（これらの）ものか？本当にわれら*は、彼ら（の父祖アーダム*）をねばねばする泥土から創ったのだぞ[1]。 <sup foot_note=>1</sup>,
3800,いや（使徒*よ）、あなたは（彼らが復活を否定することに）驚いた。彼らは（あなたの言葉を）嘲笑している。,
3801,また喚起させられても、教訓を得ない。,
3802,そして（あなたの預言者*性を示す）御徴を見れば、嘲笑する。,
3803,また、彼らは言った。「これは紛れもない魔術に外ならない。,
3804,一体、死んで土と骨と化した後で、本当に私たちが蘇らされる身であるなどというのか？,
3805,そして、私たちの昔のご先祖様たちも？」,
3806,（使徒*よ、）言ってやれ。「ああ。あなた方は蔑まれた者となって（、蘇らされる）」。,
3807,それは、ただの一声[1]に過ぎないのだぞ。するとどうであろうか、彼らは（蘇って、復活の日*の恐怖を）目の当たりにする。 <sup foot_note=>1</sup>,
3808,そして彼らは言う。「我らが災いよ！[1]これは報いの日*だ」。 <sup foot_note=>1</sup>,
3809,（すると、彼らに言われる。）「これが、あなた方が（現世で）嘘呼ばわりしていた裁決の日[1]である」。[2] <sup foot_note=>1</sup>,
3810,（そして天使*たちに、こう言われる。）不正*を犯した者たちと彼らと同様の者たち[1]、そして彼らが崇めていた者たちを召集せよ。 <sup foot_note=>1</sup>,
3811,アッラー*をよそに（崇めていた者たちを）。そして彼らを、火獄の道へと案内せよ。,
3812,また（地獄に入る前に）、彼らを止めよ。実に彼らは（現世での言動について）、問われる者たちなのだから。[1] <sup foot_note=>1</sup>,
3813,（そして彼らには、こう言われる。）「あなた方が互いに助け合わないのは、どういうことか？」,
3814,いや、彼らはその日、（アッラー*のご命令に）降参した者たちなのだ。,
3815,彼ら（不信仰者*）は互いに近づき、質問し合う。,
3816,彼ら（他人に倣って不信仰者*となった者たち）は、（自分たちを不信仰へと主導した者たちに）言う。「本当にあなた方は（私たちを迷わせるべく）、右側から私たちのもとにやって来ていた[1]」。[2] <sup foot_note=>1</sup>,
3817,彼ら（不信仰へと主導した者たち）は、言う。「いや、あなた方は（そもそも）信仰者（となるべき者）ではなかったのだ。,
3818,また。私たちには（あなた方を信仰から阻むことにおいて）、あなた方に対するいかなる（正当な）根拠[1]もなかった。いや、あなた方は放埓な民だったのである。 <sup foot_note=>1</sup>,
3819,それで私たちに対して、我らが主*の御言葉[1]が実現したのだ。本当に私たちは、まさしく（懲罰を）味わう者たちなのである。 <sup foot_note=>1</sup>,
3820,そして私たちは、あなた方を（正しい道から）逸脱させた。本当に私たちは、誤った者たちであった」。,
3821,（復活*の）その日、本当に彼らは（全員）、共に懲罰の中にある。,
3822,本当にわれら*は罪悪者たちに対し、このようにするのだ。,
3823,実に彼らは、「アッラー*の外に、崇拝*すべきいかなるものもない（、と言いなさい）」と言われた時、（そうせずに）奢り高ぶっていた。,
3824,そして、彼らは言うのだ。「一体、本当に私たちが、憑かれた[1]詩人（ムハンマド*のこと）ゆえに、自分たちの神々[2]を棄て去ろうか？」 <sup foot_note=>1</sup>,
3825,いや、彼（ムハンマド*）は真実を携えてやって来たのであり、（彼以前に）遣わされた（預言）者*たち（がアッラー*について伝えたこと）を確証したのだ。,
3826,本当に（シルク*の徒よ、）あなた方はまさに、痛ましい懲罰を味わう者たちである。,
3827,そしてあなた方が（来世で）報われるのは、自分たちが（現世で）行っていたこと（によるもの）以外の、何ものでもない。,
3828,但し、精選されたアッラー*の僕たち[1]は別であるが。 <sup foot_note=>1</sup>,
3829,それらの者たちには、周知の糧[1]がある。 <sup foot_note=>1</sup>,
3830,（それは）果実であり、彼らは厚遇される者たち。,
3831,安寧の楽園で、,
3832,互いに向かい合いつつ[1]、寝台の上に。 <sup foot_note=>1</sup>,
3833,（酒の）湧き水からの盃が、彼らに回される。,
3834,（その盃は）白く、飲む者たちにとって美味なもの。,
3835,そこには（頭や腹の）痛みもなければ、それゆえに理性を失うこともない。,
3836,また彼らのもとには、（自分の夫だけに）視線を定めた[1]、麗しい眼の女性たちがいる。 <sup foot_note=>1</sup>,
3837,彼女たちはまるで、秘められた卵[1]のよう。 <sup foot_note=>1</sup>,
3838,彼らは互いに近づき、（現世における彼らの状態について、）質問し合う。,
3839,彼ら（天国の民）の内の、ある者は言う。「本当に私には（現世で）、付きまとう者[1]がありました。 <sup foot_note=>1</sup>,
3840,彼は（こう）言っていました。『本当にあなたは、（復活を）信じるというのか？,
3841,死んで土と骨と化した後で、本当に私たちが（蘇らされ、自分の行いで）報われる身であると？』」,
3842,彼（天国の民のある者）は、（仲間たちに）言う。「あなた方は、（現世で付きまとっていたその者の結末を）見てみますか？」,
3843,それで見てみると、かれが火獄の真ん中にいるのを目にする。,
3844,彼は（現世で付きまとっていた者に、）言う。「アッラー*に誓って。本当にあなたは、私のことを（信仰の妨害によって、）まさしく（破滅へと）転落させるところだった。,
3845,そしてもし、（信仰という）我が主*の恩恵がなければ、私は（あなたと共に懲罰へと）連行される者となっていた。,
3846,私たちは（永遠に安寧を味わう者であり、）死にゆく者ではないのではないか？,
3847,ただ、（現世で）一度の死だけ（を味わったのみ）であり、（天国に入った後、）私たちは罰されることなどないのではないか？,
3848,本当にこれこそは、まさに偉大なる勝利。,
3849,このようなもの（の獲得）のためにこそ、勤行者たちは、（現世で）勤行するがよい」。[1] <sup foot_note=>1</sup>,
3850,一体それが、より善い御もてなしなのか、それともザックームの木[1]か？ <sup foot_note=>1</sup>,
3851,本当にわれらはそれを、不正*者たちの試練としたのだ。,
3852,実にそれは、火獄の奥底に生え出る木。,
3853,その実は、あたかもシャイターン*の頭のよう（に醜い）。,
3854,本当に彼ら（シルク*の徒）は、まさしくそこから食べ、それで腹を満たすことになる。,
3855,それから彼らの戻り場所こそは、まさに火獄なのだ。,
3856,本当に彼らは、自分たちの先祖が（シルク*を犯して）迷っているのを認め、,
3857,その跡を辿って急ぐのだから（、そのような結末となったのである）。,
3858,彼ら以前にも確かに、昔の人々の多くが（真理から）迷った。,
3859,そしてわれら*は確かに、彼らに警告者たちを遣わしたのである。,
3860,ならば、見てみるがよい。警告された者たちの結末がいかなるものであったかを？,
3861,但し、精選されたアッラー*の僕たち[1]は別であるが。 <sup foot_note=>1</sup>,
3862,但し、精選されたアッラー*の僕たち[1]は別であるが。 <sup foot_note=>1</sup>,
3863,ヌーフ*は確かに、われら*に呼びかけた[1]。（彼に）応えられるお方の、何とまさしく素晴らしいことか。 <sup foot_note=>1</sup>,
3864,そしてわれら*は、彼とその家族をこの上ない苦悩[1]から救った。 <sup foot_note=>1</sup>,
3865,また、われら*はその子孫を（溺れずに）生き残る者とした。,
3866,そして後世の人々の内に、彼へ（の賛美を）残しておいた。[1] <sup foot_note=>1</sup>,
3867,全創造物において、ヌーフ*に平安を。[1] <sup foot_note=>1</sup>,
3868,本当にわれら*はこのように、善を尽くす者[1]たちに報いるのだ。 <sup foot_note=>1</sup>,
3869,実に彼（ヌーフ*）は、信仰者であるわれら*の僕たちの一人である。,
3870,それからわれら*は、（信仰者ではない）他の者たちを溺れさせた。,
3871,また、彼（ヌーフ*）の党派[1]の一人が、まさしくイブラーヒーム*である。 <sup foot_note=>1</sup>,
3872,彼が健全な心[1]と共に、その主*の御許へやって来た時[2]のこと。 <sup foot_note=>1</sup>,
3873,彼がその父と民に、（こう）言った時。「あなた方は、何を崇めているのですか？」,
3874,でっち上げ、つまりアッラー*以外の神々[1]を、あなた方は求めているのですか？ <sup foot_note=>1</sup>,
3875,全創造物の主*についての、あなた方のご推測はいかがなものなのですか？[1]」 <sup foot_note=>1</sup>,
3876,そして彼（イブラーヒーム*）は、星々の方へと視線をやると、[1] <sup foot_note=>1</sup>,
3877,（民に）言った。「本当に私は、病気なのです」。,
3878,こうして彼らは背を向けて、（イブラーヒーム*を後に）立ち去った。,
3879,それから彼（イブラーヒーム*）は、彼らの神々（彫像）のところへ赴き、（蔑んで）言った。「あなた方は、（供え物の食事を）食べないのか？,
3880,あなた方が喋らないのは、どういうことか？」,
3881,そして彼は右の手で殴り（壊し）つつ、それらを回った。,
3882,こうして彼ら（民）は、彼（イブラーヒーム*）のもとに、駆け足でやって来た。,
3883,彼（イブラーヒーム*）は言った。「一体あなた方は、自分たちが彫ったものを崇めるのですか？,
3884,アッラー*があなた方と、あなた方が行うもの[1]をお創りになったというのに？」 <sup foot_note=>1</sup>,
3885,彼らは言った。「彼のために建屋を建て（て、そこに火をつけ）、彼を火獄の中へと放り込んでしまえ」。[1] <sup foot_note=>1</sup>,
3886,こうして彼らは彼（イブラーヒーム*）に策略を望んだが、われら*は彼らを敗北者とした。,
3887,また、彼は言った。「私はまさしく、我が主*の御許へと赴く[1]者である。かれは私を、お導き下さろう。 <sup foot_note=>1</sup>,
3888,我が主*よ、私に正しい者*たちから（の者となる子供を）、お授け下さい」。,
3889,それでわれら*は、彼に、寛大な（者となる）男児（イスマーイール*）の吉報を伝えた。,
3890,こうして、彼（イスマーイール*）が彼（イブラーヒーム*）と共に働くようになるまで成長した時、彼（イブラーヒーム*）は言った。「息子よ、実に私は夢で、私がお前のことを屠るのを見る[1]のだ。ならば、お前はどう思うか、考えてみるがよい」。彼（イスマーイール*）は言った。「お父さん、あなたが命じられることをして下さい。あなたはーーアッラー*がお望みならーー、私が忍耐*強い者であることを見出すでしょう」。 <sup foot_note=>1</sup>,
3891,こうして彼らが（主*のご命令に）服し、彼（イブラーヒーム*）が彼（イスマーイール*）を、こめかみを（地面に）つけて（横向きに）倒した時、,
3892,われら*は彼に呼びかけた。「イブラーヒーム*よ、,
3893,あなたは確かに夢を確証した。実にわれら*は善を尽くす者[1]たちに対し、このように報いるのだ。 <sup foot_note=>1</sup>,
3894,本当にこれこそはまさしく、紛れもなき試練であった」。,
3895,そしてわれら*は彼（イスマーイール*）を、この上ない犠牲で償った。[1] <sup foot_note=>1</sup>,
3896,そして後世の人々の内に、彼へ（の賛美を）残しておいた。[1] <sup foot_note=>1</sup>,
3897,イブラーヒーム*に平安を。[1] <sup foot_note=>1</sup>,
3898,本当にわれら*はこのように、善を尽くす者[1]たちに報いるのだ。 <sup foot_note=>1</sup>,
3899,実に彼（イブラーヒーム*）は、信仰者であるわれら*の僕たちの一人である。,
3900,またわれら*は彼（イブラーヒーム*）に、（後に）正しい者*の一人である預言者*となる、イスハーク*（誕生）の吉報を伝えた。,
3901,そしてわれら*は、彼（イブラーヒーム*）とイスハーク*を祝福した。彼ら二人の子孫には、善を尽くす者[1]もいれば、自らに明らかな不正*を働く者もいる。 <sup foot_note=>1</sup>,
3902,またわれら*は確かに、ムーサー*とハールーン*に（預言者*としての使命という）恵を授けた。,
3903,そして彼ら二人とその民（イスラーイールの子ら*）を、この上ない苦悩[1]から救った。 <sup foot_note=>1</sup>,
3904,またわれら*は彼らを助け、彼らはまさに（フィルアウン*とその民に対する）勝利者となった。,
3905,そしてわれら*は彼ら二人に解明の啓典[1]を授け、 <sup foot_note=>1</sup>,
3906,彼ら二人をまっすぐな道（イスラーム*）へと導いた。,
3907,また後世の人々の内に、彼ら二人へ（の賛美を）残しておいた。[1] <sup foot_note=>1</sup>,
3908,ムーサー*とハールーン*に平安を。[1] <sup foot_note=>1</sup>,
3909,本当にわれら*はこのように、善を尽くす者[1]たちに報いるのだ。 <sup foot_note=>1</sup>,
3910,実に彼ら二人は、信仰者であるわれら*の僕たちの内の者である。,
3911,また実にイルヤース*は、まさしく（預言者*として）遣わされた者の一人であった。,
3912,彼がその民に、（こう）言った時。「一体あなた方は、（アッラー*を）畏れ*ないのか？,
3913,一体あなた方はバァル[1]に祈り、創造する者の内でも最善のお方（アッラー*）を放ったらかしにするというのか？ <sup foot_note=>1</sup>,
3914,アッラー*を、つまりあなた方の主*であり、あなた方の昔の先祖の主を？」,
3915,そして彼らは、彼（イルヤース*）を噓つき呼ばわりした。ゆえに、本当に彼らは（復活の日*、）必ずや（懲罰へと）連行される者となる。,
3916,但し、精選されたアッラー*の僕たち[1]は別であるが。 <sup foot_note=>1</sup>,
3917,またわれら*は、後世の人々の内に、彼へ（の賛美を）残しておいた。[1] <sup foot_note=>1</sup>,
3918,イル・ヤースィーン[1]に平安を。[2] <sup foot_note=>1</sup>,
3919,本当にわれら*はこのように、善を尽くす者[1]たちに報いるのだ。 <sup foot_note=>1</sup>,
3920,実に彼（イルヤース*）は、信仰者であるわれら*の僕たちの一人である。,
3921,また、実にルート*は、まさに（預言者*として）遣わされた者の一人であった。[1] <sup foot_note=>1</sup>,
3922,われら*が彼とその家族を、皆救い出した時のこと。,
3923,但し、残っ（て滅ぼされ）た者たちの一人であった老女[1]だけは、別だったが。 <sup foot_note=>1</sup>,
3924,それからわれら*は、（信仰者ではない）他の者たちを滅ぼした。,
3925,そして（マッカ*の民よ）、本当にあなた方はまさしく、彼ら（ルート*の民）のもとを朝に通り過ぎている。[1] <sup foot_note=>1</sup>,
3926,また、夜にも。一体、あなた方は弁えないのか？,
3927,また実にユーヌス*は、まさに（預言者*として）遣わされた者の一人であった。,
3928,彼が（自分の民に立腹して、）満載の船へと逃げた時のこと。[1] <sup foot_note=>1</sup>,
3929,そしてくじ引きをし、彼（ユーヌス*）は負けた内の者となった。[1] <sup foot_note=>1</sup>,
3930,こうして（ユーヌス*は海に落とされたが）、大魚が彼を呑み込んだ。彼は咎められるべき者であった。,
3931,もし彼が、（アッラー*を）よく称える*者の一人でなかったなら、[1] <sup foot_note=>1</sup>,
3932,彼らが蘇らされる（復活*の）日まで、その腹の中に留まったことであろう。[1] <sup foot_note=>1</sup>,
3933,こうしてわれら*は彼を（大魚の腹の内から）、弱り切った状態で、不毛の地に放り投げた。,
3934,そしてわれら*は彼の上に、瓜の木[1]を一本、生やしてやった。 <sup foot_note=>1</sup>,
3935,またわれら*は彼を十万人、いや、それ以上（の民）へと遣わした。[1] <sup foot_note=>1</sup>,
3936,そして彼らは信じ、われら*は彼らを（彼らに死が訪れる）その時まで楽しませておいた。,
3937,ならば、（使徒*よ）、彼ら（マッカ*の不信仰者*たち）に尋ねよ。一体あなたの主*には娘があり、彼らには息子があるのか、と。[1] <sup foot_note=>1</sup>,
3938,それとも、われら*は彼らが立ち会う中、天使*を女として創ったのか？,
3939,本当に彼らはでっち上げて、まさに（こう）言っているのではないか。,
3940,「アッラー*は子供をお産みになった」。本当に彼らは、まさしく噓つきなのだ。,
3941,一体かれが、息子を差しおいて娘をお選びになったというのか？,
3942,一体、あなた方はどうしたことか？あなた方はいかに（不当な）決め方をするのか？,
3943,一体、あなた方は教訓を受けないのか？,
3944,いや、一体あなた方には（そのような主張への、）紛れもない証拠でもあるというのか？,
3945,では、あなた方の啓典を持って来てみよ。もし、あなた方が本当のことを言っているのなら。,
3946,彼ら（シルク*の徒）は、かれ（アッラー*）とジン*の間に近親関係をもうけた。そしてジン*は確かに、彼ら（シルク*の徒）が（復活の日*、懲罰へと）まさしく連行されることを、知っているのだ。[1] <sup foot_note=>1</sup>,
3947,彼らの言うようなことから（無縁な）、アッラー*に称え*あれ。[1] <sup foot_note=>1</sup>,
3948,但し、精選されたアッラー*の僕たち[1]は別であるが。[2] <sup foot_note=>1</sup>,
3949,（シルク*の徒よ、）本当にあなた方と、あなた方が（アッラー*を差しおいて）崇めているもの、,
3950,あなた方はそれゆえに、（誰かを）迷わせる（ことが出来る）者ではない、,
3951,（不信仰ゆえに）火獄に入り炙られる（ことになる、とアッラー*によって定められた）者を除いては。,
3952,（天使*たちは、言う。）「私たちの内で、（天に）特定の持ち場[1]がない者はいない。 <sup foot_note=>1</sup>,
3953,私たちこそは、まさしく（アッラー*に仕えるため）整列する者。,
3954,そして本当に私たちこそは、（アッラー*を）称える*者」。,
3955,（預言者*よ、あなたが遣わされる前、）本当に彼ら（マッカ*の不信仰者*ら）は、（こう）言っていた。,
3956,「もし私たちのもとに、昔の人々からの教訓[1]があったならば、 <sup foot_note=>1</sup>,
3957,私たちは、精選されたアッラー*の僕[1]であったのに」。 <sup foot_note=>1</sup>,
3958,しかし彼らは（使徒*ムハンマド*がクルアーン*を携えて到来した時）、それを否定した。ならば、彼らは（来世での自分たちの結末を）知るであろう。,
3959,遣わされた者であるわれら*の僕たちには確かに、（彼らが理論と力によって勝利するとの）われら*の言葉が、既に定められている。,
3960,本当に彼らこそは、援助される者。,
3961,また本当にわれら*の軍勢こそは、勝利者。,
3962,ならば（使徒*よ、）その時まで、彼らから背を向けよ。[1] <sup foot_note=>1</sup>,
3963,そして彼ら（が、そんな目にあうか）を見ておけ。そうすれば、彼らはやがて（懲罰を）見ることとなろう。,
3964,一体彼らは、われら*の懲罰を性急に求めるのか？[1] <sup foot_note=>1</sup>,
3965,そしてそれが彼らの庭に到着する時、警告されていた者たちの朝は、何と忌まわしいことだろうか。[1] <sup foot_note=>1</sup>,
3966,ならば（使徒*よ、）その時まで、彼らから背を向けよ。[1] <sup foot_note=>1</sup>,
3967,そして彼ら（が、どんな目にあうか）を見ておけ。そうすれば、彼らはやがて（懲罰を）見ることとなろう。,
3968,彼らの言うようなことから（無縁な）、あなたの主*、権勢の主*に称え*あれ。,
3969,また遣わされた者たちに、平安を。[1] <sup foot_note=>1</sup>,
3970,そして全創造物の主*アッラー*に、称賛*あれ、,
3971,サード[1]。教訓を含むクルアーン*に誓って。 <sup foot_note=>1</sup>,
3972,いや、不信仰に陥った者*たちは、（真理に対する）尊大さと対立の中にある。,
3973,われら*は彼ら（シルク*の徒）以前にも、どれだけの（不信仰な）世代を滅ぼしてきたか。彼らは（懲罰が訪れて）救いがなくなった時、（救いと悔悟の）呼び声を上げたのだ。[1] <sup foot_note=>1</sup>,
3974,また彼らは、自分たちのもとに自分たちの内から（人間の）警告者が到来したことに、驚いた。そして不信仰者*たちは、言ったのだ。「これは大嘘つきの魔術師だ。,
3975,一体彼は、神々[1]を一つの神とする[2]というのか？本当にこれは、まさしく驚愕すべきこと」。 <sup foot_note=>1</sup>,
3976,そして、彼らの内の有力者らが歩み出（て、民にこう言っ）た。「（そのままシルク*を）やり通し、あなた方の神々（の崇拝*）にしがみ付け。本当にこれはまさしく、仕組まれたこと[1]なのだ。 <sup foot_note=>1</sup>,
3977,私たちはこのようなことを、最近の宗教[1]では聞いたことがない。これは捏造に外ならないのだ。 <sup foot_note=>1</sup>,
3978,一体、私たちの間から（ムハンマド*が特別に選ばれて）、彼に教訓（クルアーン*）が下されたというのか？」いや、彼らはわが教訓（クルアーン*）に対して、疑念の中にある。いや、彼らはまだ我が懲罰を味わってはいない（から、そのようなことが言えるのだ）。,
3979,いや、一体彼らには、偉力ならびなく*、恵み深い*あなたの主*のご慈悲の宝庫があるというのか？,
3980,いや、一体彼らには、諸天と大地、その間にあるものの王権があるというのか？ならば、綱で（天へと）昇ってみさせよ。[1] <sup foot_note=>1</sup>,
3981,（彼らは、それ以前の不信仰な）徒党のように、そこ[1]で敗北することになる、たかが軍勢なのだから。 <sup foot_note=>1</sup>,
3982,彼ら以前にも、ヌーフ*の民、アード*、杭[1]の主フィルアウン*が、（使徒*たちを）噓つき呼ばわりした。 <sup foot_note=>1</sup>,
3983,またサムード*、ルート*の民、藪の仲間たち[1]も。それらの者たちは（不信仰の）徒党であった。 <sup foot_note=>1</sup>,
3984,（彼ら）全員が、例外なく使徒*たちを噓つき呼ばわりし、それで（彼らへの）わが懲罰が確定したのである。,
3985,そしてこれらの者たち（シルク*の徒）は、（シルク*に留まることで、轟く）一声（による懲罰）を待っているに過ぎない。そこには、帰り所などない。,
3986,彼らは言った。「我らが主*よ、清算の日の前に、私たちに取り分をお与えください」。[1] <sup foot_note=>1</sup>,
3987,（使徒*よ、）あなた[1]は彼らの言うことに耐え、つわもの[2]であったダーウード*を思い起こすのだ。実に彼は、常に回帰する者[3]であったのだから。 <sup foot_note=>1</sup>,
3988,本当にわれら*は、夕に朝に、彼（ダーウード*）と共に（アッラー*を）称える*山々を、仕えさせた。,
3989,また、集合させられた鳥たちも（、仕えさせた）。（その）全ては、かれ[1]に常に回帰する者であった。 <sup foot_note=>1</sup>,
3990,そして、われら*は彼の王権を強力にし、彼に英知と能弁さを授けた。,
3991,また（使徒*よ、）あなたに論争（者たち）の消息は届いたか？彼ら（二人）がミフラーブ[1]を乗り越えて（、ダーウード*のところへ入って）来た時のこと。 <sup foot_note=>1</sup>,
3992,彼らがダーウード*のもとに入って来て、彼が慄いた時のこと。彼らは言った。「怖れてはいけません。（私たちは）論争中で、一方が他方を侵害しています。ですので真理によって私たちの間を裁き、誤ることなく、私たちを全うな道へとお導き下さい。,
3993,（一方の男は言った。）「実にこれは我が兄弟で、九十九頭の雌羊を所有していますが、私には一頭の雌羊しかいません。なのに彼は、『それを私に（よこして、）任せなさい』と言って、議論で私たちを打ち負かしたのです」。,
3994,彼（ダーウード*）は言った。「彼（あなたの兄弟）は、あなたの一頭の雌羊を、彼の（九十九頭の）雌羊に（加えることを）要求することで、あなたに対して確かに不正*を働いた。そして実に共同者たちの多くは、信仰し、正しい行い*を行う者たちを除きーーそして彼らは数少ないのだーー、まさに互いに侵害し合うものなのである」。するとダーウード*は、われら*が彼を（その論争で）試練にかけたということを確信し、彼の主*にお赦しを乞い、ルクーゥ*しながら崩れ落ち、（アッラー*に悔悟して）立ち返った。（読誦のサジダ*）[1] <sup foot_note=>1</sup>,
3995,それでわれら*は彼（ダーウード*）に、そのこと[1]を赦した。そして本当に彼にはまさしく、われら*のもとにおけるお近づきと、（来世における）善き戻り場所があるのだ。 <sup foot_note=>1</sup>,
3996,ダーウード*よ、本当にわれら*は、あなたを地上における継承者とした[1]。ゆえに、真理によって人々の間を裁くのだ。そして私欲に従って、自分をアッラー*の道から迷わせてはならない。本当にアッラー*の道から迷う者たちには、清算の日を忘れたことゆえの厳しい懲罰がある。 <sup foot_note=>1</sup>,
3997,ーーわれら*は天と大地とその間にあるものを、無意味に創ったのではない[1]。それは不信仰に陥った者*たちの思い込みである。そして不信仰に陥った者*たちには、（地獄の）業火の災いあれ。 <sup foot_note=>1</sup>,
3998,いや、一体われら*が、信仰してい正しい行い*を行う者たちを、大地で腐敗*を働く者たちと同様にするとでも？いや、一体われら*が敬虔*な者たちを、放逸な者たちと同様にするというのか？,
3999,（使徒*よ、このクルアーン*は）彼らがその御徴を熟慮し、澄んだ理性の持ち主らが教訓を得るべく、われら*があなたに下した啓典、祝福あふれたものであるーー。,
4000,われら*はダーウード*に、（その息子）スライマーン*を授けた。僕（スライマーン*）の素晴らしいことよ、本当に彼は常に回帰する者[1]なのだから。 <sup foot_note=>1</sup>,
4001,彼（スライマーン*）に夕の頃、優良な駿馬[1]が見せられた時のこと（を思い起させよ）。 <sup foot_note=>1</sup>,
4002,そして彼（スライマーン*）は、言った。「本当に私は、（太陽が）覆いに包まれる[1]まで、我が主*の唱念をよそに、財産[2]への愛情を傾けてしまった。[3] <sup foot_note=>1</sup>,
4003,それら（馬）を私のもとに、また連れて来い」。そして（馬が連れて来られると、）彼は（剣で）その足と首を打ち始めた。[1] <sup foot_note=>1</sup>,
4004,また、われら*はスライマーン*を試練にかけ、その椅子に（死）体を投げた[1]。それから彼は、（アッラー*に悔悟して）立ち返ったのだ。 <sup foot_note=>1</sup>,
4005,彼（スライマーン*）は言った。「我が主*よ、私をお赦し下さい。そして私の後の（人間の内、）誰にも相応しくないような（偉大な）王権を、私にお授け下さい。本当にあなたこそは、恵み深い*お方なのですから」。,
4006,また、われら*は彼（スライマーン*）に、彼の命令によって、彼の意図した場所へと走る、穏やかな風[1]を仕えさせた。 <sup foot_note=>1</sup>,
4007,また、シャイターン*たち、つまり（彼の命令に従う）あらゆる建設家、潜水夫[1]を（仕えさせた）。 <sup foot_note=>1</sup>,
4008,そして、枷でがんじがらめにされている、別の者たち[1]を。 <sup foot_note=>1</sup>,
4009,これは（スライマーン*への）、われら*の贈り物。ならば（望む者には）際限なく恵み、あるいは（望むものには）禁じるがよい。,
4010,そして本当に彼（スライマーン*）にはまさしく、われら*のもとにおける近侍と、（来世における）善き戻り場所があるのだ。,
4011,われら*の僕、アイユーブ*を思い出せ。彼がその主*に、「シャイターン*は疲労と罰[1]で、私を襲いました」と呼びかけた時のこと。 <sup foot_note=>1</sup>,
4012,（われら*は言った。）「あなたの足で（地面を）蹴るがよい」。（そしてその通りにすると、水が噴き出た。）「これは冷たい洗浄水であり、飲み物である」。[1] <sup foot_note=>1</sup>,
4013,また、われら*は彼にその家族と、更にそれと同様のもの[1]を授けた。われら*からの慈悲と、澄んだ理性の持ち主たちへの教訓[2]として。 <sup foot_note=>1</sup>,
4014,（われら*は言った。）「そして手に（草の）一束を採り、それでそれ（妻）をたたき、（近いを）破るのではない[1]」。実にわれら*は、彼が忍耐*する者であることを認めた。僕（アイユーブ*）の素晴らしいことよ、本当に彼は常に回帰する者[2]なのだから。 <sup foot_note=>1</sup>,
4015,また、われら*の僕たち、つわもの[1]で、慧眼の主だったイブラーヒーム*、イスハーク*、ヤァクーブ*を思い出せ。 <sup foot_note=>1</sup>,
4016,本当にわれら*は彼らを（偉大なる）特性、つまり（来世の）住まいの唱念で、精錬した[1]。 <sup foot_note=>1</sup>,
4017,また本当に彼らはわれら*のもとで、（啓示の伝達のために）まさに選び抜かれた者たち、（われら*への服従のために）選ばれし者たちである。,
4018,また、イスマーイール*とアル＝ヤサァ*とズル＝キフル*を思い出せ。（彼らは）皆、選ばれし者たちである。,
4019,これ(クルアーン*）は、訓戒[1]。本当に敬虔*な者たちには、実によい戻り所がある、 <sup foot_note=>1</sup>,
4020,彼らに向けて門が開かれた、永久の楽園が。,
4021,彼らはそこで、（寝台に）寄りかかっている。そこで（望むだけの）たくさんの果実と飲み物を、持って来させつつ。,
4022,また彼らのもとには、同い年の、（自分の夫だけに）視線を定めた女性[1]たちがいる。 <sup foot_note=>1</sup>,
4023,（敬虔*な者たちよ、）これが清算の日に、あなた方が約束されているもの。,
4024,実にこれはまさしく、（あなた方への）われらの糧。そこに決して終わりはない。,
4025,これは（、敬虔*な者たちのためのもの）。実に（不信仰において）度を越した者たちには、本当に悪い戻り場所がある、,
4026,彼らが入って炙られることになる、地獄が。その寝床は何と醜悪であろうか。,
4027,これはーー彼らにそれを味わわせよーー、煮えたぎる湯と膿汁[1]。 <sup foot_note=>1</sup>,
4028,また、それと同様の別のものが、各種ある。,
4029,（地獄の民は、別の集団がそこに入って来ると、お互いに言う[1]。）「これは、あなた方と共に（地獄に）飛び込んで来る集団だ」。「彼らの疎ましいこと。本当に彼らは（私たちと同様に、）業火に入って炙られるのだから」。 <sup foot_note=>1</sup>,
4030,彼ら（既に地獄に入っている集団に倣って不信仰者*となった、後から地獄に入って来た集団）は、（自分たちを不信仰へと主導した集団に）言う。「いや、あなた方こそ疎ましいこと。あなた方がそれを、私たちに提供したのだから[1]。その留まり所は、何と醜悪であろうか。 <sup foot_note=>1</sup>,
4031,彼ら（後から地獄に入って来た集団）は、言う。「我らが主*よ、私たちにこれを提供した者には、業火の中で倍の懲罰を上乗せして下さい」。,
4032,彼ら（地獄の民の内、暴虐な不信仰だった者*たち）は、言う。「私たちが、（現世で）ろくでなしと見なしていた男たち[1]を（ここで）見かけないのは、どうしたことだ？ <sup foot_note=>1</sup>,
4033,一体、私たちは彼らを（誤って）嘲笑の的にしていたのか？それとも（彼らは地獄にいるのに、私たちの）目は彼らから逸らされてしまったのか？[1]」 <sup foot_note=>1</sup>,
4034,実にそれは、まさしく真実なのである。（それは）地獄の民の議論なのだ。,
4035,（使徒*よ、）言え。「本当に私は一人の警告者である。そして唯一の*お方、君臨し給う*お方であるアッラー*の外に、崇拝*すべきいかなるものもない。,
4036,諸天と大地と、その間にあるものの主*、偉力ならびない*お方、赦し深いお方である（アッラー*の外には）」。,
4037,（使徒*よ、民に）言ってやれ。「これ（クルアーン*）は偉大なる消息。,
4038,あなた方はそこから背を向けているが。,
4039,私には、最上界の貴人（天使）たちが（アーダム*の創造に関して）議論している時[1]の知識など、なかったのである。 <sup foot_note=>1</sup>,
4040,私に啓示が下されるのは、まさに私が明白なる警告者であるゆえに外ならない」。,
4041,あなたの主*が天使*たちに、（こう）仰せられた時のこと（を思い起こさせよ）[1]。「本当にわれは、泥土[2]から人間を創る者である。 <sup foot_note=>1</sup>,
4042,それでわれら*がそれを整え、そこにわが魂[1]より吹き込んだら、彼（アーダム*）に向かってサジダ[2]せよ」。 <sup foot_note=>1</sup>,
4043,それで天使*たちは皆、一斉にサジダ*した。,
4044,但し、イブリース*だけは別だった。かれは高慢だったのであり、不信仰者*の類いだったのだ。,
4045,かれ（アッラー*）は仰せられた。「イブリース*よ、わが両手によって創造した[1]ものに対し、あなたがサジダ*するのを妨げたのは、何なのか？一体あなたは（アーダム*に対し）高慢だったのか、それとも（われに対して）奢り高ぶる者たちの類いだったのか？」 <sup foot_note=>1</sup>,
4046,彼（イブリース*）は申し上げた。「私は彼（アーダム*）よりも優れています。あなたは私を火からお創りになり、彼のことは泥土からお創りになったのですから」。[1] <sup foot_note=>1</sup>,
4047,かれ（アッラー*）は、仰せられた。「ならば、そこ（楽園）から出て行くがよい。まさにあなたは、追放された[1]者なのだ。 <sup foot_note=>1</sup>,
4048,そして本当にあなたの上には、報いの日*まで、我が呪い[1]がある」。 <sup foot_note=>1</sup>,
4049,彼（イブリース*）は、申し上げた。「我が主*よ、それなら私に、彼らが蘇らされる日まで猶予をお授け下さい」。,
4050,かれ（アッラー*）は仰せられた。「それでは、実にあなたは猶予される者の一人である。[1] <sup foot_note=>1</sup>,
4051,定められた（復活*の）時の日まで」。,
4052,彼（イブリース*）は申し上げた。「では、あなたのご偉力に誓って、私は必ずや彼ら（人類）を全員、踏み誤らせてみせましょう。,
4053,但し、彼らの内、精選されたあなたの僕たち[1]はその限りではありませんが」。 <sup foot_note=>1</sup>,
4054,かれ（アッラー*）は仰せられた。「真実こそ（、わが誓い）。そして真実をこそ、われは語る。,
4055,われは必ずや地獄を、あなた（イブリース*）と、彼ら（人類）の内であなたに従った者全員で、満たそう」。,
4056,（使徒*よ、）言うがよい。「私はそのことゆえに、あなた方に見返り[1]を求めているわけではないし、無理（して預言者*を自称）する者の類いでもない。 <sup foot_note=>1</sup>,
4057,それ（クルアーン*）は、全創造物への教訓に外ならないのだ。,
4058,そしてあなた方はきっと、しばらく後にその消息[1]を知ることになろう」。 <sup foot_note=>1</sup>,
4059,（このクルアーン*は、）偉力ならびなく*、英知あふれる*アッラー*からの啓典の降示。,
4060,（使徒*よ、）本当にわれら*はあなたに、真実と共に啓典を下した。ゆえにアッラー*を崇拝*せよ、かれだけに真摯に崇拝*行為を捧げつつ[1]。 <sup foot_note=>1</sup>,
4061,アッラー*にこそ、純粋な宗教が属するのではないか[1]。けれども、かれをよそに庇護者を設ける者たちは、（こう言っている。）「私たちが彼らを崇めるのは、彼らが私たちをアッラー*のお傍へと近づけてくれるために外ならない[2]」。本当にアッラー*は（復活の日*）、彼ら（信仰者とシルク*の徒）が意見を異にしていたことにおいて、彼らの間をお裁きになる。本当にアッラー*は、噓つきで不信仰この上ない者を、お導きにならないのだ。 <sup foot_note=>1</sup>,
4062,もしアッラー*が、（彼らが思いこんでいるように）子供を設けられることをお望みであったなら、かれがお創りになるものの内から、お望みのものをお選びになったであろう[1]。（そのようなこととは無縁な）かれに称え*あれ[2]。かれは唯一であり*、君臨し給う*アッラーである。 <sup foot_note=>1</sup>,
4063,かれは諸天と大地を、真理によってお創りになった[1]。かれは夜を昼に巻き付け（て覆われ）、昼を夜に巻き付け（覆い）給う[2]。また、太陽と月を（人間を益する秩序において）仕えさせられた。（その）いずれも、定められた時期（である復活の日*）まで（その軌道を）運行し続ける。かれは偉力ならびない*お方、赦し深いお方ではないか。 <sup foot_note=>1</sup>,
4064,かれはあなた方を、一人の人間（アーダム*）からお創りになり、そしてそれ（アーダム*）から、彼の妻をお創りになった。また、かれはあなた方のために、家畜の内から八頭[1]を下した。かれはあなた方を、あなた方の母親の胎内に創造の後に創造を重ねつつ、三つの闇[2]においてお創りになる。そのお方がアッラー*、あなた方の主*、かれにこそ王権は属する。かれの外に、崇拝*されるべきいかなるものもない。ならば一体、どうしてあなた方は（かれの崇拝*から）逸らされるのか？ <sup foot_note=>1</sup>,
4065,（人々よ、）もしあなた方が不信仰に陥っても、実にアッラーはあなた方（に対する必要）などから、満ち足りた*お方。また、かれはその僕たちに不信仰をお喜びにはならない。そして、もしあなた方が（かれの恩恵に）感謝するならば、かれはあなた方にそれをお喜びになる。（罪の）重荷を背負う者は、他の者（が犯した罪）の重荷まで背負うことはない。それからあなた方の主にこそ、（復活の日*の）あなた方の帰り所はあり、かれはあなた方が行っていたことについて、あなた方に告げ聞かせ給う。本当にかれは、胸の内をご存知のお方なのだから。,
4066,害悪[1]が人に降りかかれば、彼は自分の主*に（悔悟して）立ち返りつつ、祈る。それからかれ（アッラー*）が（その害悪を取り除いてやり、）かれの御許からの恩恵を彼にお恵みになれば、かれは以前、自分がかれに祈っていたことを忘れ、アッラー*に同位者を設け（て崇拝*し）、かれの道から（他者を）迷わせてしまう。（使徒*よ、）言うのだ。「あなたの不信仰を、少しばかり楽しんでいよ。本当のあなたは（死後）、業火の仲間となるのだから」。 <sup foot_note=>1</sup>,
4067,（そのような不信仰者*がよいのか、）それとも来世（の懲罰）を用心し、自分の主*のご慈悲を望みつつ、夜の刻にサジダ*し、起立（しつつ礼拝）する従順な者か？（使徒*よ、）言ってやれ。「一体、（自分の主*と宗教を）知る者たちと、知らない者たちは同等か？本当に教訓を得るのは、澄んだ理性の持ち主だけである」。,
4068,（使徒*よ、われがこう言っている、と）言うのだ。「信仰するわが僕たちよ、あなた方の主を畏れ*よ。この現世で善を尽くす者[1]には、善きもの[2]がある。そしてアッラー*の大地は広大なのだ[3]。本当に忍耐*する者たちは、その褒美を際限なく全うされる」。 <sup foot_note=>1</sup>,
4069,（使徒*よ、）言え。「本当に私（と私の信者）は、アッラー*を崇拝*するよう命じられた。かれだけに真摯に崇拝*行為を捧げつつ[1]。 <sup foot_note=>1</sup>,
4070,そして（自分の共同体において）、服従する者（ムスリム*）たちの先駆けとなるよう、命じられたのだ」。,
4071,（使徒*よ、）言うのだ。「本当に私は、もし我が主*に逆らったりしたら、偉大な（復活の）日*の懲罰を怖れる」。,
4072,（使徒*よ、）言え。「私はアッラー*をこそ、崇拝*する。かれだけに真摯に崇拝*行為をを捧げつつ[1]。 <sup foot_note=>1</sup>,
4073,ならば（シルク*の徒よ）、あなた方が望んだ、かれ以外のものを崇めるがよい[1]」。（使徒*よ、）言ってやれ「本当に損失者とは、（現世と不信仰への誘惑によって）、復活の日*に自分自身とその家族を損ねる者たち[2]のこと。それこそは紛れもない損失ではないか」。 <sup foot_note=>1</sup>,
4074,彼らには（復活の日*、）その上から（何重もの）業火の層があり、その下からも（同様の）層がある。アッラー*はそれによって、その僕たちを怖れさせる。わが僕たちよ、ならばわれを畏れる*のだ。,
4075,ターグート*を崇めることを避け、アッラー*へと（悔悟して不断に）立ち返る者たち、彼らにこそは吉報[1]がある。ゆえに、わが僕たちに吉報を伝えよ。 <sup foot_note=>1</sup>,
4076,（彼らは）言葉を聞き、その内の最善のものに従う[1]者たち。それらの者たちは、アッラー*が導かれた者たちであり、それらの者たちこそは、澄んだ理性の持ち主なのだ。 <sup foot_note=>1</sup>,
4077,一体（逸脱と頑迷さの中にあり続けることで、）懲罰（という定め）の言葉がその身に確定した者が、（使徒*よ、あなたによって導かれよう）か？一体地獄の中にある者を、あなたが救い出せるというのか？,
4078,しかし自分たちの主*を畏れた*者たち、彼らには（天国で）高き住まいがある。その上には、（幾重にも重なって）建てられた高き住まいがあり、その下からは河川が流れているのだ。（アッラー*はそれを、実現する）アッラー*のお約束（として、約束された）。アッラー*はそのお約束を、破り給わない。,
4079,（使徒*よ、）一体あなたはアッラー*が天から（雨）水をお降らしになり、それを噴泉として（湧き出ることになる）大地にお入れになったのを、見ないのか？それからかれは、それ（水）によって異なる色の作物を生育させるが、やがてそれは枯れてしまい、あなたはそれが黄色くなるのを目にする。それからかれは、それを木っ端微塵にしてしまうのだ。本当にそこにはまさしく、澄んだ理性の持ち主への教訓がある。,
4080,一体、アッラー*がその胸を服従（イスラーム*）へと広げられ、その主*からの（お導きという）光の上にある者が（、そうでない者と同様）か？その心がアッラー*の教訓に対し、硬くなってしまった者たちに災いあれ。それらの者たちは、明らかな迷いの中にあるのだから。,
4081,アッラー*は話の内で最善のもの、つまり（その内容が互いに）似通い、反復する[1]啓典（クルアーン*）を下された。その主*を畏れる*者たちの皮膚はそれ[2]によって逆立ち、それから彼らの皮膚と心は、アッラー*の（吉報の）想念へと和らぐ[3]。それは、かれがそれによって、かれがお望みの者を導かれるアッラー*のお導き。そして、アッラー*が（その不信仰と頑迷さゆえに）迷わせ給う者には、いかなる導き手もないのだ。 <sup foot_note=>1</sup>,
4082,一体、復活の日*、（自らの不信仰と迷いゆえ、地獄に放り込まれて）自分の顔で忌まわしい懲罰から自らを守る（はめになる）者が（、導かれて天国に入る者と同等）か？[1]不正*者たちには、（こう）言われるのだ。「あなた方が（現世で）稼いでいたもの[2]（ゆえの罰）を味わえ」。 <sup foot_note=>1</sup>,
4083,彼ら以前の者たちも、（その使徒*たちを）噓つき呼ばわりした。それで懲罰は、彼らが気付きもしない所から、彼らのもとに到来したのである。,
4084,こうしてアッラー*は彼らに、現世の生活における屈辱を味わわせられた。そして来世の懲罰こそは、より甚大なのである。もし彼らが、（そのことを）知っていたならば。,
4085,われら*は確かに人々に対し、彼らが教訓を受けるようにと、このクルアーン*の中であらゆる譬えを挙げた。,
4086,彼らが（アッラー*を）畏れる*ようにと、歪みのないアラビア語のクルアーン*として。,
4087,アッラー*は、互いに確執する複数の共同（所有）者がいる（奴隷*の）男と、一人の男（主人）に従順な（奴隷*の）男の譬えを挙げられた[1]。一体、彼ら二人は譬えとして、同等だろうか？アッラー*にこそ全ての称賛*あれ。いや、彼らの大半は知らないのである。 <sup foot_note=>1</sup>,
4088,（使徒*よ、）実にあなたは死にゆく者であり、本当に彼らも死にゆく者たちなのだ。,
4089,それから本当にあなた方は復活の日*、あなた方の主*の御許で、議論し合（い、アッラー*はあなた方を正義によって裁き給）う。,
4090,アッラー*に対して嘘をつき、真実が自分のもとに到来した時に嘘呼ばわりした者よりも、ひどい不正*者があろうか？一体、地獄にこそ、不信仰者*たちの住まいがあるのではないか？,
4091,真実をもたらし、それを確証した者[1]、それらの者たちこそは敬虔*な者たち。 <sup foot_note=>1</sup>,
4092,彼らには、その主*の御許において、彼らの望むものがある。それは善を尽くす者[1]たちへの褒美。 <sup foot_note=>1</sup>,
4093,（それは）アッラー*が、彼らが（現世で）行った最悪のもの[1]を彼らのために帳消しにされ、彼らが（そこで）行っていた最善のもので、彼らにその褒美をお報いになるからである。 <sup foot_note=>1</sup>,
4094,一体アッラー*だけで、その僕（ムハンマド*の守護）には十分なのではないか？（使徒*よ、）彼ら（シルク*の徒）は、かれ（アッラー*）以外の者たちによって、あなたを怖がらせる。アッラー*が迷わせ給う者には、いかなる導き手もないのだ。,
4095,そしてアッラー*がお導きになる者、彼にはいかなる迷わし手もいない。一体アッラー*は偉力ならびない*お方、報復の主ではないのか？,
4096,（使徒*よ、）もしあなたが彼ら（シルク*の徒）に、「諸天と大地を作ったのは誰か？」と尋ねたならば、彼らはきっと（こう）言ったであろう。「アッラー*である」。言ってやれ。「では言ってみよ。あなた方はアッラー*をよそに、何を祈っているのか？もしアッラー*が私に何らかの害をお望みになったら、一体それらはかれの（お望みになった）害を、除去してくれるというのか？それとも、かれが私にご慈悲をお望みになったら、それらがかれのご慈悲を押し留める（ことが出来る）とでも？」言うのだ。「アッラー*だけで、私には十分。（何かを誰かに）委ねる者には、かれだけに（全てを）委ねさせよ*」。,
4097,（使徒*よ、）言え。「我が民よ、あなた方は自分たちのやり方で（出来る限りのことを）行うがよい。実に私も、（自分のやり方で）行おう。あなた方はやがて、（誰に罰が下るかを）知ることになるだろうから」。,
4098,（現世で）懲罰が訪れる者、かれ（アッラー*）はその者たちを辱しめられる。そして（来世では）彼らの上に、永劫の懲罰が降りかかるのだ。,
4099,（使徒*よ、）本当にわれら*あなたに、人々への啓典（クルアーン*）を真理と共に下した。それで導かれた者は、自分自身のため（に導かれたの）であり、また迷った者は、自分を害するために迷うだけ。そしてあなたは、彼らに対する代理人などではない。,
4100,アッラー*は魂を、その死の折にお召しになる。また、その眠りにおいて死ななかったもの（魂）も。そしてかれは、死を決定されたものを（そのまま）留められ、別のものは定められた期限まで放たれ（、その肉体へとお戻しにな）る[1]。本当にその中にはまさしく、熟考する民への御徴[2]があるのだ。 <sup foot_note=>1</sup>,
4101,いや、彼らはアッラー*をよそに、執り成し手を設けたのか？（使徒*よ、）言ってやれ。「一体、彼らは何一つ所有してもいなければ、（あなた方の崇拝*も）弁えることがないというのに、（そうするの）か？」,
4102,言うのだ。「アッラー*にこそ、全ての執り成しが属する[1]。かれにこそ、諸天と大地の王権は属するのだ。それから（復活の日*、）かれの御許にこそ、あなた方は戻されるのである」。 <sup foot_note=>1</sup>,
4103,また、アッラー*だけ（を崇拝*すること）が言及されれば、来世を信じない者たちの心は嫌悪する。そして彼以外の者たち（への崇拝*）が言及されれば、どうであろうか、彼らは喜ぶのだ。,
4104,言え。「諸天と大地の創成者*、不可視の世界*も現象界[1]もご存知のアッラー*よ、あなたは（復活の日*、）あなたの僕たちの間を、彼らが（あなたについて）意見を異にしていたことにおいて、お裁きになります」。 <sup foot_note=>1</sup>,
4105,もし、不正*を働いた者たち（シルク*の徒）に大地にあるもの全てと、それと一緒に（別の）同様のものがあったとしたら、復活の日、それで忌まわしい懲罰を償ったであろう（が、それは受け入れられないのだ）。そしてアッラー*の御許から、彼らに、自分たちが（現世で）予想もしなかったことが出現する。,
4106,また、彼らには（その日、現世で）自分たちが稼いだ悪（の報い）が現れる。そして自分たちが嘲笑していたもの（懲罰）が、彼らを包囲するのである。,
4107,また人間は、害悪が降りかかれば、われら*に（その除去を）祈る。それからわれら*が、われら*のもとからの恩恵を彼に恵んでやれば、（こう）言うのだ。「私は本当に、自分にある知識ゆえに、これを授けられたのだ[1]」。いや、それは試練[2]である。しかし彼らの大半は、（そのことを）知らない。 <sup foot_note=>1</sup>,
4108,彼ら以前の（不信仰）者*たちも確かに、そう言ったのだ。そして彼らが稼いでいたもの[1]は、（懲罰が訪れた時、）彼らを益することがなかったのである。 <sup foot_note=>1</sup>,
4109,こうして彼らに、彼らが稼いだ悪（の罰）が襲いかかったのだ。そしてそれらの者（マッカ*の民）の内、不正*を働いた者たちには、自分たちが稼いだ悪が襲いかかるだろう。そして彼らは、（アッラー*から）逃れられる者などではない。,
4110,一体、彼らはアッラー*がその僕たちの内、かれがお望みの者に糧を豊富に与えられ、また控えられることを知らなかったのか？[1]本当にその中にはまさしく、信仰する民への御徴がある。 <sup foot_note=>1</sup>,
4111,（使徒*よ、われがこう言っている、と言え。）「自分自身に対し、（罪という重荷を）背負いに背負った、わが僕たちよ。アッラー*のご慈悲に絶望するのではない。本当にアッラー*は、罪を全てお赦しになるのだから。本当にかれこそは、赦し深いお方、慈愛深い*お方なのだぞ。[1] <sup foot_note=>1</sup>,
4112,また、あなた方に懲罰が訪れる前に、あなた方の主*に（悔悟して）立ち返り、かれに服従（イスラーム*）せよ。（懲罰が訪れたら、あなた方は罰され、）そこから助けられることはなくなってしまうのだ。,
4113,そして、あなた方が気付かぬまま、懲罰があなた方のもとに突然やってくる前に、あなた方の主*から自分たちに下された最善のもの（クルアーン*）に従え。,
4114,人が、『ああ、私が（現世で）、アッラー*のことにおいていい加減だったことゆえの、我が悲痛よ！私はまさしく、嘲笑者[1]の類いだったのだ』と言うようにならないために。 <sup foot_note=>1</sup>,
4115,または、『アッラー*が私のことを導いて下さっていたら、私は敬虔*な者たちの仲間となっていたのに』とか、,
4116,あるいは（復活の日*）、懲罰を目の当たりにする際に、『もし、私に（現世へと）戻ることが出来て、善を尽くす者[1]たちの一人となることが出来たなら』とか、言わないようにするために。 <sup foot_note=>1</sup>,
4117,いや、（真理を示す）わが御徴は確かに、あなたのもとに到来したのだ。そしてあなたはそれを嘘呼ばわりし、（その受容に対し）高慢で、不信仰者*の一人だったのだ」。,
4118,復活の日*、あなたはアッラー*に対して嘘をついた者[1]たちの顔が黒ずむ[2]のを見る。一体、地獄にこそ、（アッラー*に対して）高慢だった者たちの住まいがあるのではないか？ <sup foot_note=>1</sup>,
4119,そしてアッラー*は敬虔*だった者たちを、その勝利によって（地獄から）お救いになる。彼らには忌まわしいことが降りかかることもないし、（現世でやり残したことについて）悲しむこともない。,
4120,アッラー*は全てのものの創造主で、かれは全てのことを請け負われる*お方であられる。,
4121,かれにこそ、諸天と大地の（宝庫の）鍵は属するのだ。そしてアッラー*の御徴を否定する者たち、それらの者たちこそは損失者である。,
4122,（使徒*よ、）言ってやれ。「あなた方は、我がアッラー*以外のものを崇めるよう命じるのか？無知な者たちよ」。,
4123,（使徒*よ、）あなたと、あなた以前の者（使徒*）たちには、確かに（こう）啓示されたのである。「もしあなたがシルク*を犯したならば、あなたの行いは必ずや台無しとなるのであり、あなたは必ずや損失者の類いとなるのだ」。,
4124,いや、（預言者*よ、）あなたはアッラー*をこそ崇拝*せよ。そして（アッラー*の恩恵に）感謝深い者の一人となるのだ。,
4125,彼ら（シルク*の徒）は、アッラー*を真に敬わなかった。そして復活の日*、大地は全てかれの一掴みの中にあり、諸天はかれの右手で折りたたまれた状態となる[1]。アッラー*に称え*あれ、かれは彼らの言うようなこと（シルク*）から（無縁で）、遥か高遠なお方であられる。 <sup foot_note=>1</sup>,
4126,そして角笛に吹き込まれ[1]、諸天にいる者と大地にいる者は（皆）、アッラー*がお望みになった者[2]以外、卒倒（して死亡）する。それから、そこ（角笛）にもう一回吹き込まれると、どうであろう、彼らは立ち上がって（自分たちの処遇を）見守る者たちとなる。 <sup foot_note=>1</sup>,
4127,また、大地はその主*の御光によって輝き、帳簿が置かれ[1]、預言者*たちと証人たちが連れて来られる[2]。そして不正*を受けることなく、彼らの間が真理によって裁かれるのだ。 <sup foot_note=>1</sup>,
4128,また全ての者は、自分が行ったこと（の報い）を全うされる。かれ（アッラー*）は、彼らが（現世で）することを、最もよくご存知なのだ。,
4129,そして不信仰だった者*たちは、集団で地獄に引き連れて来られる。やがて彼らがそこにやって来ると、その門が開けられ、門番は言う。「一体あなた方のもとには、あなた方に自分たちの主*の御徴を読誦し、この日の拝謁を警告する、あなた方の内からの使徒*たちは訪れなかったのか？」彼らは言う。「えぇ（、確かに訪れました）」。しかし懲罰の御言葉[1]が、不信仰者*たちには確定したのだ。 <sup foot_note=>1</sup>,
4130,（不信仰者*たちには、こう）言われる。「あなた方は、地獄の門に入れ。そこに永遠に。（信仰に対して）高慢な者たちの住まいは、何と醜悪なことか」。,
4131,また、自分たちの主*を畏れ*た者たちは、集団で天国へと引き連れて来られる。やがて彼らがそこにやって来ると、その門が開けられ、門番は彼らに言う。「あなた方に平安を[1]。あなた方は、素晴らしい状態となった[2]。ならば、永遠にそこに入るがよい」。 <sup foot_note=>1</sup>,
4132,そして、彼ら（信仰者たち）は言う。「そのお約束を私たちに実現され、私たちに（天国の）地を引き継がせて下さった[1]お方に、全ての称賛*あれ。私たちは天国で望む所に住むことができます。（アッラー*への服従に）勤しむ者たちの褒美は、何と素晴らしいことでしょう」。 <sup foot_note=>1</sup>,
4133,また（預言者*よ、）あなたは天使*たちが、その主*の称賛*と共に（かれを）称え*ながら、御座[1]のまわりを囲むのを見る。そして彼らの間は真理によって裁かれ、（こう）言われるのだ。「全創造物の主*アッラー*に、全ての称賛*あれ」。[2] <sup foot_note=>1</sup>,
4134,ハー・ミーム[1]。 <sup foot_note=>1</sup>,
4135,（このクルアーン*は、）偉力ならびなく*、英知あふれる*アッラー*からの、啓典の降示。,
4136,罪をお赦しになり、悔悟をお受け入れになり、懲罰が厳しく、豊潤さの主である（アッラー*からの降示）。かれ以外に、崇拝*すべきいかなるものもない。かれにこそ、（復活の日*における、全創造の）行き先はある。,
4137,不信仰に陥った者*たち以外、アッラー*の御徴[1]に（盾ついて）議論したりはしない。ならば（使徒*よ）、不信仰者*らが（商売や現世での享楽に）勤しんでいるのに、惑わされてはならない。 <sup foot_note=>1</sup>,
4138,彼ら以前にも、ヌーフ*の民とその後の徒党が、（使徒*たちを）噓つき呼ばわりしたのだ。そして（それら）全ての共同体は、その使徒*を捕らえ（て殺害し）ようと意図し、真理を消し去るべく虚妄によって議論した。それでわれら*は、彼らを（懲罰で）捕らえたのだ。わが懲罰は、いかなるものだったか？,
4139,同様に不信仰に陥った者*たちには、彼らは業火の住人であるという、あなたの主*の御言葉が確定したのである。,
4140,御座を運ぶ者たちと、その周りにいる者[1]は、彼らの主*の称賛*と共に（かれを）称え*、かれを信じる。そして、信仰する者たちのために（こう言って）赦しを乞う。「我らが主*よ、あなたは全てのものを、慈悲と知識で網羅されました。ですから、悔悟し、あなたの道（イスラーム*）に従った者たちをお赦しになり、彼らを火獄の懲罰からお守り下さい。 <sup foot_note=>1</sup>,
4141,我らが主*よ、そして彼らを、あなたが彼らにお約束になった永久の楽園にお入れ下さい、また、彼らの父祖、妻、子孫たちの内、正しかった者*を。本当にあなたこそは、偉力ならびない*お方、英知あふれる*お方なのですから。,
4142,また、彼らを悪（の結末）から、お守り下さい。あなたが（復活の）その日、悪からお守りになる者こそは、あなたが確かにご慈悲をかけられた者。それこそは、偉大な勝利です」。,
4143,本当に不信仰に陥った者*たちには、（地獄の番人から、こう）呼びかけられる。「（現世で）あなた方が信仰へと呼びかけられ、それを否定していた時の（あなた方に対する）アッラー*の憎悪こそは、（今の）あなた方の自分自身に対する憎悪よりも、大きかったのだぞ」。[1] <sup foot_note=>1</sup>,
4144,彼ら（不信仰者*たち）は言う。「我らが主*よ、あなたは私たちに二度、死を与えられ、二度、生を与えられました[1]。そして私たちは（今）、自分たちの罪を認めました。ですので、（私たちが地獄から）出る術はありますでしょうか？」[2] <sup foot_note=>1</sup>,
4145,（不信仰者*たちよ、）それ（地獄の懲罰）はあなた方が、アッラー*だけが呼ばれた時[1]には否定し、かれに同位者が並べられれば信じていたからなのだ。（全ての）裁決は、至高で*大いなる*アッラーにこそ属する。 <sup foot_note=>1</sup>,
4146,（人々よ、）かれはあなた方に（、創造の完全さを示す）その御徴をお見せになり、天からあなた方に糧を下されるお方。そして、よく（悔悟して）立ち返る者以外、教訓を受けることはない。,
4147,だから、アッラー*だけに真摯に崇拝*行為を捧げつつ[1]、祈（り、崇拝*す）るのだ。たとえ不信仰者*たちが、（それを）嫌ったとしても。 <sup foot_note=>1</sup>,
4148,（アッラー*は）位高きお方、御座[1]の主、かれは会合の日[2]を警告するため、その僕たちの内からお望みの者に、そのご命令によって、魂[3]を投げかけられる。 <sup foot_note=>1</sup>,
4149,彼らが露わな者たち[1]となる、その日を（警告するため）。彼らの（状態や行いの）内、アッラー*から隠れられるものなど、何一つない。（アッラー*は仰せられる。）「今日、王権は誰のものか？」（かれは、自らお答えになる）。「唯一*かつ君臨し給う*アッラー*にこそ、属するのだ[2]」。 <sup foot_note=>1</sup>,
4150,この日全ての者は、自らが（現世で）稼いだものによって報われる。この日、不正*はない[1]。本当にアッラー*は即座に計算される*お方なのだから。 <sup foot_note=>1</sup>,
4151,（使徒*よ、）心臓が（恐怖ゆえに）喉元にまで達し、沈鬱になる、間近な日[1]のことを彼らに警告せよ。不正*者たちには近しい友人もいなければ、受け入れられる執り成し手もいない[2]。 <sup foot_note=>1</sup>,
4152,かれは眼が掠め取るもの[1]も、胸が潜める（善いものも悪い）ものもご存知である。 <sup foot_note=>1</sup>,
4153,アッラー*が真理[1]で（人々の間を）裁かれるのであり、彼らがかれをよそに祈っている者たちは、何も裁きはしない。本当にアッラー*こそは、よくお聞きになるお方、よくご覧になるお方なのだから。 <sup foot_note=>1</sup>,
4154,彼らは地上を旅し、（預言者*たちを噓つき呼ばわりした）彼ら以前の者たちの結末が、どのようなものであったかを見なかったのか？彼ら（以前の者たち）は、彼らよりも力と、大地の建設において強力だった。そしてアッラー*は彼らを、その罪ゆえに（懲罰で）捕らえられ、彼らにはアッラー*（の懲罰）に対してのいかなる守護者もなかったのである。,
4155,それは彼らが、自分たちの使徒*が明証を携えて彼らのもとに到来していたのに、不信仰に陥ったからである。それでアッラー*は、彼らを（懲罰で）捕らえられたのだ。本当にかれは強いお方、厳しく懲罰されるお方であられる。,
4156,われら*はムーサー*を確かに、われら*の御徴[1]と紛れもなき証拠[2]と共に遣わした。 <sup foot_note=>1</sup>,
4157,フィルアウン*とハーマーン*とカールーン[1]へと。すると彼らは言った。「（彼は）大噓つきの魔術師だ」。 <sup foot_note=>1</sup>,
4158,そして彼（ムーサー*）がわれら*のもとから、真理を携えて彼らのもとにやって来た時、彼ら（フィルアウン*たち）は言った。「彼と共に信じた者たちの男児を殺し、その女児は生かしておけ[1]」。不信仰者*たちの策謀は、無に帰すのである。 <sup foot_note=>1</sup>,
4159,フィルアウン*は、（自分の民の有力者たちに）言った。「私にムーサー*を殺させ、彼を自分の主*に祈らせてみよ。本当に私は、彼があなた方の宗教[1]を変えてしまったり、地上（エジプト）に腐敗*を出現させたりすることを怖れているのだ」。 <sup foot_note=>1</sup>,
4160,ムーサー*は言った。「実に私は、我が主*とあなた方の主*に、清算の日を信じないあらゆる高慢な者からのご加護を乞いました」。,
4161,フィルアウン*の一族の内、その信仰を隠していた信仰者の男は、言った。「一体あなた方は一人の男を、『我が主*はアッラー*です』と言う（だけ）ゆえに、殺すというのですか？彼（ムーサー*）はあなた方の主*から、明証[1]を携えてあなた方のもとにやって来たと言うのに。そして、もし彼が噓つきならば、その嘘（の罰）は彼自身が負います。また、もし彼が正直者ならば、彼があなた方に約束するものの一部[2]が、あなた方に襲いかかるでしょう。本当にアッラー*は、（真理への拒否において）度を越した大噓つきを、お導きにはなりません。 <sup foot_note=>1</sup>,
4162,我が民よ、あなた方にこそ今日、地上（エジプト）での勝利者として、王権はあります。でも、アッラー*の（懲罰という）猛威が私たちのもとにやって来たら、誰が私たちを助けてくれるでしょうか？」フィルアウン*は、（自分の民に）言った。「（人々よ、）私があなた方に示すのは、私が（私とあなた方にとって有益なものと）認めるものに外ならない。そして私があなた方を導くのは、正道に外ならないのだ」。,
4163,信仰する者は言った。「我が民よ、（あなた方がムーサー*を殺せば、）本当に私はあなた方に、徒党の日[1]のようなことを怖れるのです。 <sup foot_note=>1</sup>,
4164,ヌーフ*の民、アード*、サムード*、そして彼らの後の（不信仰）者*たちの習いのようなことを。そしてアッラー*は全世界に対し、断じて不正*などをお望みにはなりません。,
4165,また我が民よ、本当に私はあなた方に。呼び合いの日[1]を怖れます。 <sup foot_note=>1</sup>,
4166,あなた方が背を向けて逃げる、その日を。あなた方にはアッラー*に対し、いかなる援助者もありません。そしてアッラー*が迷わせ給うた者には、いかなる導き手もないのです。[1] <sup foot_note=>1</sup>,
4167,（ムーサー*）以前、ユースフ*は明証[1]を携えて、確かにあなた方のもとにやって来ました。そしてあなた方はまだ、彼があなた方にもたらしたものに対する疑念の中にあるのです。やがて彼が死んだ時、あなた方は（自分たちの疑念とシルク*に拍車をかけて、こう）言いました。『アッラー*は彼の後、使徒*を遣わされることはない』。同様にアッラー*は、（真理への拒否において）度を越し、（アッラーの唯一性*に）疑惑の念を抱く者を（正道から）迷わせられます。 <sup foot_note=>1</sup>,
4168,アッラー*の御徴（を拒むこと）において、（アッラー*の御許から）到来した根拠もなく議論する者たち、（そのような議論は）アッラー*の御許と信仰した者たちのもとで、忌まわしいことこの上ないのです。同様にアッラー*は、（アッラー*への服従に対して）高慢で尊大な（あらゆる）者の全ての心を、閉じてしまわれます」。[1] <sup foot_note=>1</sup>,
4169,フィルアウン*は、言った「ハーマーン[1]よ、私のために塔を建てよ。私が通り道に到達できるように。[2] <sup foot_note=>1</sup>,
4170,諸天の通り道に。私は、ムーサー*の神を見てみよう。本当に私は、彼がまさに噓つきだと思うのだ」。このように、フィルアウン*には彼の悪い行いが目映く映り、彼は（真理の）道から阻まれた。フィルアウン*の策略[1]は、破滅する外ないのである。 <sup foot_note=>1</sup>,
4171,信仰する者は言った。「我が民よ、私に従いなさい。あなた方を正道へと導いてあげましょう。,
4172,我が民よ、本当にこの現世の生活は（僅かな）楽しみなのであり、実に来世こそは、（あなた方が定着する）留まり所なのです。,
4173,（現世で）悪を行った者は、（来世において）それと同等のものでしか、報われません。そして男性であれ女性であれ、信仰者で正しい行い*を行う者、それらの者たちは天国に入るのです。彼らはそこで際限なく、糧を授けられます。,
4174,我が民よ、どういうことでしょうか？私があなた方を（地獄から天国への）救い[1]へと招いているのに、あなた方が私を地獄（の原因となる行い）へ招くのは？ <sup foot_note=>1</sup>,
4175,あなた方は私がアッラー*を否定し、私が（その崇拝*の正当性について）何も知らないものを、かれに並べることへと招いているのです。私はあなた方を、偉力ならびなく*、赦し深いお方へ（通じる道へ）と招いているというのに。,
4176,間違いなく、あなた方が私を招いているものには、現世においても来世においても、いかなる招き（の価値）もありません。そして私たちの戻り場所がアッラー*の御許であり、（罪に）度を越した者たちこそが、地獄の徒であるということも」。,
4177,（そして民が彼の助言に従わなかった時、彼は言った。）「それでは、あなた方は私があなた方に言っていることを、やがて思い出すでしょう。私はアッラー*に、自分の事を委ねます。本当にアッラー*は、僕たちのことを、よくご覧になるのですから」。,
4178,こうしてアッラー*は彼を、彼らが策謀したことの悪からお守りになり、（溺死という）忌まわしい懲罰がフィルアウン*の一族を包囲した。,
4179,（更にその死後には、）朝に夕に晒されることになる業火が（、彼らを包囲する）。そして（復活*の）その時が起こる日、（彼らにはこう言われるのだ、）「フィルアウン*の一族を、最も厳しい懲罰に入れよ」。[1] <sup foot_note=>1</sup>,
4180,彼らが（地獄の）業火で議論し合い、弱者たちが高慢だった者たち[1]に（こう）言う時のこと（を思い起こさせよ）。「本当に私たちは（現世で）あなた方に追従していたわけだが、（この日）あなた方は業火の一部からでも、私たちを守ってくれるのか？」 <sup foot_note=>1</sup>,
4181,高慢だった者たちは、言う。「（そのようなことは出来ない。）本当に私たちは皆、（地獄の）その中にあるのだ。本当にアッラー*は、確かに僕たちの間に裁きを下されたのである[1]」。 <sup foot_note=>1</sup>,
4182,また、業火の中にある者たちは、地獄の門番たちに言う。「あなた方の主*に祈ってくれ。かれが私たちから、一日でも懲罰を軽減して下さるよう」。[1] <sup foot_note=>1</sup>,
4183,彼ら（地獄の門番たち）は言う。「一体、あなた方の使徒*たちは明証を携えて、あなた方のもとに到来していたのではなかったか？」彼ら（地獄の民）は言う。「その通りです」。彼ら（門番たち）は言う。「ならば（私たちは祈らないから、）あなた方が祈るがよい。不信仰者*たちの祈願は、まったくの徒労である」。,
4184,本当にわれら*は、現世の生活と、証人たちが立つ[1]（復活の）日*に、われら*の使徒*たちと、信仰する者たちを必ずや助けるのである。 <sup foot_note=>1</sup>,
4185,不正*者たちをその言い訳が益することがない、その日に。そして彼らの上には呪いがあり、彼らには（来世で）忌まわしい住まいがある。,
4186,われら*は確かにムーサー*に導きを授け、イスライールの子ら*に啓典（トーラー*）を引き継がせた。,
4187,澄んだ理性の持ち主への導きと、教訓として。,
4188,ならば（使徒*よ）、忍耐*せよ。本当にアッラー*のお約束は真実なのだ。そしてあなたの罪の赦しを乞い、夕に朝に、あなたの主*の称賛*と共に（かれを）称える*のだ。,
4189,本当にアッラー*の御徴（を拒むこと）において、（アッラー*から）到来した根拠もなく議論する者たち、彼らの胸の内には、彼らが到達することもないもの[1]に対する高慢さしかない。ならばアッラー*に、（彼らの悪からの）ご加護を乞え。本当にかれこそは、よくお聞きになるお方、よくご覧になるお方なのだから。 <sup foot_note=>1</sup>,
4190,諸天と大地の創造こそは、人々の創造（とその再生）よりも偉大なのだ。しかし、人々の大半は分からない。,
4191,また、盲人と見える者は同じではなく[1]、信仰して正しい行い*を行う者たちと悪い行いの者[2]は、同じではない。あなた方が教訓を得ることの、少ないこと。 <sup foot_note=>1</sup>,
4192,本当に（復活の）その時は、疑惑の余地なく、必ずや到来する。しかし、人々の大半は信じないのだ。,
4193,また（人々よ）、あなた方の主*は仰せられた。「私に（のみ）祈るのだ。そうすればわれは、あなた方に応えよう。本当にわれの崇拝*に対して奢り高ぶる者たちは、やがて蔑まれた者となって、地獄に入ることになる。,
4194,アッラー*はあなた方のために、あなた方がそこで安らぐべく夜をお創りになり、昼を（生活のために）視界が利くものとされた。本当にアッラー*はまさしく人々に対する恩寵の主であられるが、人々の大半は（かれへの服従と崇拝*によって、かれに）感謝しない。,
4195,そのお方がアッラー*、あなた方の主*、全ての創造主。かれの外に、崇拝*すべきいかなるものもない。なのに一体、どうしてあなた方は（かれを信仰し、崇拝*することから）背かされるのか？,
4196,同様に、アッラー*の御徴を否定していた者たちは、（真理から）背かされるのである。,
4197,アッラー*はあなた方のために大地を安住の地とされ、空を屋根とされたお方。また、かれはあなた方にを形づくられ、あなた方の形を最善のものとされ、あなた方に善きものの内からお恵みになった（お方）。そのお方がアッラー*、あなた方の主*。そして全創造物の主*アッラー*は、祝福にあふれたお方よ。,
4198,かれは永生されるお方。かれの外に崇拝*すべきいかなるものもない。ゆえに、かれだけに真摯に崇拝*行為を捧げつつ[1]、かれに祈るのだ。全創造物の主*アッラー*に称賛*あれ。 <sup foot_note=>1</sup>,
4199,（使徒*よ）言ってやるがいい。「本当に私は、我が主*からの明証[1]が自分に訪れた時、あなた方がアッラー*、を差しおいて祈っている者たちの崇拝*を禁じられたのだ。また私は、全創造物の主*に服従（イスラーム*）するよう命じられたのである」。 <sup foot_note=>1</sup>,
4200,かれはあなた方（の父祖アーダム*）を土から[1]、そして（あなた方を）一滴の精液から、次いで一塊の凝血からお創りになり、その後あなた方を子供として（生まれ）出させ、それからあなた方が成熟に達し、更に老人になるべく（あなた方の年齢を積み重ねてか行かれる）。あなた方の内には、（これらの段階）以前に召される者もいる。また、かれは、あなた方が（これらの段階を経て）定められた時期[2]へと到達すべく（、あなた方の年齢を積み重ねて行かれる）。そして（それは、）あなた方が弁える[3]ようにするためなのだ。 <sup foot_note=>1</sup>,
4201,かれは生を与えられ、死をお与えになるお方。そして、かれが一事をお取り決めにな（り、お望みにな）れば、それに「あれ」と仰せられるだけで、それは存在するのである。,
4202,（使徒*よ、）一体あなたは、アッラー*の御徴[1]に（盾ついて）議論する者たちが、いかに（そこから）逸らされてしまっているか、見ないのか？ <sup foot_note=>1</sup>,
4203,（彼らは）啓典と、われら*がわれら*の使徒*たちと共に遣わしたもの[1]を、嘘呼ばわりした者たち。ならば、彼らはやがて（その結末を）知ることになろう。 <sup foot_note=>1</sup>,
4204,その首に枷と、（その足に）鎖が付けられて、（それで）彼らが引き回される時に。,
4205,煮えたぎる湯の中で、それから業火の中で、彼らは（彼ら自身がその燃料となって、地獄を）煮えたぎらされる。,
4206,それから彼らに、（こう）言われる。「あなた方が（アッラー*の崇拝*において、かれと）並べていた者たちは、どこなのか？[1] <sup foot_note=>1</sup>,
4207,アッラー*をよそにして？」彼らは言う。「私たちのもとから、いなくなってしまいました。いえ、私たち以前、何に祈っていたわけでもなかったのです[1]」。同様にアッラー*は、不信仰者*たちを（天国から）迷わせ給う。 <sup foot_note=>1</sup>,
4208,それというのも、あなた方が地上で不当にも（罪を犯すことに）有頂天になっていたため、そしてあなた方が（他の僕たちに対して）得意然となっていたためなのだ。,
4209,地獄の門に入るがよい。そこに永遠に。（アッラー*に対して）高慢な者たちの住まいは、何と醜悪なことか」。,
4210,ならば、（使徒*よ）、忍耐*せよ。実にアッラー*のお約束は、真実なのだ。たとえ、われら*が（あなたの存命中、）彼らに約束したものの一部[1]をあなたに見せてやるにせよ、あるいは（その前に）あなたを召すにせよ、（復活の日*、）われら*（の御許）にこそ彼らは戻らされ（て、罰されることにな）るのである。 <sup foot_note=>1</sup>,
4211,（使徒*よ、）われら*はあなた以前、確かに使徒*たちを遣わした。彼らの中には、われら*があなたに語って聞かせた者もいるし、その中には、われら*があなたに語って聞かせなかった者もいる。また、いかなる使徒*も、アッラー*のお許しなしには御徴[1]をもたらすことなどなかった。そしてアッラー*のご命令が到来すれば、（使徒*たちと彼らを噓つき呼ばわりしていた者たちの間は）真実によって裁かれ、（真実を）虚妄とする者たちは、そこで損失するのである。 <sup foot_note=>1</sup>,
4212,アッラー*は、あなた方のために家畜[1]をご用意されたお方。それはあなた方がその内のものに乗り、そこから食べるため。 <sup foot_note=>1</sup>,
4213,またそこ（家畜）には、あなた方のための諸利益[1]がある。そしてそれらに乗って、あなた方の脳裏に浮かぶ（遠い場所での）用事を果たすため（、アッラー*ははそれらをあなた方にご用意された）。あなた方はそれらや、船に乗って運ばれる。 <sup foot_note=>1</sup>,
4214,また、かれはあなた方に、その（御力と、かれこそが全創造を司っているのだということを示す）御徴をお見せになる。一体あなた方は、アッラー*のいずれの御徴を否定するというのか？,
4215,一体、彼らは地上を旅し、彼ら以前（預言者*たちを噓つき呼ばわりした）者たちの結末がどのようなものであったかを、見なかったのか？彼ら（以前の者たち）は、彼らよりも多勢で、力と、大地の建設において強力だった。そして（アッラー*の懲罰が降りかかった時、）彼らが稼いでいたものは、彼らを益することがなかったのだ。,
4216,また、彼らのもとに彼らの使徒たちが明証を携えてやってきた時、彼らは自分たちのもとにある知識[1]に有頂天になった。そして自分たちが嘲笑していたもの（懲罰）が、彼らを包囲したのだ。 <sup foot_note=>1</sup>,
4217,また、われら*の猛威（という懲罰）を目の当たりにした時、彼らは（こう）言ったのだ。「私たちはアッラー*だけを信じ、私たちがかれに並べて（崇拝*して）いたものを、否定しました」。,
4218,そして彼らの信仰は（その時）、彼らを益することがなかった[1]。彼らが、われら*の猛威（という懲罰）を目の当たりにした時には（、もう遅かったのだ）。（懲罰が訪れたら信仰しても遅いという、）かれの僕たちにおいて過ぎ去ってきた、アッラー*の摂理。そして不信仰者*たちは、そこで損失したのである。 <sup foot_note=>1</sup>,
4219,ハー・ミーム[1]。 <sup foot_note=>1</sup>,
4220,（このクルアーン*は、）慈悲あまねく*、慈愛深きお方からの降示である。,
4221,知識ある民のため、アラビア語のクルアーン*として、そのアーヤ*が詳細にされた啓典。,
4222,吉報を伝え、警告を告げるもの[1]として。そして彼らの大半は（それに）背を向け、耳を傾けない。 <sup foot_note=>1</sup>,
4223,また、彼ら（不信仰者*たち）は（使徒*ムハンマド*に）言った。「私たちの心は、あなたが私たちを招くもの（への理解）から（阻む）覆いがかけられ、私たちの耳には重しがかけられており[1]、私たちとあなたとの間には（、あなたの招きに応じることを阻む）障壁がある。ならば、あなたは（自分の宗教に従って）行うがよい。本当に私たちは、（自分たちの宗教に従って）行うから」。 <sup foot_note=>1</sup>,
4224,（使徒*よ、）言ってやれ。「私は、『あなた方の（真に）崇拝*すべきは、ただ一つの神[1]』との啓示を受けている、あなた方と同様の一人の人間に過ぎない。ゆえに、かれへとまっすぐに歩み[2]、かれにお赦しを乞うのだ。そしてシルク*の徒たちには、災いを。 <sup foot_note=>1</sup>,
4225,（彼らは）浄財*を払う[1]ことなく、来世に対してはまさに不信仰者*である。 <sup foot_note=>1</sup>,
4226,本当に信仰し、正しい行い*を行う者たち、彼らには尽きることのない[1]褒美がある」。 <sup foot_note=>1</sup>,
4227,（使徒*よ）言え。「本当にあなた方は、大地を二日間で創られたお方を否定し、かれに同位者を設け（て崇拝*す）るというのか？そのお方は、全創造物の主*なのである。,
4228,またかれはそこに、その上に（聳える）堅固な山々を置かれ、そこを祝福され、ちょうど四日（目）[1]で、その糧をそこにお定めになった。（天地創造の時間について）問う者たちへのために[2]（、彼らがそれを知るべく）。 <sup foot_note=>1</sup>,
4229,それから、かれは煙状であった天（の創造）をお望みになり、それ（天）と大地に向かって、（こう）仰せられた。「従順にであろうと、嫌々であろうと、（わが命令へと）来たれ」。それら（天と大地）は、申し上げた。「私たちは従順に、参りました」。,
4230,こうしてかれはそれらを二日間で、七層の天（の創造）として終えられ[1]、天の各々（の層）に、その命令を示された。また、われらは最下層の天を（星）灯りで飾りつけ、（それをシャイターン*に対する）護衛とした[2]。それは偉力ならびなく*、英知あふれる*お方の定めである。 <sup foot_note=>1</sup>,
4231,もし彼らが（アッラー*とクルアーン*のことを説明された後に）背を向けるのなら、言ってやるがいい。「私はあなた方に、アード*とサムード*の懲罰のような懲罰を警告した」。,
4232,使徒*たちが、彼らの前と後ろから彼ら（アード*とサムード*）のもとに到来し[1]、アッラー*以外は崇拝*してはならない、と言った時のこと。彼らは言った。「もし我らが主*がお望みになったなら、天使*たちを（使徒*として）下したであろう[2]。ゆえに私たちは、あなた方が携えて遣わされたものを否定する」。 <sup foot_note=>1</sup>,
4233,それでアード*はといえば、不当にも地上で高慢となり、（こう）言った。「誰が私たちよりも強力だと言うのか？[1]」彼らは一体、彼らをお創りになったアッラー*が、彼らよりも強力であるとは思わないのか？彼らは、かれの御徴[2]を否定していたのだ。 <sup foot_note=>1</sup>,
4234,それでわれら*は、彼らに現世の生活における屈辱の懲罰を味わわせるべく、大難の日々[1]において、彼らに咆哮の暴風を送った。そして来世の懲罰こそは、より屈辱に満ちたものなのだ。彼らは（誰からも）援助されることがない。 <sup foot_note=>1</sup>,
4235,またサムード*はといえば、われら*が彼らに導きを示した後、導きよりも（迷いという）盲目を好んだ。それで彼らが稼いでいたもの[1]ゆえ、屈辱的な懲罰の稲妻[2]が彼らを捕らえたのだ。 <sup foot_note=>1</sup>,
4236,そしてわれら*は、信仰し、敬虔*だった者たちを救った。,
4237,アッラー*の敵たちが業火へと集められ、整列させられる時（のことを、思い起こさせよ）。,
4238,やがて彼らがそこに到来（し、自分たちの罪を否定）すると、彼らの耳と目と皮膚は、彼らが（現世で）行っていたことについて、彼らに不利な証言をする[1]。 <sup foot_note=>1</sup>,
4239,そして彼らは、自分たちの皮膚に（こう）言う。「あなた方は、どうして私たちに不利な証言をするのか？」彼ら（皮膚）は、言う。「全てのものに言葉を喋らせられるアッラー*が、私たちを喋らせられたのだ。かれがあなた方を最初にお創りになったのであり、かれの御許にこそ、あなた方は戻らされる。,
4240,あなた方は（罪に手を染める時）、自分たちの耳や目や皮膚が（復活の日*、）自分たちにとって不利な証言をする（だろうことを怖れるが）ゆえに、身を隠すこともしなかった。しかしあなた方はアッラー*が、自分たちの行う（罪の）多くを知らないだろう、と思い込んでいたのである。,
4241,そしてそれは、あなた方が自分たちの主*に対して思っていた、あなた方の憶測である。それはあなた方を（破滅に）転落させ、あなた方は損失者の類いとなったのだ」。[1] <sup foot_note=>1</sup>,
4242,それで、もし彼らが（懲罰を）忍としても、業火が彼らの住まいである。もし彼らが（アッラー*の）ご満悦を得よう[1]としても、彼らがご満悦を得ることなど叶うわけもないのだ。 <sup foot_note=>1</sup>,
4243,またわれら*は彼ら（不信仰者*たち）に、付きまとう者たち[1]をあてがった。そして彼らは彼らに対し、その前にあるものと後ろにあるものを目映く見せた[2]。彼らにはジン*と人間からなる、彼ら以前に滅んだ（不信仰の）民*の一員として（地獄に入るという）、御言葉が確定したのである。本当に彼らは、損失者だったのだ。 <sup foot_note=>1</sup>,
4244,不信仰に陥った者*たちは（、互いに助言し合って、こう）言った。このクルアーン*には耳を傾けず、それ（読誦）に対して戯言を言って（邪魔して）やれ[1]。（それによって読誦を阻み、）あなた方が優勢となるように」。 <sup foot_note=>1</sup>,
4245,われら*は必ずや、不信仰に陥った者*たちに（現世と来世において）厳しい懲罰を味わわせ、彼らが行っていた最悪のもの[1]で、必ずや彼らに報いよう。 <sup foot_note=>1</sup>,
4246,それがアッラー*の敵どもの報い、業火である。彼らにはそこで、彼らが（現世で）われら*の御徴[1]を否定していたことゆえの報いとして、永遠の住まいがある。 <sup foot_note=>1</sup>,
4247,また、不信仰に陥った者*たちは（地獄で、こう）言う。「我らが主*よ、ジン*と人間の内、私たちを迷わせた者たちを、お見せ下さい。（そうすれば、）彼らが（地獄の）最下層の者となるべく、私たちの足の下にしてやります」。[1] <sup foot_note=>1</sup>,
4248,本当に「我らが主*はアッラー*です」と言い、それからまっすぐに歩んだ者[1]たち、彼らには（その死期に、）天使*たちが（こう言いつつ）下る。「怖れるのでも、悲しむのでもない[2]。あなた方が（現世で）約束されていた天国を、喜ぶのだ。 <sup foot_note=>1</sup>,
4249,私たちは現世の生活と来世における、あなた方の味方[1]である。そして、そこ（天国）にはあなた方のために、あなた方自身が欲するものがある。そこにはあなた方のために、あなた方が求めるものがあるのだ。 <sup foot_note=>1</sup>,
4250,赦し深く、慈愛深い*お方からの御もてなしとして」。,
4251,アッラー*（の唯一性*と崇拝*）へと招き、正しい行い*を行い、「本当に私は、服従する者（ムスリム*）の一人です」と言う者よりも、善い言葉の者がいようか？,
4252,善と悪とは同じではない。（使徒*よ、あなた[1]に悪くする者にも、）より善いものでもって、返してやれ。そうすればどうだろう、あなたとの間に敵対心がある者も、あたかも親しい味方のようになるのだ。 <sup foot_note=>1</sup>,
4253,そしてそれは、忍耐*する者しか手にすることがなく、それは（現世と来世における、）この上ない幸福の持ち主しか手にすることはない。,
4254,また、もしシャイターン*からの一突きがあなたを突いたら[1]、アッラー*にご加護を乞うのだ。かれこそはよくお聴きになるお方、全知者であられるのだから。 <sup foot_note=>1</sup>,
4255,夜、昼、太陽、月は、かれの（唯一性*と全能性を示す）御徴の一部である。太陽にも月にもサジダ*せず、それらをお創りになったアッラー*にサジダ*せよ。もしあなた方が、かれのみを崇拝*するのなら。,
4256,そして、もし彼らが（アッラー*へのサジダ*に対して）奢り高ぶったとしても、（放っておくがよい、）あなたの主*の御許にいる者（天使*）たちは倦むことなく、夜に昼にかれを称えている*のだから（読誦のサジダ*）,
4257,またあなたが、大地が惨めな有様[1]なのを見ても、そこにわれら*が（雨）水を降らせると、それが震動し、膨張する[2]のは、かれの（唯一性*と全能性を示す）御徴の一つ。それに生を与えたお方こそは、まさしく死んだものに生を与えられるお方。本当にかれは全てのことがお出来になるお方なのだ。 <sup foot_note=>1</sup>,
4258,本当に、われら*の御徴（アーヤ*）において（真理から）逸脱[1]する者たちが、われら*から隠れることは出来ない。それで（その逸脱者のように、）業火に放り込まれる者がより善いのか、それとも復活の日*に（御徴を信じる者として、懲罰から）安泰な状態でやってくる者か？あなた方が望むことを行うがよい。本当にかれは、あなた方が行うことをご覧になっている。 <sup foot_note=>1</sup>,
4259,本当に、その教訓（クルアーン*）が自分たちのもとに到来した時に、それを否定した者たちは（、破滅する定にある）。それこそは、まさしく偉力あふれた啓典[1]なのだ。 <sup foot_note=>1</sup>,
4260,その前からも、その後ろからも、虚妄が訪れることがない[1]（啓典）。英知あふれる*、称賛されるべき*お方から下されたもの。 <sup foot_note=>1</sup>,
4261,（使徒*よ、シルク*の徒から）あなたに言われることは、既にあなた以前の使徒*たちに言われたことに外ならない。本当にあなたの主*は、まさしく赦しの主であり、痛烈な懲罰の主である。,
4262,もし、われら*がそれを外国語のクルアーン*としたならば、「彼ら（シルク*の徒）は言ったことだろう。「そのアーヤ*はどうして、（私たちに理解できるよう）詳細にはされなかったのか？外国語（の啓示）とアラブ人[1]（の預言者*）だと？」（使徒*よ、）言ってやれ。「それ（クルアーン*）は、信仰する者たちにとっての導きと癒し[2]なのだ。信仰しない者たちはその耳に重しがある[3]のであり、それは彼らにとっての盲目（の原因）である。それらの者たちは、遠い場所から呼びかけられているのだ[4]」。 <sup foot_note=>1</sup>,
4263,われら*は確かに、ムーサー*に啓典（トーラー*）を授けたが、そこにおいて異論が生じ（、ある者は信じ、ある者は信じなかっ）た。そして（使徒*よ）、もし（あなたの民に対する懲罰を猶予する、という）あなたの主*からの先んじた御言葉がなければ、彼らの間には裁決が下されてしまったであろう。そして本当に彼らはそれ（クルアーン*）に対する、大きな疑惑の真っ只中にあるのだ。,
4264,誰でも正しい行い*を行う者は、自分のために（そうするの）であり、悪い行いをする者は、自分に対して（そうするの）である。アッラー*は、その僕たちにちに対する不正*者などではない。,
4265,かれ（アッラー*）の御許にこそ、（復活の）その時の知識は帰される。また、かれの知識なしには果実がその包みから出て来ることはなく、女性が身ごもることも、出産することもない。かれが（シルク*の徒に、）「（あなた方が、崇拝*において）われの同位者たち（としていた者たち）は、どこなのか？」と呼びかけられる、その日のこと（を思い起させよ）。彼らは言う。「（今）私たちは、あなたにお知らせします。私たちの中には、誰も証言者[1]がいません」。 <sup foot_note=>1</sup>,
4266,また、彼らが以前（アッラー*をよそに）祈っていたものは、消え失せてしまう。そして彼らは自分たちに、いかなる逃げ道もないことを確信するのだ。,
4267,人間は、善の祈願[1]には飽きることがない。そして、もし悪が彼を襲えば、失意の念激しい者、絶望の底に陥った者となる[2]。 <sup foot_note=>1</sup>,
4268,また、もしもわれら*が、彼（人間）に災難を襲った後、われら*の御許からの慈悲を味わわせたならば、彼は必ずや（こう）言うのだ。「これは私のため（に相応しいもの）であり、私は（復活の）その時が起こるとは、思わない。そして、もしも私が我が主*のもとに戻らされたとしても、私にこそはかれの御許において、まさしく最善のもの[1]があるのだ」。では、われら*はきっと不信仰に陥った者*たちに、彼らが行った（悪）事を告げ、彼らに必ずや、荒々しい懲罰を味わわせよう。 <sup foot_note=>1</sup>,
4269,われら*が人間に恩恵を授ければ、彼は（真理に従うことを）拒み、そっぽを向いて遠ざかる。そして自分に悪が降りかかると、延々と祈願する者となる。,
4270,（使徒*よ、）言ってやれ。「言ってみよ。もし、それ（クルアーン*）がアッラー*の御許からのものであり、そしてあなた方がそれを否定したとすれば（、あなた方ほど迷っている者はいないではないか）？（真理と）遠い対立の中にある者よりも、ひどく迷っている者があろうか？」,
4271,われら*は、彼らに見せよう。それ（クルアーン*）が彼らに真実であることが明らかになるまで、われら*の御徴を彼方に、そして彼ら自身の内[1]に。一体、あなたの主*だけで、かれが全てのことの証人ということだけで、（クルアーン*の真実性の証拠は）十分なのではないか？ <sup foot_note=>1</sup>,
4272,本当に彼ら（不信仰者*たち）は、自分たちの主*との（死後の）拝謁を、疑わしく思っているのではないか。本当にかれ（アッラー*）は、全てのものを悉く包囲される*お方なのではないか。,
4273,ハー・ミーム。,
4274,アイン・スィーン・カーフ。[1] <sup foot_note=>1</sup>,
4275,そのように（預言者*よ、）偉力ならびなく*、英知あふれる*アッラー*は、あなたに、そしてあなた以前の（預言）者*たちにも啓示[1]し給う。 <sup foot_note=>1</sup>,
4276,かれにこそ、諸天にあるものと大地にあるものは属するのであり、かれは至高の*お方、この上なく偉大なる*お方であられる。,
4277,諸天は（アッラー*の偉大さと荘厳さゆえ、）その上方から割れ裂けんばかり。そして天使*たちは彼らの主*の称賛*と共に（かれを）称え*、大地にいる（信仰）者たちのため、赦しを乞う[1]。実にアッラー*こそは赦し深いお方、慈愛深い*お方ではないか。 <sup foot_note=>1</sup>,
4278,かれをよそに庇護者を設け（て崇め）た者たち、アッラー*は彼らの（行いを）見守られるお方であり、（使徒*よ、）あなたは（警告者であって）彼らの代理人なのではない。,
4279,そのように、われら*はあなたにアラビア語のクルアーン*を啓示した。（それは）あなたが都市の母と、その周辺[1]にいる者に警告を告げ、疑惑の余地のない集合の日[2]を警告するため。（そこにおいて）ある集団は天国にあり、またある集団[3]は烈火の中にある。 <sup foot_note=>1</sup>,
4280,また、もしアッラー*がお望みだったならば、かれは彼ら（人々）を（導かれた）一つの共同体にされただろう。しかしかれは、かれがお望みになる者を、そのご慈悲の中にお入れになる。そして不正*者たち、彼らにはいかなる庇護者も援助者もない。,
4281,いや、一体彼ら（シルク*の徒）は、かれ（アッラー*）をよそに庇護者を設け（て崇め）るというのか？そうだとしてもアッラー*こそが（真の）庇護者*であり、かれは死んだものに生を与えられる。そしてかれは、全てのことがお出来なのだ。,
4282,（人々よ、）あなた方がそこ（宗教）において、何について意見を異にしたにせよ、その裁決はアッラー*に属するのだ。（使徒*よ、言え。）「そのお方がアッラー*、我が主*。かれにこそ、私は全てを委ね*、かれにこそ、私はよく（悔悟して）立ち返るのだ」。,
4283,（アッラー*は）諸天と大地の創成者*。かれはあなた方自身の内から、あなた方のために配偶者を創られ、家畜の内からも雌雄をお創りになった。かれはそこにおいて、あなた方を繁茂させるのである。いかなるものも、かれには似ていない[1]。そしてかれはよくお聞きになるお方、よくご覧になるお方である。 <sup foot_note=>1</sup>,
4284,かれにこそ、諸天と大地の鍵は属する[1]。アッラー*は、かれがお望みの者に糧を豊富に与えられ、また控えられる[2]。本当にかれは、全てのことをご存知であるのだから。 <sup foot_note=>1</sup>,
4285,（人々よ、）かれは、かれがヌーフ*に命じた宗教の一部を、あなた方に明らかにした。また、（使徒*よ、）われら*[1]があなたに啓示したものと、イブラーヒーム*とムーサー*とイーサー*[2]に命じたものを。つまり「あなた方は宗教を確立し[3]し、そこにおいて分裂してはならない」ということである。（ムハンマド*よ、）あなたが彼らを招いているもの、（タウヒード*）はシルク*の徒にとって重大であった。アッラー*はかれがお望みの者をそこ（タウヒード*）へと選び抜かれ、よく（悔悟して）立ち返る者をそこへと導かれる。 <sup foot_note=>1</sup>,
4286,彼ら（シルク*の徒）が（宗教において）分裂したのは、彼らのもとに知識が到来した後のこと、彼らの間の侵犯ゆえ以外の何ものでもなかった[1]。そして定められた期限[2]までの、あなたの主*からの先んじた御言葉がなかったならば、彼らの間には（早期での懲罰という）裁決が下されていただろう。本当に、彼らの後に啓典を引き継がされた者たち（啓典の民*）は、そこ（宗教と信仰）における大きな疑惑の真っ只中にあるのだ。 <sup foot_note=>1</sup>,
4287,ならば（使徒*よ）、あなた[1]はそこ（正しい宗教）へと招き、自分が命じられたようにまっすぐであれ。そして、彼ら（真実に疑念を抱く者たち）の私欲に従ってはならない。また、言うのだ。「私は、アッラー*が啓典として下された（全ての）ものを信じた。そして私は、あなた方の間を公正に取り持つことを命じられたのである。アッラー*は私たちの主*であり、あなた方の主*。私たちには私たちの行い（の報い）があり、あなた方にはあなた方の行い（の報い）がある。（真実が明らかになった後、）私たちとあなた方の間に、議論の余地はない。アッラー*は（復活の日*、）私たちをお集めにな（り、真実でお裁きにな）る。そしてかれにこそ、戻り場所があるのだ」。 <sup foot_note=>1</sup>,
4288,アッラー*（の宗教）について、彼（預言者*ムハンマド*の呼びかけ）が（人々に）応じられ（て、従われ）た後、（盾ついて）議論する者たち、彼らの議論はその主*の御許で脆いものである。そして彼らの上には（現世ではアッラー*からの）お怒りがあり、（来世では）厳しい懲罰があるのだ。,
4289,アッラー*は真理と共に啓典と、秤[1]をお下しになったお方。そして（復活の）その時が近いかもしれないこと[2]を、何があなたに知らせるというのか？ <sup foot_note=>1</sup>,
4290,それを信じない者たちは、それ（が到来するの）を性急に求める[1]。そして信仰する者たちは、それ（の到来）を怯える者たちであり、それが真実であることを知っている。本当に、その時（の到来）について疑わしく思っている者たちはまさしく、遠い迷いの中にあるのだ。 <sup foot_note=>1</sup>,
4291,アッラー*はその僕たちに対して霊妙な*お方であり、かれがお望みの者に糧をお授けになる。そしてかれは強力なお方、偉力ならびない*お方。,
4292,われら*は、来世の収穫を望んでいた者[1]には誰でも、その収穫に上乗せする。そして現世の収穫（だけ）を望んでいた者にも、そこから与えてやるが、彼には来世において少しの取り分もないのだ。[2] <sup foot_note=>1</sup>,
4293,いや、一体彼ら（シルク*の徒）には、アッラー*がお許しにもなっていないことを、彼らの宗教として定めた共同者たち[1]がいるというのか？そして（彼らの懲罰の猶予を定めた）裁断の御言葉がなければ、彼らの間には裁決が下されていただろう[2]。本当に（アッラー*を信じない）不正*者たちには（復活の日*）、痛ましい懲罰がある。 <sup foot_note=>1</sup>,
4294,（使徒*よ、）あなたは（復活の日*に）不正*者たちが怯えるのを見る。彼らが（現世で）稼いだものゆえ、それ（懲罰）が自分たちに降りかかってくる状況の中で。一方、信仰し、正しい行い*を行う者たちは、天国の庭園にある。彼らにはその御許に、望むものがあるのだ。それこそは大いなる恩寵なのである。,
4295,それはアッラー*が、信仰して正しい行い*を行うその僕たちに、吉報をお告げになっているもの。（使徒*よ、）言うのだ。「私はそのことで、あなた方に見返りを要求しているわけではない[1]。ただ、近親関係における愛情（を、あなた方から求める）だけ」。そして一つの善を稼ぐ者には、われら*がそこに善を上乗せしてやる。本当にアッラー*は赦し深いお方、よく労わられる*お方。 <sup foot_note=>1</sup>,
4296,いや、一体彼ら（シルク*の徒）は、「彼（ムハンマド*）はアッラー*に対して嘘を捏造した[1]」と言うのか？もし（使徒*よ、あなたがそのようなことをし、）アッラー*がお望みになれば、かれはあなたの心を塞がれよう[2]。アッラー*は虚妄を無に帰させられ、その御言葉によって真理を確立させられる[3]。本当にかれは、（人々の）胸の内をご存知であられるのだから。 <sup foot_note=>1</sup>,
4297,またかれは、（アッラー*だけに服従する）その僕たちから悔悟をお受け入れになり、悪行を大目に見られ、あなた方のすることをご存知のお方。,
4298,また信仰し、正しい行い*を行う者たちは（アッラー*の呼びかけに）応え（て服従す）るのであり、かれはそのご恩寵から彼らに上乗せされる。そして不信仰者*たちには、（復活の日*に）厳しい懲罰があるのだ。,
4299,もしアッラー*が、その僕たちに糧を豊富に与えられたならば、彼らは地上で度を越した[1]であろう。しかしかれは、彼がお望みになるものを適度に下されるのだ。本当にかれは、その僕たちのことを通暁されるお方、よくご覧になるお方。 <sup foot_note=>1</sup>,
4300,かれは、彼らが（旱魃による）絶望の底に陥った後に、慈雨を下され、そのご慈悲を広められるお方。かれは庇護者*、称賛されるべき*お方。,
4301,諸天と大地の創造と、歩行生物の内、かれがその両方に散開させられたもの[1]は、かれの（偉大さと御力、権威を示す）御徴の一つである。そしてかれは（復活の日*）、かれがお望みになる時に、それらを集合させることがお出来になるお方。 <sup foot_note=>1</sup>,
4302,（人々よ、）いかなる災難であれ、あなた方に降りかかったものは、あなた方の手が稼いだ（悪）事ゆえのこと[1]。そして、かれは多く（の悪行）を大目に見られる[2]。 <sup foot_note=>1</sup>,
4303,あなた方は地上で、（アッラー*の御力から）逃れられる者ではない。そしてあなた方にはアッラー*の外に、いかなる庇護者も援助者もないのだ。,
4304,また、山々のように海を進むもの[1]は、かれの（御力、権威を示す）御徴の一つ。 <sup foot_note=>1</sup>,
4305,もしかれがお望みなら、風を鎮められ、それら（の船）は（海の）その表面に停留し続ける。本当にその中にはまさしく、忍耐*強く感謝深い[1]全ての者への、御徴がある。 <sup foot_note=>1</sup>,
4306,あるいは、かれは彼らが稼いだもの[1]ゆえに、それら（の船）を沈没させられる。そしてかれは、多く（の罪）を大目に見られるのだ。 <sup foot_note=>1</sup>,
4307,われら*の（唯一性*を示す）御徴に対して（虚妄を用いて）議論する者たちが、自分たちには（アッラー*の懲罰から）逃げ道一つないことを知るように、（われら*は彼らを溺れさせるの）である。,
4308,（人々よ、）あなた方がいかなるものを授けられたとしても、（それは）現世の生活の（儚い）楽しみ。そしてアッラー*の御許にあるものは、信仰し、自分たちの主*に全てを委ねる*者たちにとって、より善く、より長く続くものなのだ。,
4309,そして（彼らは）、罪の内の大きなもの[1]と醜行[2]を避け、（誰かに悪くされて）怒ってしまった時にも、赦してやる[3]者たち。 <sup foot_note=>1</sup>,
4310,また（彼らは、）その主*（の唯一性*と服従の呼びかけ）に応え、礼拝を遵守*し、その諸事が彼らの間の相談（によって決定されるの）であり、われら*が彼らに授けたものの内から（施しとして）費やす[1]者たち。 <sup foot_note=>1</sup>,
4311,また（彼らは）侵害に遭えば、（その侵害に対して）打ち勝つ[1]者たち。 <sup foot_note=>1</sup>,
4312,一つの悪の報いは、それと同様の一つの悪[1]。それで（悪を行った者を）大目に見。（その者との関係を）改善するならば、その褒美はアッラー*の御許で確定する。本当にかれは、不正*者たちをお好みにはならないのだから。 <sup foot_note=>1</sup>,
4313,またその不正*の後、（自分に不正*を働いた者に対して）打ち勝つ者、それらの者たちには（そうすることで、）咎められる謂れはない。,
4314,実に咎められるべきは、人々に不正*を働き、地上において不当に度を越す者たち。それらの者たちには、厳しい懲罰がある。,
4315,また忍耐*し、赦してやる者こそは、本当にそれこそは、あなた方が決意を固めるべき事柄の内のもの。,
4316,アッラー*が（その者の不正*ゆえに）迷わせ給う者には、かれをおいて、いかなる庇護者もない。そして（使徒*よ、）あなたは（復活の日*）、不正*者たちが懲罰を目の当たりにする時、（こう）言うのを見出すであろう。「（私たちに、現世へ）戻る術はありますでしょうか？」[1] <sup foot_note=>1</sup>,
4317,また（使徒*よ）、あなたは彼らが、そこ（業火）に晒されるのを見る。彼らは屈辱ゆえになす術もなく、（懲罰を、その恐怖ゆえに）ちらちらと横目で見る。（現世で）信仰していた者たちは（これを見て）、言う。「本当に（真の）損失者たちとは、復活の日*に自分たちとその家族を（、業火に入れることによって）損ねた者たちのこと。まさに不正*者たちは、永遠の懲罰の中にあるのではないか」。,
4318,また、彼らには（復活の日*）、アッラー*をおいて彼らを助けてくれる、いかなる庇護者もない。アッラー*が（その者の不信仰ゆえに）迷わせ給うた者には、いかなる道[1]もないのだ。 <sup foot_note=>1</sup>,
4319,（不信仰者*たちよ、）アッラー*からそれを押し戻す術のない（復活の）日*が来る前に、あなた方の主*に（信仰と服従によって）応えるのだ。その日、あなた方には（懲罰からの）いかなる避難所もなく、あなた方にはいかなる否認もない[1]。 <sup foot_note=>1</sup>,
4320,それで、たとえ彼らが（信仰から）背を向けても、（使徒*よ、）われら*はあなたを彼らの監視役[1]として遣わしたわけではない。あなたの使命は、（啓示の）伝達のみ。われら*が人間に、われら*の御許から慈悲[2]を味わわせれば、彼らはそれに有頂天になる。そしてもし悪[3]が、自らの手が行った（悪）事ゆえに彼らを襲えば（、彼らは恩知らずになる）。本当に人間は、不信仰この上ない。 <sup foot_note=>1</sup>,
4321,アッラー*にこそ、諸天と大地の王権は属する。かれはお望みのものを創られる。お望みの者には女（子のみ）を授けられ、お望みになる者には男（子のみ）を授けられるのだ。,
4322,あるいは、かれは（お望みの者に）男子と女子（の両方）を、組み合わせ（て授け）られる。そしてお望みの者を、不妊されるのだ。本当にかれは全知者、全能者であられる。,
4323,アッラー*が人間に語りかけ給うことなどは、あり得べくもない。しかし啓示によるものか、または覆いの向こうから（語りかけられるもの）、あるいは御使いを遣わせて、かれのお許しと共に、かれがお望みのことを啓示し給う場合は別である[1]。本当にかれは、至高の*お方、英知あふれる*お方であられる。 <sup foot_note=>1</sup>,
4324,また（預言者*よ）、われら*はそのように、われら*の命令による魂[1]を、あなたに啓示した。あなたは（それ以前、）啓典が、そして信仰が何かを、知らなかったのだ。しかしわれら*はそれ（クルアーン*）を、われら*が望む僕たちを導く、光としたのである。（使徒*よ、）本当にあなたはまさしく、まっすぐな道（イスラーム*）へと導くのだ[2]。 <sup foot_note=>1</sup>,
4325,諸天と大地にあるもの（全て）が属するお方（アッラー*）の道へ。アッラー*の御許にこそ、（全ての）物事は戻り行くので（あり、各人はその行いによって、報いを受けるので）はないか。,
4326,ハー・ミーム[1]。 <sup foot_note=>1</sup>,
4327,解明する啓典[1]に誓って。 <sup foot_note=>1</sup>,
4328,本当にわれら*はそれを、アラビア語のクルアーン*とした。あなた方が（その意味を）、弁えることが出来るように。,
4329,そして本当にそれは、われら*の御許にある啓典の母[1]の中で、実に気高く、完全無欠[2]なものなのである。 <sup foot_note=>1</sup>,
4330,一体、あなた方が（不信仰に）度を越した民だからといって、われら*があなた方への教訓（クルアーン*の啓示）を見合わせ、保留しておくというのか？,
4331,われら*は昔の人々に、どれだけ多くの預言者*を遣わしたことか。,
4332,そして彼らのもとに預言者*が訪れた時は決まって、彼らは彼（預言者*）のことを嘲笑したものだった。,
4333,それでわれら*は、彼ら[1]よりも強力な者たちを滅ぼした。昔人々の有り様は、（不信仰ゆえの破滅という形で）過ぎ去っていったのである。 <sup foot_note=>1</sup>,
4334,（使徒*よ、）もしあなたが彼ら（シルク*の徒）に、「諸天と大地を創造したのは誰か？」と尋ねたならば、彼らはきっと（こう）言っただろう。「偉力ならびなく*、全知のお方が、それらをお創りになったのだ」。,
4335,（アッラー*は、）あなた方のために大地を平坦にされ、あなた方のためにそこに（多くの）道をお通しになったお方。あなた方が導かれるように、と。,
4336,また（アッラー*は）、天から適量の（雨）水を下されたお方。そしてわれら[1]はそれで、死んだ土地を生き返す。同様に、あなた方は（復活の日*、死んで砂となった後に元通りになって、大地から）出されるのである。 <sup foot_note=>1</sup>,
4337,また（アッラー*は、生物や植物に）あらゆる種類をお創りになり、あなた方のために船や家畜といった、あなた方が乗る者を創られたお方。,
4338,（それは）あなた方がその上に乗るためであり、あなた方がその上に乗った時には自分たちの主*の恩恵を思い起こし、（こう）言うためである。「私たちに、これを仕えさせて下さったお方に、称え*あれ。私たちには、それを屈従させることは叶いませんでした。,
4339,そして本当に私たちは、私たちの主*の御許にこそ、まさしく戻り行く身なのです」。,
4340,彼ら（シルク*の徒）はかれ（アッラー*）に、その僕たちの内からの分身があるとした[1]。本当に人間は、紛れもない不信仰者である。 <sup foot_note=>1</sup>,
4341,いや、一体かれ（アッラー*）が、ご自身がお創りになるものの内から娘たちをお選びなり、あなた方には男子を特別に割り当てられたと？[1] <sup foot_note=>1</sup>,
4342,彼らの内のある者は、自分が慈悲あまねき*お方（アッラー*）に対して譬えを挙げたものの吉報[1]を告げられれば、（悲しみで）意気消沈し、その顔は黒く翳ってしまうのに。 <sup foot_note=>1</sup>,
4343,一体、議論において明確でもなく、飾り立てられつつ育てられた者[1]を（、アッラー*の子だなどとするのか）？ <sup foot_note=>1</sup>,
4344,彼ら（シルク*の徒）は、慈悲あまねき*お方（アッラー*）の僕である天使*たちを、女（娘）とした。一体彼らは、彼ら（天使*たち）の創造に立ち会っていたとでも？（天使*はアッラー*の娘である、という）彼らの証言は書きとめられ、彼らは（そのことについて来世で）問われることになろう。,
4345,また、彼らは言った。「もし慈悲あまねき*お方（アッラー*）がお望みだったら、私たちは彼ら[1]を崇めたりはしなかった[2]」。彼らにはそれについて、いかなる知識もない。彼らは（根拠もなく）、ただ決めつけているに過ぎないのだ。 <sup foot_note=>1</sup>,
4346,いや、一体われらが彼らに、それ（クルアーン*）以前に啓典を授けたのであり、彼らがそれを厳守し（、使徒*に対する自分たちの主張の根拠とし）ているとでも？,
4347,いや、彼らは言ったのだ。「本当に私たちは、ご先祖様が宗教に属しているのを見出した。私たちは、彼らの（辿った）道筋の上に、導かれた者なのである」。,
4348,また同様に（使徒*よ、）あなた以前、われらが町に警告者[1]を遣わした時には決まって、その（町の）贅沢者たちは（こう）言ったものなのだ。「本当に私たちは、ご先祖様が宗教に属しているのを見出した。私たちは、彼らの（辿った）道筋を継ぐ者なのだ」。 <sup foot_note=>1</sup>,
4349,彼[1]は言った。「私が、あなた方が見出したあなた方の先祖のものよりも正しい導きを携えて、あなた方のもとに到来したとしても（、そうするの）か？」彼らは言った。「本当に私たちは、あなた方が携(たずさ)えて遣(つか)わされたものに対する、否定者である。」 <sup foot_note=>1</sup>,
4350,ゆえに、われら*は彼らに（懲罰で）報復した。ならば見てみよ、（アッラー*の御徴とその使徒*たちを）噓つき呼ばわりする者たちの結末が、いかなるものだったかを？,
4351,イブラーヒーム*が、彼の父と民に（こう）言った時のこと[1]（を思い出させよ）。「本当に私は、あなた方が（アッラー*をよそに）崇めているものから無縁です。 <sup foot_note=>1</sup>,
4352,但し、私を創成されたお方[1]は別ですが。本当にかれは、私をお導きになるでしょうから」。 <sup foot_note=>1</sup>,
4353,彼（イブラーヒーム*）はそれ[1]を、彼の後（世）における永遠の言葉とした。（それは）彼らが、（不信仰から信仰へと）戻って来るようにするためである。 <sup foot_note=>1</sup>,
4354,いや（、使徒*よ）、われら*はそれらの者たちとその先祖[1]を、彼らのもとに真理と解明の使徒[2]が到来するまで、（現世において）楽しませておいたのだ。 <sup foot_note=>1</sup>,
4355,そして彼らのもとに真理がやって来た時、彼らは言った。「これは魔術であり、実に私たちはその否定者である」。,
4356,また、彼らは言った。「どうしてこのクルアーン*は、二つの町の（いずれかの）偉大な者[1]に下らなかったのか？」 <sup foot_note=>1</sup>,
4357,一体彼らが、あなたの主*のご慈悲[1]を（望む者に）割り当てるというのか？われら*は現世の生活における彼らの生活（の糧）を彼らの間に割り当て、彼らがお互いに仕える身となる[2]べく、彼らの内にある者を別の者よりも高い位に上げたのである。（使徒*よ、）あなたの主*のご慈悲[3]は、彼らが（現世で）集めている（つまらない）ものよりも善いのだ。 <sup foot_note=>1</sup>,
4358,もし、人々が（不信仰な）一つの共同体となってしまうのでなければ、われら*は慈悲あまねき*お方（アッラー*ご自身）を否定する者の家に、銀の屋根と、彼らがそこへと昇る階段を与えたであろう。[1] <sup foot_note=>1</sup>,
4359,また彼らの家に、（銀の）扉と、彼らが寄りかかる寝台を。,
4360,また、金の装飾を。それら全ては、現世の生活の（儚い）楽しみでしかない。そして来世（の安寧）はあなたの主*の御許で、敬虔な*者たちのためにあるのである。,
4361,慈悲あまねき*お方（アッラー*）の教訓（クルアーン*）に目をつむる者があれば、われら*はその者にシャイターン*をあてがい、彼（シャイターン*）はその者の相棒となろう。,
4362,また、本当に彼ら（シャイターン*）は、彼ら（教訓に目をつむる者）のことを（真理の）道から、まさしく阻むのである。彼らは、自分たちが導かれた者だと思っているのだが。,
4363,やがて彼（教訓に目をつむる者）は（復活の日*、清算のために）われら*のもとにやって来ると、（相棒にこう）言う。「ああ、私とあなたの間に、東西（ほど）の隔たりがあったらよかったのに！（あなたは）何と醜悪な相棒であろうか」。,
4364,この日、（現世でシルク*という）不正*を（共に）働いたゆえ、あなた方が懲罰の中で一緒になっても、そのことがあなた方を益することはない。,
4365,一体（使徒*よ）、あなたは聾に聞かせ、盲人[1]と明らかな迷いの中にある者を導く[2]というのか？ <sup foot_note=>1</sup>,
4366,（使徒*よ、）もし、われら*があなたを（、不信仰の民*に対する勝利の前に）他界させたとしても、本当にわれら*は（来世における）彼らへの報復者である。,
4367,あるいは、われら*が彼らに約束したもの[1]をあなたに見せてやるとしても、本当にわれら*は（早かれ遅かれ、）彼らを掌握する者なのだ。 <sup foot_note=>1</sup>,
4368,ならば（使徒*よ）、あなたに啓示されたものを固守せよ。本当にあなたは、まっすぐな道（イスラーム*）の上にあるのだから。,
4369,また、本当にそれ（クルアーン*）はまさしく、あなた方とあなたの民に対する栄誉[1]なのだ。あなた方は（そのことに関するアッラー*への感謝と、その実践について）問われることになろう。 <sup foot_note=>1</sup>,
4370,また（使徒*よ、）われら*の使徒*たちの内、われら*があなた以前に遣わした者たち（の使徒である啓典の民*）に、尋ねてみよ。一体われら*が、慈悲あまねき*お方（アッラー*）をよそに崇められる神々[1]を設けたのか、と。 <sup foot_note=>1</sup>,
4371,われら*は確かにムーサー*を（、彼の正しさを示す）われら*の御徴[1]と共に、フィルアウン*とその有力者たちに遣わした。そして彼（ムーサー*）は、言ったのだ。「本当に私は、全創造物の主*の使徒*なのです」。 <sup foot_note=>1</sup>,
4372,それで彼（ムーサー*）が、われら*の御徴を携えて彼らのもとに到来すると、どうだろうか、彼らはそれ（御徴）を笑い飛ばした。,
4373,また、われら*が彼らに御徴を見せる時、それは決まってそれに先行するものよりも大きなものとなった。そしてわれら*は、彼らを懲罰で捕らえたのである。彼らが、（不信仰から信仰へと）戻るようにと。[1] <sup foot_note=>1</sup>,
4374,彼ら（フィルアウン*たち）は、（ムーサー*に向かって）言った。「魔術師[1]よ、私たちのため、あなたの主*に、かれがあなたに約束されたもの[2]で祈ってくれ。（そうすれば、）本当に私たちは必ず、導かれた者となるから」。 <sup foot_note=>1</sup>,
4375,それでわれら*が彼らから懲罰を取り除けてやると、どうであろう、彼らは（約束を）破るのだ。,
4376,フィルアウン*は、自分の民に呼びかけた。彼は言った。「我が民よ、私にこそエジプトの王権は属し、これらの河川は私の（宮殿の）下から流れているのではないか？一体、あなた方は（我が偉大さと、ムーサー*の無力さを）見ないのか？,
4377,いや、私の方が、取るに足らず（言葉の）説明もままならない[1]この者よりも、優れているのではないか？ <sup foot_note=>1</sup>,
4378,（ムーサー*が本当のことを言っている）ならば、どうして彼には金製の腕輪が下されたり、彼と共に天使*たちが連なり合って到来し（、彼の正しさを証言し）たりはしないのか？,
4379,そして彼（フィルアウン*）は、その民を無知へ追いやって迷妄へと招き、自分に従わせた。本当に彼らは、放逸な民だったのだ。,
4380,それで彼らが（、反抗と不信仰によって）われら*を憤らせた時、われら*は彼らに報復し、彼らを皆、溺れさせたのである。[1] <sup foot_note=>1</sup>,
4381,そしてわれら*は彼らを後世の（同様の）者たちへの先駆と、譬えとした。,
4382,また、マルヤム*の息子（イーサー*）が譬えとして挙げられれば、どうであろう、あなたの民はそのことで（喜んで）どよめく。[1] <sup foot_note=>1</sup>,
4383,そして、彼らは言った。「一体、私たちの神々がより優れているのか、それとも彼（イーサー*）か？[1]」彼らは議論のために、あなたに対して彼を（譬えに）挙げたに過ぎない。いや、彼らは（妄想によって）議論する民なのである。 <sup foot_note=>1</sup>,
4384,彼（イーサー*）はわれら*が恩恵[1]を授け、イスラーイールの子ら*への譬え[2]とした、一人の僕に過ぎない。 <sup foot_note=>1</sup>,
4385,もしわれら*が望めば、われら*はあなた方（人類）の代わりに地上で（の物事の管理を）継承する、天使*たちをもうけただろう[1]。 <sup foot_note=>1</sup>,
4386,そして本当に彼（イーサー*）はまさしく、（復活の）その時の知識[1]である。ならば、それ（復活の日*）を疑わしく思わず、私に従うのだ。これが（天国へと続く）まっすぐな道なのである。 <sup foot_note=>1</sup>,
4387,また、決してシャイターン*に、あなた方を（私への服従から）阻ませてはならない。彼こそはあなた方に対する、紛れもない敵なのだから。,
4388,イーサー*が明証[1]を携えて（イスラーイールの子ら*のもとに）到来した時、彼は言った。「私は確かに、英知[2]を携えてあなた方のもとに到来した。そしてあなた方に、あなた方が（宗教において）意見を異にしている、いくつかのことを明らかにするため[3]。アッラー*を畏れ*、私に従うのだ。 <sup foot_note=>1</sup>,
4389,本当にアッラー*こそは我が主*であり、あなた方の主*。ならば、かれを崇拝*せよ。これがまっすぐな道なのだから」。,
4390,それから（イーサー*に関し）、彼らの間で派閥が意見を異にした[1]。それで（イーサー*に神性を認めるという）不正*を働いた者たちに、（復活の）その日の痛ましい懲罰の災いあれ。 <sup foot_note=>1</sup>,
4391,一体彼らは、（復活の）その時が、気付かぬ内に突然、彼らのもとにやって来るのを待っているだけなのか？,
4392,（不信仰と罪における）親友たちはその日、お互いに敵となる。但し、敬虔な*者たちは別（で、その親愛は永遠）だが。,
4393,（敬虔な*者たちには、こう言われる。）「わが僕たちよ、この日あなた方に怖れはなく、悲しむこともない[1]」。 <sup foot_note=>1</sup>,
4394,（彼らは）われら*の（啓典と使徒*という）御徴を信じ、服従する（ムスリム*）だった者たち。,
4395,（また、彼らにはこう言われる。）「あなた方とあなた方と同様の者たち[1]は、喜悦を授けられて天国に入るがよい。 <sup foot_note=>1</sup>,
4396,彼らには、金の皿（に載った食事）と（金の）杯（に盛られた飲み物）が回される[1]。また、そこには心が欲し、眼を喜ばせる物があり、あなた方はそこに永遠に留まるのだ。 <sup foot_note=>1</sup>,
4397,そしてそれは、あなた方が（現世で）自分たちが行っていたことゆえに引き継がされた[1]、天国である。 <sup foot_note=>1</sup>,
4398,そこにはあなた方に沢山の果実があり、あなた方はそこから食べるのだ」。,
4399,本当に（不信仰を犯した）罪悪者たちは、地獄の懲罰の中に永遠に留まる。,
4400,それが彼らに対して鎮められることはなく、彼らはそこで落胆する。,
4401,われら*が（懲罰によって）彼らに不正*を働いたのではない。しかし彼らこそが、（シルク*と預言者*への不服従を犯す）不正*者だったのだ。,
4402,彼らは呼ぶ。「マーリクよ、あなたの主*に、（私たちが苦しみから休めるよう、）私たちの息の根を止めさせてくれ」。彼（マーリク）は言う。「実にあなた方は、（永遠にそこに）留まる身なのである」。[1] <sup foot_note=>1</sup>,
4403,われら*は確かに、あなた方に真実をもたらした。しかしあなた方の大半は、真実を嫌う者だったのだ。[1] <sup foot_note=>1</sup>,
4404,いや、一体彼らは（真理に対する策謀を、）万全に準備したというのか？だとしても、われら*こそが（彼らへの懲罰を、）万全に準備する者なのである。,
4405,いや、一体彼らは、本当にわれら*が彼らの秘密も、彼らの密談も聞いてはいないと思っているのか？いや、われら*の使いたち[1]はわれら*のもとで、（彼らの全ての行いを）記録しているというのに。 <sup foot_note=>1</sup>,
4406,（使徒*よ、シルク*の徒に）言うのだ。「もし（、あなた方が思い込んでいるように）、慈悲あまねき*お方（アッラー*）に御子があったとしたら、私が（その）崇拝*者の先駆けだっただろう[1]」。 <sup foot_note=>1</sup>,
4407,彼らが言うことから（無縁な、）諸天と大地の主*、御座[1]の主*に、称え*あれ。 <sup foot_note=>1</sup>,
4408,ならば（使徒*よ）、彼らを放っておけ。（そうすれば）彼らは、自分たちが（懲罰[1]を）約束されている日に遭遇するまで、（虚妄の中に）のめり込み、（宗教において）戯れるであろう。 <sup foot_note=>1</sup>,
4409,かれ（アッラー*）は天で（真に）崇拝*されるべき（唯一の）お方であり、大地で（真に）崇拝*されるべき（唯一の）お方。かれは英知あふれる*お方、全知者であられる。,
4410,また諸天と大地、そしてその間の（全ての）ものの王権が属し、その御許に（復活*の）その時の知識があり、かれにこそあなた方が戻り行くお方（アッラー*）は、祝福にあふれたお方よ。,
4411,彼ら（シルク*の徒）が、かれ（アッラー*）をよそに祈っている者たちは、執り成し[1]を有していない。但し、知識と共に、真理を証言する者[2]は別だが。 <sup foot_note=>1</sup>,
4412,（使徒*よ、）もしもあなたが彼らに、誰が彼らを創ったのかと尋ねたならば、彼らは必ずや（こう）言ったことだろう。「アッラー*である」。では、どうして彼らは（アッラー*）だけを崇拝*することから）背かされるのか？,
4413,また、「我が主*よ、本当にこれらの者たちは信じない民なのです」という彼（預言者*）の言葉も（、アッラー*はご存知である）。[1] <sup foot_note=>1</sup>,
4414,ならば（使徒*よ）、彼らを見逃してやり、「（私がすべきは）平安である[1]」と言うのだ。彼らはやがて、（自分たちが遭遇する試練と懲罰を）知るであろう。 <sup foot_note=>1</sup>,
4415,ハー・ミーム[1]。 <sup foot_note=>1</sup>,
4416,解明する啓典[1]に誓って。 <sup foot_note=>1</sup>,
4417,本当にわれら*は祝福あふれる（誉れの）夜*に、それを下した。われら*こそは、もとより（使徒*を遣わし、啓示を下す）警告者なのだ。,
4418,あらゆる的確な物事はそこで、決定される。[1] <sup foot_note=>1</sup>,
4419,われら*の御許からの命令として（、決定される）。われら*こそはもとより、（使徒*たちをその民に）遣わす者。,
4420,（使徒*よ、）あなたの主*からのご慈悲として（、使徒*たちは遣わされるのだ）。本当にかれこそは、よくお聞きになるお方、全知者であられる。,
4421,諸天と大地、その間にあるものの主（からのご慈悲として）。もし、あなた方が（そのことを）確信する者だったのなら（、アッラー*を信じよ。）,
4422,かれの外に、崇拝*すべきいかなるものもない。かれは生を与えられ、死を与えられるお方。あなた方の主*と、あなた方の昔の先祖の主*である。,
4423,いや、彼ら（シルク*の徒）は疑念の中で戯れている。,
4424,ならば（使徒*よ）、天が明らかなる煙霧をもたらす日を待て。[1] <sup foot_note=>1</sup>,
4425,それ（煙霧）は人々を包み込む。（そして彼らには、こう言われる）。「これが痛ましい懲罰だ」。,
4426,（すると彼らは言う）。「我らが主*よ、私たちから懲罰を取り除いて下さい。本当に私たちは、（あなたを）信じる者となりますから」。[1] <sup foot_note=>1</sup>,
4427,（この期に及んで、）どうして彼らに教訓などあろうか？彼らのもとには解明の使徒[1]（ムハンマド*）が確かに到来したというのに。 <sup foot_note=>1</sup>,
4428,それから彼らは彼（使徒*）から立ち去り、言ったのだ。「（ムハンマド*は使徒*などではなく、）教授された者[1]、憑かれた者[2]である」。 <sup foot_note=>1</sup>,
4429,実にわれら*は少しの間、（あなた方から）懲罰を取り除こう。本当にあなた方は、（不信仰と迷妄へと）回帰する者となろうから。,
4430,われら*が（全ての不信仰者*を）、最大の制圧によって制圧する（復活*の）日のこと（を思い起こせ）。本当にわれら*は報復者なのだ。,
4431,われら*は確かに彼ら以前、フィルアウン*の民を試練にかけた。そして彼らのもとには高貴な使徒*（ムーサー*）が到来したのだ。,
4432,（ムーサー*は彼らに言った。）「アッラー*の僕たち（イスラーイールの子ら*）を、私にお渡し下さい[1]。本当に私は、あなた方への誠実な使徒*なのです。 <sup foot_note=>1</sup>,
4433,そして（私を否定することで）、アッラー*に対して思い上がりませんよう。本当に私はあなた方に、紛れもない明証[1]を携えて来たのですから。 <sup foot_note=>1</sup>,
4434,また本当に私は、我が主*とあなた方の主*（であるアッラー*）に、あなた方が私を（石で）打ち殺すこと[1]からのご加護を乞いました。 <sup foot_note=>1</sup>,
4435,そして、もし私を信じないのなら、私のことを放っておいて下さい」。,
4436,（しかし彼らはムーサー*を、放ってはおかなかった。）それで彼（ムーサー*）は、彼の主*に祈った。これらの者たちは、罪悪の民なのです、と。,
4437,ならば（ムーサー*よ、信仰した）わが僕たちと共に、夜に旅立て。実にあなた方は、（フィルアウン*とその民から）追われる身となろう。[1] <sup foot_note=>1</sup>,
4438,そして海を（閉じずに、割れて）空いたままにせよ。本当に彼らは、溺れる軍勢なのだから。[1] <sup foot_note=>1</sup>,
4439,彼らは一体、どれだけの果樹園と泉を残し（て滅び）たのか？,
4440,また作物と、麗しい住まいを？,
4441,そして（恩恵の）享受を？彼らはそこで、喜々としていたのだ。,
4442,このように（、われら*はわれら*に反逆する者を、滅ぼすのである）。そしてわれら*はそれら（の恩恵）を、別の民（イスラーイールの子ら*）に引き継がせたのだ。,
4443,それでも天も大地も、彼ら（の滅亡への悲しみ）ゆえに泣くことはなかった[1]し、彼らは（懲罰を）猶予されもしなかった。 <sup foot_note=>1</sup>,
4444,われら*は確かに、イスラーイールの子ら*を屈辱的な懲罰から救った。,
4445,フィルアウン*から（、彼らを救った）本当に彼は高慢で、（アッラー*の法の侵犯に）度を越した者たちの一人だった。,
4446,われら*は彼ら（イスラーイールの子ら*）を知識と共に、全ての者の上に選び上げた。[1] <sup foot_note=>1</sup>,
4447,そして彼らに御徴[1]の内から、明らかな試練（と恩恵）を含むものを授けたのだ。 <sup foot_note=>1</sup>,
4448,本当に（使徒*よ、あなたの民である）これらの者たちは、まさしく（こう）言っている。,
4449,「それ（死）は、私たちの最初（で最後）の死に外ならず、私たちは（死後）生き返される者などではないのだ。,
4450,では、（既に他界している）私たちのご先祖様を連れてきてみよ。もしあなた方が、本当のことを言っているならば」。,
4451,一体彼らは（シルク*の徒）がより優れているのか、それともトッバゥの民[1]と、彼ら以前の（不信仰）者*たちか？われら*は彼らを滅ぼしたのだ。本当に彼らは、罪悪者であった。 <sup foot_note=>1</sup>,
4452,われら*は諸天と大地、その間にあるものを、遊び半分で創ったのではない。,
4453,われら*がそれらを創造したのは、真理ゆえに外ならないのだ[1]。しかし彼らの大半は、（そのことを）知らない。 <sup foot_note=>1</sup>,
4454,本当に裁決の日[1]は、彼ら全員の約束の時である。 <sup foot_note=>1</sup>,
4455,味方同士が少しも益し合うことはなく、助けられることもない日。[1] <sup foot_note=>1</sup>,
4456,但し、アッラー*がご慈悲をおかけになった（信仰）者は別である。本当にかれこそは、偉力ならびない*お方、慈愛深い*お方なのだから。,
4457,実にザックームの木[1]、 <sup foot_note=>1</sup>,
4458,（その実は、）罪に溺れた者の食べ物で、,
4459,腹の中で煮え立つ、溶けた鉛のようなもの。,
4460,煮えたぎる湯の沸騰のように。,
4461,「彼を捕まえ、火獄の真ん中へと彼をしょっぴいていけ。,
4462,それから彼の頭上に、煮えたぎる湯の懲罰を注ぎかけてやれ」。[1] <sup foot_note=>1</sup>,
4463,（そして罪に溺れたその者には、こう言われる）。「（罰を）味わえ。あなたこそは、偉大な者、高貴な者なのだから」。[1] <sup foot_note=>1</sup>,
4464,実にこれは、あなた方が（現世で）疑わしく思っていたものなのである。,
4465,本当に敬虔な*者たちは（来世で）、安全な居場所にある。,
4466,果樹園と泉の中に。,
4467,彼らはお互いに向かい合って、精巧な絹地と重厚な絹地のものを身にまとっている。[1] <sup foot_note=>1</sup>,
4468,（それらの恩恵と）同様に、われら*は彼らに、麗しい眼の色白の女性たち[1]を連れ添わせる。 <sup foot_note=>1</sup>,
4469,彼らはそこで安泰に、あらゆる果実を持って来させる。,
4470,彼らはそこで、（現世での）最初の死の外、死を味わうことがない。そしてかれ（アッラー*）は、彼らを火獄の懲罰からお守り下さったのだ。,
4471,あなたの主*からのご恩寵ゆえに。それこそは偉大なる勝利。,
4472,（使徒*よ、）われら*それ（クルアーン*）を、あなたの言葉（であるアラビア語）によって容易なものとしたのだ。（それは）彼らが教訓を受けるように、とのためである。,
4473,ならば（使徒*よ）待つのだ[1]。実に彼らも、待つ者たち[2]なのだから。 <sup foot_note=>1</sup>,
4474,ハー・ミーム[1]。 <sup foot_note=>1</sup>,
4475,（このクルアーン*は、）偉力ならびなく*、英知あふれる*アッラー*からの啓典の降示。,
4476,本当に、諸天と大地の中にはまさしく、（アッラー*の存在と御力を示す）信仰者たちへの御徴がある。,
4477,また（人々よ）、あなた方の創造と、かれが散開させられる、地を歩く生物の中には、（アッラー*とその教えを）確信する民への（、アッラー*の存在と御力を示す）御徴がある。,
4478,また夜と昼の交代、アッラー*が天から糧として下されたもの（雨）ーーアッラー*はそれで大地を、それが死んだ後に生き返らされるーー、風の変化は、分別する民への（、アッラー*の存在と御力を示す）御徴である。,
4479,（使徒*よ、）それは、われら*が真実と共にあなたに誦んで聞かせる、アッラー*の（唯一性*と御力を示す）御徴。なのに一体、彼らはアッラー*とその御徴を差しおいて、いかなる話を信じるというのか？,
4480,大噓つきで罪に溺れた、全ての者に災いあれ。,
4481,彼はアッラー*の御徴（アーヤ*）が自分に読誦されるのを聞いても、まるでそれを耳にしなかったかのように、（アッラー*とその使徒*への服従に対して）高慢な者となり（不信仰を）続ける。（使徒*よ、）ならば彼には、痛ましい懲罰の吉報を告げてやるがよい[1]。 <sup foot_note=>1</sup>,
4482,また彼は、われら*の御徴（アーヤ*）の内から何か耳にすれば、それを嘲笑の的にした[1]。それらの者たちには、屈辱的な懲罰がある。 <sup foot_note=>1</sup>,
4483,彼らの前には、地獄がある。そして彼らが稼いだもの[1]も、彼らがアッラー*をよそに盟友としたものも、彼らを少しも益することはない。彼らにはこの上ない懲罰があるのだ。 <sup foot_note=>1</sup>,
4484,これ（クルアーン*）は、導きである。されど自分たちの主*の御徴（アーヤ*）を否定した者たちには、痛ましい制裁による懲罰がある。,
4485,アッラー*はあなた方のために、海を仕えさせられたお方。（それは）かれのご命令によって船がそこを進み、あなた方がその恩寵から（糧を）求めるためであり、あなた方が（アッラー*に）感謝するようにするためである。,
4486,またかれはあなた方に、諸天にあるものと大地にあるもの、その全てを仕えさせられた。本当にそこには（アッラーの唯一性*を示す）、熟考する民への御徴がある。,
4487,（使徒*よ、）信仰する者たちに、言うのだ。アッラー*の日々を望まない[1]者たちを、赦してやれ、と。（それは）かれが民を、自分たちが（現世で）稼いでいたもので報われるようにするためである。 <sup foot_note=>1</sup>,
4488,誰でも正しい行い*を行う者は、自分自身を益するのであり、（行いが）悪い者は、自分自身を害するのだ。それからあなた方は（復活の日*）、自分たちの主*の御許へと戻らされ（、自分の行いの報いを受け）るのである。,
4489,われら*はイスラーイールの子ら*に、啓典（トーラー*、福音*）と英知[1]と預言者*としての天分[2]を与え、善きものの内から授け、彼らを全創造物よりも引き立てた[3]。 <sup foot_note=>1</sup>,
4490,また、われら*は彼ら（イスラーイールの子ら*）に、そのことにおける明証[1]を授けた。そして彼らがそこにおいて意見を異にしたのは、彼らのもとに知識が到来した後のこと、彼らの間の侵犯ゆえ以外の何ものでもなかった[2]。（使徒*よ、）本当にあなたの主*は復活の日*、彼らが意見を異にしていたことについて、彼らの間に裁決をお下しになる。 <sup foot_note=>1</sup>,
4491,それから（使徒*よ）、われら*はあなたを、そのことにおける道[1]の上に立脚させた。ゆえに、あなたはそれに従うのだ。そして、（真理を）知らない者たちの私欲に従ってはならない。 <sup foot_note=>1</sup>,
4492,本当に彼ら（シルク*の徒）は、アッラー*（の懲罰）において、あなたを少しも益しはしない。そして本当に不正*者たちはお互いに盟友なのであり、アッラー*は敬虔な*者たちの庇護*者なのだ。,
4493,これ（クルアーン*）は人々への開眼、導きであり、（クルアーン*の真理性を）確信する民への慈悲である。,
4494,いや、悪行を稼いだ者たちは、われら*が彼らを信仰して正しい行い*を行う者たちと同様にするとでも思ったのか？その生と死[1]において、同等だとも？彼らの決めつけることの、何と忌まわしいことか。 <sup foot_note=>1</sup>,
4495,アッラー*は真理によって、諸天と大地をお創りになった[1]。そして（それはかれがご自身の御力をお示しになり、来世において）各人が不正*を受けることなく、自分が稼いだものによって報われるようにするためだったのだ。 <sup foot_note=>1</sup>,
4496,（使徒*よ、）言ってみよ。自分の欲望（への服従）を自分の崇拝*すべきもの（への服従）とした者[1]について。彼は知識を有していたにも関わらずアッラー*に迷わされ[2]、その聴覚と心を塞がれ、その視覚には覆いをかけられた[3]のである。アッラー*（による迷い）の後、誰が彼を導けるというのか？一体、あなた方は教訓を得ないのか？ <sup foot_note=>1</sup>,
4497,彼ら（シルク*の徒）は言った。「それ（人生）は、私たちの（今、生きている）現世の生活以外にはない。私たちは（この現世で）死に、生きる（だけな）のであり、私たちを滅ぼすのは、時間に外ならない[1]のだ」。彼らには（、彼らが言っている）そのことについて、いかなる知識もないのに。彼らは憶測しているに過ぎないのだ。 <sup foot_note=>1</sup>,
4498,また、彼らに（、復活が起こることを確証する）われら*の明らかな御徴（アーヤ*）が読誦されれば、彼らの論拠は（こう）言うことでしかなかった。「私たちのご先祖様たちを、（生き返して）連れて来てみよ。もし、あなた方が本当のことを言っているのなら」。,
4499,（使徒*よ、）言ってやるがいい。「アッラー*はあなた方に生を与えられ、それから死を与えられる。それからかれは、あなた方を疑惑の余地のない復活の日*へと、集められるのだ。しかし人々の大半は（、アッラー*の御力を）知らない」。,
4500,アッラー*にこそ、諸天と大地の王権は属する。そして（復活の）その時が到来する日、その日（真実）を虚妄とする者たちは損失するのだ。,
4501,そして（使徒*よ）、あなたは（復活の日*）全ての共同体が跪くのを見る[1]。全ての共同体は、自分たちの帳簿[2]へと呼ばれる。（そして、こう言われる。）「この日あなた方は、自分たちが（現世で）行っていたことを報われるのだ」。 <sup foot_note=>1</sup>,
4502,これが、あなた方に対して（あなた方の行いを）真理と共に語る、われら*の帳簿である。われらは、あなた方が行っていたことの転写を（天使*たちに）命じていたのだから。[1] <sup foot_note=>1</sup>,
4503,それで信仰し、正しい行い*を行う者たちはといえば、主*は彼らをそのご慈悲[1]の中へとお入れになる。それこそは紛れもない勝利なのだ。 <sup foot_note=>1</sup>,
4504,また、不信仰に陥った者*たちはといえば（、こう言われる）。「一体、わが御徴（アーヤ*）は（現世で）あなた方に、読誦されてはいなかったのか？そしてあなた方は（それに耳を傾け、信仰することから）高慢になったのであり、罪悪の民だったのでは？,
4505,また、『本当に（復活に関する）アッラー*のお約束は真実で、その時（の到来）は、疑惑の余地がない』と言われた時、あなた方は言った。『私たちは（復活の）その時が何のことか、分からない。私たちには、それが思い込みにしか思えない。私たちは（その到来を）、確信する者ではないのだ』」。,
4506,そして彼らには（その日）、自分たちが（現世で）行った悪（の報い）が現れる。そして自分たちが嘲笑していたもの（懲罰）が、彼らを包囲するのだ。,
4507,また、彼らには（、こう）言われる。「この日われら*は、あなた方を忘れよう。ちょうどあなた方が、あなた方のこの日の拝謁を忘れたように[1]。そしてあなた方の住処は（地獄の）業火であり、あなた方にはいかなる援助者もない」。 <sup foot_note=>1</sup>,
4508,それというのも、あなた方はアッラー*の御徴を嘲笑の的とし、現世の生活によって欺かれていたからなのである。この日、あなた方はそこ（業火）から出されることもなく、（アッラー*の）ご満悦を得ること[1]も課されない。 <sup foot_note=>1</sup>,
4509,アッラー*に称賛*あれ、諸天の主*、大地の主*、全創造の主*に。,
4510,またかれにこそ、諸天と大地の権威は属する。そしてかれは偉力ならびない*お方、英知あふれる*お方であられる。,
4511,ハー・ミーム[1]。 <sup foot_note=>1</sup>,
4512,（このクルアーン*は、）偉力ならびなく*、英知あふれる*アッラー*からの啓典の降示。,
4513,われら*が諸天と大地、その間にあるものを創ったのは、真理と定められた期限ゆえに外ならない[1]。にも関わらず、不信仰に陥った者*たちは、自分たちが警告されていることに対し背を向けている。 <sup foot_note=>1</sup>,
4514,（使徒*よ、彼ら不信仰者*たちに）言ってやれ。「言ってみよ、あなた方がアッラー*をよそに祈っている者たち（である神々について）。彼らが大地から創ったものを、私に見せてみよ。いや、彼らに、諸天（の創造）において（アッラー*への）何らかの関与でもあるというのか？（シルク*を正当化する）これ以前の啓典か、あるいは（過去の預言者*から引き継いだ）知識の遺物を、私のもとに持って来てみるがいい。もし、あなた方が本当のことを言っているのならば」。,
4515,一体アッラー*をよそに、復活の日*まで自分（の祈り）に応えてはくれない者（である神々）に祈る者より、ひどく迷った者がいるだろうか？彼ら（アッラー*以外の神々）は、彼らの祈りなどには無頓着だというのに。,
4516,また、人々が（復活の日*に）招集された時には、彼らは自分たちにとっての敵となるのであり、彼らの崇拝*を否定する者となるというのに。[1] <sup foot_note=>1</sup>,
4517,彼ら（シルク*の徒）にわれら*の明白な御徴（アーヤ*）が読誦されれば、不信仰に陥った者*たちは真理（クルアーン*）が彼らに到来した時、（こう）言ったのだ。「これは紛れもない魔術である」。,
4518,いや、彼ら（シルク*の徒）は「彼（ムハンマド*）が、それ（クルアーン*）を捏造した」と言うのか？[1]（使徒*よ、）言ってやれ。「もし私がそれを捏造したの（であり、アッラー*がそれゆえに私を罰される）なら、あなた方は私の（援護の）ために、アッラー*に対して何も出来ない。かれは、あなた方が（クルアーン*について）喋り立てていることを、最もよくご存知である。かれだけで、私とあなた方の間の証人は十分なのであり、かれは赦し深いお方、慈愛深い*お方であられるのだ」。 <sup foot_note=>1</sup>,
4519,（使徒*よ、）言ってやるがいい。「私は使徒*たちのうちでも、真新しい（ことを言う）者ではない[1]。また自分についても、あなた方についても、（現世で）どのように処遇されることになるかも分からない[2]。私は自分に啓示されたことに従うだけであり、明白なる警告者に外ならないのだ」。 <sup foot_note=>1</sup>,
4520,（使徒*よ、シルク*の徒に）言ってやれ。「言ってみよ。もし（クルアーン*が）アッラー*の御許からのもので、あなた方がそれを否定し、イスラーイールの子ら*の証人[1]がそれと同様のもの[2]を証言してそれを信じ、あなた方が（信仰に対して）高慢になったのならば（、それ以上の不信仰があろうか）？本当にアッラー*が、不正*者である民を導かれることはない」。 <sup foot_note=>1</sup>,
4521,不信仰に陥った者*たちは、信仰する者たちに、（こう）言った。「もし、それ[1]が善いものだったなら、彼らが私たちを差しおいてそれを先取りし（て信仰し）たはずがない」[2]。そしてそれによって導かれなかったのなら、彼らは（こう）言い続けるであろう。「これは、古いでっち上げだ」。 <sup foot_note=>1</sup>,
4522,それ（クルアーン*）以前には、（従うべき）指針と（信仰者への）慈悲である、啓典（トーラー*）があった。そしてこれ（クルアーン*）は、（それ以前の啓典を）確証し、アラビア語で下された啓典であり、（不信仰によって自らに）不正*を働いた者たちには警告し、（信仰と服従に）善を尽くす者[1]たちには吉報を伝えるためのものなのである。[2] <sup foot_note=>1</sup>,
4523,本当に「我らが主*はアッラー*」と言い、それからまっすぐ歩んだ者[1]たち、彼らには怖れもなければ、悲しむこともない[2]。 <sup foot_note=>1</sup>,
4524,それらの者たちは天国の徒。彼らはそこに永遠に留まる。自分たちが（現世で）行っていた（正しい）ことゆえの、報いである。,
4525,われら*は人間に、両親への孝行を命じた。彼女（母親）は、大変な思いで彼を身ごもり、大変な思いで彼を出産したのだから。そしてその妊娠と乳離れ（の期間）は、三十ヶ月。やがて彼は成熟[1]し、四十歳になった時、（こう）言うのだ。「我が主*よ、あなたが私と我が両親に授けて下さったあなたの恩恵に、私が感謝できるようにして下さい。また私が、あなたを喜ばせるような正しい行い*を行えるように。そして私のため、我が子孫を正して下さい。本当に私はあなたに悔悟したのであり、まさに私は服従した者（ムスリム*）の一人なのですから」。[2] <sup foot_note=>1</sup>,
4526,それらの者たちは、われら*が彼らの行った最善のものを受け入れ、その悪行は天国の徒と共に見過ごしてやる者たち。（それは、）彼らが約束されていた、真なる約束。,
4527,一方、（アッラー*と復活の信仰へと招かれれば、）自分の両親に対して「あなた方の呆れ果てたこと。私以前にも数々の世代が滅び去っ（て、戻る来ることもなかっ）たというのに、私が（死後、墓の中から）出されるんですって？」と言う者。彼ら（両親）は、（子供が導かれるよう、こう言いながら）アッラー*にご助力を求めているというのに。「お前の災いよ[1]！信じなさい。本当に（復活という）アッラー*のお約束は、真実なのだから」。それでも、彼は言う。「これは、昔の人々のお伽話以外の何ものでもありませんよ」。 <sup foot_note=>1</sup>,
4528,それらの者たちには、ジン*と人間からなる、彼ら以前に滅んだ（不信仰の）民*の一員として（地獄に入るという）御言葉が確定したのだ。本当に彼らは、損失者だったのである。,
4529,各人には（復活の日*）、自分たちが（現世で）行ったことゆえ、（アッラー*の御許での）位がある。それは（アッラー*が）その行い（に対する報い）を彼らにふんだんに報われるためであり、彼らは不正*を受けることがない。,
4530,不信仰だった者*たちが、業火に晒される日。（彼らには、こう言われる。）「あなた方は、現世のあなた方の生活における自分たちの善きもの[1]とおさらばし、それを楽しんだ。だからこの日あなた方は、自分たちが地上で（アッラー*への信仰と服従に反して）不当にも奢り高ぶっていたことと、放逸だったことゆえに、屈辱の罰で報われるのだ」。 <sup foot_note=>1</sup>,
4531,アード*の同胞（フード*）を、思い出せ。彼が砂丘[1]で、彼の民に（こう）警告した時のことをーー既に数々の警告者が、彼（フード*）の前後に過ぎ去って行ったのであるーー。「アッラー*以外（何も）崇拝*してはならない。本当に私は、あなた方に、偉大なる（復活の）日*の懲罰を怖れているのだ」。 <sup foot_note=>1</sup>,
4532,彼らは言った。「あなたは、私たちを私たちの神々[1]（への崇拝*）から背かせるために、やって来たのか？では、あなたが約束するもの（懲罰）を、私たちに持って来てみよ[2]。もし、あなたが正直者の類いなのであれば」。 <sup foot_note=>1</sup>,
4533,彼（フード*）は言った。「本当に（懲罰が到来する時の）知識はアッラー*の御許にあるのであり、私は自分が携えて遣わされたものを、あなた方に伝えるだけ。しかし私には、（懲罰を急ぐ）あなた方が無知な民に見える」。,
4534,こうして、雲の形をしたそれ（懲罰）が自分たちの谷に向かってくるのを見た時、彼らは言った。「これは、私たちに雨を降らしてくれる雲だ」。いや、それは、あなた方が性急に求めていたもの。痛ましい懲罰を運ぶ、風なのである。,
4535,それはその主*のご命令により、全てのものを破壊する。こうして（彼らの国には、）彼らの住居の外、（何一つ）見えなくなってしまった。同様に、われら*は罪悪者である民に報いるのである。,
4536,また（クライシュ族*の不信仰者*たちよ）、われら*は確かに彼ら（アード*の民）を、あなた方を（そこまでは）強力にしなかったほどに、（現世で）強力にした[1]。また、われら*は彼らに聴覚と視覚と心を与えたのに、彼らの聴覚も視覚も心も、彼らを少しも益することはなかった。彼らはアッラー*の（唯一性*を示す）御徴を否定していたのであり、自分たちが嘲笑していたもの（懲罰）が、彼らを包囲したのだ。 <sup foot_note=>1</sup>,
4537,また（クライシュ族*の不信仰者*たちよ、）われら*は確かに、あなた方の周りの町々（の民）[1]を滅ぼし、（彼らに）御徴を多彩に示した[2]。（それは）彼らが、（不信仰から）戻って来るようにするためである。 <sup foot_note=>1</sup>,
4538,そして彼らがアッラー*をよそに、（その崇拝*がアッラー*へと）近づけてくれるもの、つまり神々[1]としていた者たちは、どうして（彼らが必要としている時、）彼らを助けなかったのか？いや、それら（神々とされたものたち）は、彼ら（シルク*の徒）から、消え去ってしまったのである。それ（シルク*）は彼らのでっち上げであり、彼らが捏造していたものだったのだ。 <sup foot_note=>1</sup>,
4539,（使徒*よ、）われら*があなたへと、クルアーン*に耳を傾けるジン*の集団を送った時のこと（を、思い出させよ）。彼らは、彼（使徒*）のもとにやって来た時、（互いに）言った。「（クルアーン*の読誦を、）傾聴せよ」。そして（読誦が）済むと、彼らは（不信仰者*への懲罰に対する）警告者となって、自分たちの民へと帰って行った。[1] <sup foot_note=>1</sup>,
4540,彼らは言った。「我らが民よ、本当に私たちは、ムーサー*の後に下された、それ以前のものを確証する啓典を聞いたのだ。それは真理へと導き、まっすぐな道へと導くのである。,
4541,我らが民よ、アッラー*の招き手（預言者*ムハンマド*）に応え、彼を信じよ。かれ（アッラー*）はあなた方のためにその罪の一部をお赦しになり、あなた方を痛ましい懲罰からお守り下さろう。,
4542,そしてアッラー*の招き手に応じなかった者は、地上で（アッラー*の懲罰から）逃れられる者ではない。また、その者にはかれ（アッラー*）以外、庇護者などないのだ。それらの者たちは、明らかな迷いの中にある」。,
4543,一体、彼らは諸天と大地をお創りになり、その創造が不可能ではなかったお方（アッラー*）が、死人に生を与えることがお出来なのを知らなかったのか？いや、本当にかれは、全てのことがお出来のお方。,
4544,不信仰だった者*たちが、業火に晒される復活の）日*。（彼らには、こう言われる）「一体、これ[1]は真実ではないのか？」彼らは言う。「我らが主*にかけて、確かにそうです」。かれは仰せられる。「では、あなた方が（現世で地獄の懲罰を）否定していたことゆえに、懲罰を味わうがよい」。 <sup foot_note=>1</sup>,
4545,ならば（使徒*よ）、使徒*たちの内の決然とした者たち[1]が忍耐*したごとく、忍耐*せよ。そして、彼らに（懲罰が降りかかるのを）性急に求めるものではない。自分たちが約束されているもの（懲罰）を目の当たりにする日、彼らは（現世で）あたかも昼の一時しか過ごさなかったかのようだから[2]。（これこそは、）伝達だ。そして放逸な民以外に、（懲罰で）滅ぼされることなどあろうか？ <sup foot_note=>1</sup>,
4546,不信仰であり、アッラー*の道から（人々）を阻んだ者たち、かれ（アッラー*）は彼らの行いを無に帰させ給う。,
4547,そしてかれは、信仰し、正しい行い*を行い、ムハンマド*に下されたものーーそれはかれらの主*からの真実ーーを信じる者たちの悪行を帳消しにされ、（現世と来世における）彼らの諸事を正される。,
4548,それというのも、不信仰に陥った者*たちは虚妄に従い、信仰する者たちはその主*からの真実に従うためである。このようにアッラー*は、彼らの様を人々に示される。,
4549,ゆえに（信仰者たちよ）、あなた方が不信仰に陥った者*たちと（戦場で）会ったならば、首への打撃を（食らわせよ）。やがて、あなた方が彼らを徹底的に痛めつけたならば、戦争が幕を引くまで（捕虜に）綱を縛りつけ、後に情けをかけて（無償で解放して）やるか、身代金（を受け取って解放する）か（、するのだ）。[1]。（事は、）そうなのである。そしてアッラー*がお望みであったなら、（信仰者たちを、戦いなしで）彼ら（不信仰者*たち）に勝利させられただろう。だが（戦いが定められたのは）、あなた方の一方を別の一方で試練[2]におかけになるため。かれ（アッラー*）は、アッラー*の道において殺された（信仰）者たちの行い（に対する報い）を、無に帰させ給わない。 <sup foot_note=>1</sup>,
4550,かれ（アッラー*）は、彼らを導かれ、その諸事を正して下さろう。,
4551,そして彼らを、天国に入れて下さる。かれはそれを、彼らにご教示されたのだ[1]。 <sup foot_note=>1</sup>,
4552,信仰する者たちよ、もしあなた方がアッラー*（の宗教）を援助[1]するならば、かれ（アッラー*）はあなた方を援助され、（戦いにおいて）あなた方の足を堅固にして下さろう。 <sup foot_note=>1</sup>,
4553,不信仰に陥った者*たち、彼らには没落があり、かれ（アッラー*）はその行いを無に帰させ給う。,
4554,それというのも、彼らがアッラー*が下されたもの（クルアーン*）を嫌ったためである。それでかれ（アッラー*）は。彼らの行いを台無しにされたのだ。,
4555,一体、彼ら（不信仰者*たち）は地上を旅して、彼ら以前の（不信仰）者*たちの結末が、どのようなものであったかを見なかったのか？アッラー*は彼らに対して破壊し尽くし給うたのであり、不信仰者*たちには（彼らを襲ったのと）同様のものがある。,
4556,それというのも、アッラー*こそが信仰する者たちの庇護者*であり、不信仰者*たちには庇護者などないからなのだ。,
4557,本当にアッラー*は、信仰し、正しい行い*を行う者たちを、その下から河川が流れる楽園に入れて下さる。一方、不信仰に陥った者*たちは（現世を）楽しみ、まるで家畜が食べるように（ひたすら）食べている。（地獄の）業火が、彼らの住処なのだ。,
4558,（使徒*よ、）われら*は、あなたを追い出した、あなたの町（マッカ*）よりも強力な町（の民）を、一体どれだけ滅ぼしたことか？そして彼らには、いかなる援助者もなかったのだ。,
4559,その主*の御許からの明証に依拠する者は、（シャイターン*によって）自分の悪行が目映く見せられ、自分たちの欲望[1]に従う者と同様であろうか？ <sup foot_note=>1</sup>,
4560,敬虔な*者たちに約束された天国の様子（とは、このようなもの）：そこには、濁ることのない水の河川、その味わいが変わらない乳の河川、飲む者にとって美味な酒の河川、純粋な蜂蜜の河川がある。また、そこには彼らのためにあらゆる果実と、彼らの主からの（罪の）お赦しがある。（一体、この天国の中にある者は、）業火に永遠に留まり、煮えたぎる湯を飲ませられて腸が散り散りになってしまう者と、同様であろうか？,
4561,（預言者*よ、）彼ら（偽信者*たち）の内には、（理解することなく、ふざけ半分で）あなたに耳を傾ける者もいる。挙げ句、彼らはあなたのもとから出て行くと、（啓典の）知識を授けられた者たちに（、嘲笑してこう）言うのだ。「今、彼（ムハンマド*）は何を語ったのか？」アッラー*は、それらの者たちの心を（真理の理解から）塞がれた[1]のであり、彼らは（不信仰と迷妄において）自分たちの欲望に従ったのである。 <sup foot_note=>1</sup>,
4562,一方、導かれた者たち[1]はといえば、かれ（アッラー*）から導きを上乗せされ、敬虔さを授けられる。 <sup foot_note=>1</sup>,
4563,彼ら（真理を嘘呼ばわりする者たち）は、（復活の）その時が自分たちのもとに突然やって来るのを、待っているだけなのか？その予兆[1]は、確かに到来したというのに。彼らのもとに（復活の時が）訪れた時、どうしても彼らの教訓（に益）があろうか？[2] <sup foot_note=>1</sup>,
4564,ならば（預言者*よ）、アッラー*の外には（真に）崇拝*されるべき何ものもないことを知り、自分の罪のお赦しを乞うのだ。そして男の信仰者たちと、女の信仰者たちのためにも（罪の赦しを乞え）。アッラー*はあなた方の動作も、あなた方の住処[1]もご存知であられる。 <sup foot_note=>1</sup>,
4565,信仰する者たちは、言う。「どうして、（私たちに不信仰者*たちとの戦いを命じる）スーラ*が下されないのですか？」そして明確なスーラ*が下され、そこで戦い（の命令[1]）が言及された時、（預言者*よ、）あなたは心に病がある者[2]たちが、死（の恐怖）ゆえに気絶する者の視線で、あなたを凝視するのを目にする。彼らには先決であるのに、[3] <sup foot_note=>1</sup>,
4566,（アッラー*への）服従と、適切な言葉[1]が。（不信仰者*との戦いという）ご命令が決定した時、彼らがアッラー*に正直だったなら、それが彼らにとってより善いことであったのだ。 <sup foot_note=>1</sup>,
4567,あなた方は、もし（イスラーム*の教えから）背を向けたら、地上で腐敗*を働いたり、自分たちの近親関係を断絶したりするのではないか？,
4568,それらの者たちは、アッラー*が呪われ[1]、聾にされ、その目を盲目にされた[2]者たち。 <sup foot_note=>1</sup>,
4569,一体、彼ら（偽信者*たち）は、クルアーン*を熟慮しないのか？いや、心に錠がかけられているのだ。,
4570,本当に、導きが明らかにされた後に及んで、背中を向けて（不信仰へと）退いた者たちに、シャイターン*は（彼らの過ちを）目映く見せ、彼らに（欺きの願望を）長引かせた[1]のだ。 <sup foot_note=>1</sup>,
4571,それというのも彼らが、アッラー*が下されたものを嫌った者たちに対し、（こう）言った[1]からである。「私たちはいくつかの事において、あなた方に従おう」。アッラー*は、彼らの秘密をご存知だというのに。 <sup foot_note=>1</sup>,
4572,では、天使*たちがその顔と背中を殴りつけつつ、彼ら（の魂）を取り上げる時（の状況）は、いかなるものとなろうか？[1] <sup foot_note=>1</sup>,
4573,それというのも彼らは、アッラー*を激怒させることに従い、かれのご満悦を嫌ったからなのだ。それでかれ（アッラー*）は、彼らの行い（の褒美）を台無しにされたのである。,
4574,いや、心の中に病がある者たちは、アッラー*が彼らの（イスラーム*とムスリム*に対する）憎悪を（信仰者たちの眼前に）引き出されないとでも思い込んでいたのか？,
4575,そして（預言者*よ）、もしわれら*が望めば、われら*はあなたに彼らを（特定して）見せ、あなたは必ずや彼らをその特徴で知るであろう。また、あなたは必ずや（彼らの意図が見え隠れする）含みを持たせた言葉によって、彼らを知るのだ。アッラー*は、あなた方の行いをご存知である。,
4576,また（信仰者たちよ）、われら*は必ずや、あなた方を試練[1]にかける。われら*が、あなた方の内の努力奮闘する者たちと、忍耐*ある者たちを如実に表し、あなた方の消息[2]を試すために。 <sup foot_note=>1</sup>,
4577,本当に不信仰であり、アッラー*の道から（人々を）阻み、自分たちに導きが明らかになった後に使徒*に歯向かった者たちは、少しもアッラー*（の宗教）を害することなどない。そしてかれ（アッラー*）はいずれ、彼らの行いを台無しにされるのである。,
4578,信仰する者たちよ、アッラー*に従い、使徒*に従え。そしてあなた方の行いを、（不信仰や罪で）無駄にしてはならない。,
4579,本当に不信仰であり、アッラー*の道から（人々を）阻み、それから不信仰者*のまま死んだ者たちを、アッラー*がお赦しになることはないのだ。,
4580,ならば（信仰者たちよ）、あなた方が優位者であるというのに、弱気になったり、講和へと呼びかけたりしてはならない[1]。アッラー*は（その勝利と援助によって）、あなた方と共にあり、あなた方の行い（の褒美）を減らしたりはされないのだ。 <sup foot_note=>1</sup>,
4581,現世の生活とは、遊興と戯れに過ぎない[1]。もし、あなた方が信仰し、（アッラー*を）畏れる*なら、かれはあなた方にその褒美を授けられる。そして、あなた方の財産を（浄財*として、全て）要求されることはない。 <sup foot_note=>1</sup>,
4582,もし、かれ（アッラー*）がそれをあなた方に要求され、あなた方を無理強いさせられるならば、あなた方は出し惜しみし、かれはあなた方の憎悪を引き出されるだろう。,
4583,ほら、（信仰者たちよ、）あなた方という人たちは、アッラー*の道において出費することへと招かれているのに、あなた方の内には出し惜しみする者がいる。出し惜しみする者は誰でも、自分自身に出し惜しみしているに外ならない[1]。アッラー*が満ち足りた*お方なのであり、あなた方が貧しい者たちなのだ。そして、もしあなた方が（アッラー*への信仰と服従に）背を向けるなら、かれ（アッラー*）はあなた方ではない別の民と（あなた方を）交換され、それから彼らはあなた方のように（アッラー*に不服従に）なることもないであろう。 <sup foot_note=>1</sup>,
4584,（使徒*よ、）本当にわれら*はあなたに、明白なる勝利で勝利させた。[1] <sup foot_note=>1</sup>,
4585,（それは）アッラー*があなたのために、あなたの罪の内、先んじたものと後から生じたもの[1]をお赦しになり、あなたの上にその恩恵を全うされ、あなたをまっすぐな道へと導かれるため。 <sup foot_note=>1</sup>,
4586,また、あなたを、この上ない援助で援助されるため。,
4587,かれ（アッラー*）は信仰者たちの心に、その信仰心の上に更なる信仰心を上乗せすべく、静寂を下された[1]お方。そしてアッラー*にこそ、諸天と大地の軍勢は属する。アッラー*はもとより、全知者、英知あふれる*お方であられる。 <sup foot_note=>1</sup>,
4588,信仰者の男たちと、信仰者の女たちを、その下から河川が流れる楽園に永遠に留まるべく入れ給い、彼らのためにその悪行を帳消しにされるべく（、静寂を下された）。それはもとより、アッラー*の御許で偉大な勝利であった。,
4589,また、アッラー*に対して悪い憶測[1]をしている、偽信者*の男たちと偽信者*の女たち、シルク*の徒の男たちとシルク*の徒の女たちを罰するため。彼らの方にこそ（、彼らが憶測している状況の）悪しき暗転があるのだ。そしてアッラー*は彼らをお怒りになり、呪われ[2]、彼らのために地獄を用意された。（それは）何と忌まわしい行き先であろうか。 <sup foot_note=>1</sup>,
4590,そしてアッラー*にこそ、諸天と大地の軍勢は属する。アッラー*はもとより、偉力ならびない*お方、英知あふれる*お方。,
4591,（使徒*よ、）本当にわれら*はあなたを証人[1]、吉報を伝える者、警告を告げる者[2]として、遣わした。 <sup foot_note=>1</sup>,
4592,（それは）あなた方がアッラー*とその使徒*を信じ、かれ（の宗教）を助け[1]、かれを畏敬し、かれを朝に夕に称える*ためである。[2] <sup foot_note=>1</sup>,
4593,（預言者*よ、）あなたに誓う者たちこそは、まさしくアッラー*に誓っている[1]のである。アッラー*の御手は、彼らの手の上にあるのだから[2]。（その誓いを）破った者は誰であろうと、（その罰が自分に返ってくるゆえ、）自分に対して破っているのである。そして誰であろうと、アッラー*と契約したことを全うする者に対し、アッラー*は偉大な褒美をお授けになろう。 <sup foot_note=>1</sup>,
4594,（預言者*よ、）ベドウィンたちの内、（あなたと共にマッカ*に出発せず）居残らされた者たち[1]は、あなたに言うであろう。「私たちの財産と家族が、私たちを掛かりっきりにさせたのだ。だから私たちのため、（そのことについてアッラー*に）赦しを乞うてくれ」。彼らは自分たちの心にもないことを、口先で言っている。言ってやるのだ。「ではアッラー*があなた方に害をお望みになるか、あるいは益をお望みになるとしたら、かれ（のご意思）に反して誰か、あなた方に何かしてやれる者がいようか？いや、アッラー*はもとより、あなた方が行うことに通暁されるお方である。 <sup foot_note=>1</sup>,
4595,いや、あなた方は使徒*と信仰者たちが（殺され、）彼らの家族のもとに永遠に帰って来ないだろうと憶測していたのであり、それはあなた方の心に目映く映ったのだ。そしてあなた方はまさしく悪い憶測をしたのであり、あなた方は滅亡の民だったのだ」。,
4596,アッラー*とその使徒*を信じない者たちは誰であろうと（、罰されることになろう）、本当にわれら*は不信仰者*たちのために烈火を用意したのだから。,
4597,そして諸天と大地の王権は、アッラー*にこそ属する。かれはお望みになる者をお赦しになり、お望みになる者を罰される。アッラー*はもとより、赦し深いお方、慈愛深い*お方。,
4598,居残らされた者たち[1]は、あなた方が戦利品*を手に入れるべく出発した時[2]、（こう）言うだろう。「私たちを、あなた方にお供させて下さい」。彼らはアッラー*の御言葉[3]を、変更しようとしている。言ってやるがいい。「あなた方が、私たちについて来ることはない。アッラー*は以前、そのように仰せられたのだ」。すると、彼らは言う。「いや、あなた方は私たちを嫉妬している」。いや、彼らは僅かばかりしか、理解することがなかったのである。 <sup foot_note=>1</sup>,
4599,ベドウィンたちの内、（あなたと共に出発せず）居残らされた者たち[1]に、言ってやれ。「あなた方は、強烈な武力を備えた民[2]（との戦い）へと呼ばれるだろう。あなた方が彼らと戦うか、彼らが（戦わずして）服従（イスラーム*）するかの、いずれかなのである[3]。それで、もしあなた方が（その呼びかけに）応じるのなら、アッラー*はあなた方に善き褒美をお授けになる。そして、もし以前（マッカ*へと出発する命令に）背いたように、あなた方が背くのであれば、かれ（アッラー*）はあなた方を痛ましい懲罰で罰されよう」。 <sup foot_note=>1</sup>,
4600,（出征しないことに関し、）視覚に障害ある者に罪はなく、足が不自由な者にも罪はなく、病人にも罪はない。アッラー*は、かれとその使徒*に従う者は誰でも、その下から河川が流れる楽園に入れて下さる。そしてかれは（アッラー*とその使徒*に）背く者を、痛ましい懲罰で罰されるのだ。,
4601,（預言者*よ、）アッラー*は確かに信仰者たちを、お喜びになった。彼らが木の下であなたに誓った時のこと。かれは彼らの心の内（の信仰心と正直さ、忠誠心）をご存知になり、彼らの上に静寂を下され、彼らに近い勝利（の約束）でお報いになったのだ。[1] <sup foot_note=>1</sup>,
4602,また、彼らが手にすることになる沢山の戦利品*[1]（の約束）で（お報いになった時）。アッラー*はもとより、偉力ならびない*お方、英知あふれる*お方。 <sup foot_note=>1</sup>,
4603,アッラー*はあなた方に、あなた方が手にすることになる沢山の戦利品*をお約束になり、あなた方のためにこれを前倒しにされたのだ[1]。また、かれは人々[2]の手をあなた方から阻まれたのであり、（それは、そのことが）信仰者たちにとっての御徴となり、あなた方をまっすぐな道へとお導きになるためであった。 <sup foot_note=>1</sup>,
4604,また、アッラー*が既に確保され、あなた方がまだ入手できてはいない、別の物も（お約束になった）。アッラー*はもとより、全てのことがお出来のお方。,
4605,たとえ不信仰に陥った者*たち[1]が、あなた方と戦ったところで、背中を見せて敗走するのが落ちなのである。その後、彼らは（自分たちの）庇護者も援助者も見出すことがない。 <sup foot_note=>1</sup>,
4606,過去に（不信仰者*の民と信仰者の民の間において）過ぎ去ってきた、アッラー*の摂理。そして（預言者*よ、）あなたはアッラー*の摂理に、いかなる変更も見出すことはない。,
4607,かれは、あなた方が彼ら（シルク*の徒）をマッカ*の谷間で掌握した後に、彼らの手をあなた方から阻まれ、あなた方の手を彼らから阻まれた[1]お方。そしてアッラー*はもとより、あなた方の行うことを通暁されるお方である。 <sup foot_note=>1</sup>,
4608,彼ら（クライシュ族*の不信仰者*たち）は不信仰に陥り、（ウムラ*をしようとしていた）あなた方をハラーム・マスジド*から、そして足止めを食らわされた供物はその（屠殺の）場[1]に達することから、阻んだ者たち。そして、もし（マッカ*に潜んでいる）あなた方の知らない信仰者の男たちと信仰者の女たちがおらず、あなた方が彼らを（シルク*の徒もろとも）粉砕してしまうことで、あなた方に予想もしなかった面倒[2]が降りかかるのでなければ（、われら*はあなた方にその時、マッカ*の民を制圧させたのである）。（それは）アッラー*が、かれがお望みになった者を、そのご慈悲の中にお入れになるため[3]。もし彼らが（不信仰者*たちから）隔たれていたら、われらは彼らの内の不信仰に陥った者*たちを、痛ましい懲罰で罰したのである。 <sup foot_note=>1</sup>,
4609,不信仰に陥った者*たちが、その心の中に尊大さ、ジャーヒリーヤ*の尊大さを宿した時のこと[1]（を思い起こさせよ。）にも関わらず、アッラー*はかれの静寂を、その使徒*と信仰者たちの上に下された。そして彼らに敬虔さ*の言葉[2]を命じられたのであり、彼らはそれに（シルク*の徒）より相応しく、その適任者だったのである。アッラー*はもとより、全てのことをご存知のお方。 <sup foot_note=>1</sup>,
4610,確かにアッラー*はその使徒*（ムハンマド*）に、正夢で真実を語られた。あなた方はもしアッラー*がお望みなら、必ずや頭を剃り、髪を切った状態で、（シルク*の徒を）怖れることなく安全に、ハラーム・マスジド*に入るのだ。そしてかれ（アッラー*）は、あなた方が知らなかったこと[1]をご存知になり、それ以外にも近い勝利[2]をご用意になった。 <sup foot_note=>1</sup>,
4611,かれ（アッラー*）は、その使徒*を導きと真理の宗教（イスラーム*）と共に遣わされたお方。（それは）かれが、それ（イスラーム*）をあらゆる宗教の上に君臨させる[1]ため。（使徒*よ、）アッラー*だけで、（その）証人は十分である。 <sup foot_note=>1</sup>,
4612,ムハンマド*は、アッラー*の使徒*。そして、彼と共にある者（教友*）たちは不信仰者*たちに対しては厳格で、彼ら自身の間では慈悲深い。あなたは彼らが、アッラー*からのご恩寵とご満悦を求めつつ、（アッラー*への礼拝で）ルクーゥ*し、サジダ*するのを目にする。彼らの印[1]はその顔にあり、サジダ*の跡によるもの。それはトーラー*の中にある彼らの描写であり、福音*の中にある彼らの描写である。（その様子は）芽を出し（枝を増やし）てそれを支え、堅固になり、その幹の上に確立した作物のよう[2]。それは栽培者えお喜ばせる。かれ（アッラー*）が、彼ら（信仰者たち）によって、不信仰者*たちを憤らせるために。アッラー*は彼ら[3]の内、信仰して正しい行い*を行う者たちに、（罪の）お赦しと偉大なる褒美を約束されたのである。 <sup foot_note=>1</sup>,
4613,信仰する者たちよ、アッラー*とその使徒*の前で、出しゃばってはならない[1]。そしてアッラー*を畏れ*よ。本当にアッラー*は、よくお聞きになるお方、全知者であられる。 <sup foot_note=>1</sup>,
4614,信仰する者たちよ、預言者*の声の上に、あなた方の声を張り上げてはならない。また、自分たちが互いに大声を上げるように、彼（預言者*）に対して大声で物言いをしてはならない。（それは）あなた方が気付かない内に、あなた方の行いが台無しになってしまわないように、である。,
4615,本当にアッラー*の使徒*のもとで声を低める者たちこそは、アッラー*がその心を敬虔さ*へとお試しにな（り、そこへと導いて下さ）った者たちなのだ。彼らにこそ、（罪の）お赦しと偉大な褒美がある。,
4616,本当に（預言者*よ）、あなたを部屋の向こうから（大声で）呼ぶ者たち、その大半は弁えることがない。[1] <sup foot_note=>1</sup>,
4617,そして、もし彼らが、彼（預言者*）が出てくるまで我慢していたら、彼らにとってもっと善いことだったのだ。アッラー*は赦し深いお方、慈愛深い*お方であられる。,
4618,信仰する者たちよ、もしあなた方のもとに放逸な者が何らかの消息を携えてやって来たら、（それを信用する前に、その真偽を）確認せよ[1]。あなた方が、ある民に無知から被害を及ぼし、それであなた方が自分たちがしたことゆえ、悔やむ者とならないように。[2] <sup foot_note=>1</sup>,
4619,そして知るのだ、あなた方の間には（あなた方の福利を知り、あなた方に善を望む）アッラー*の使徒*がいる、ということを。もし、彼が物事を多くにおいてあなた方に従えば、あなた方は苦境に陥ったであろう。しかしアッラー*は、あなた方に信仰を愛させ給い、それをあなた方の心に目映いものとされた。そして、あなた方に不信仰と放逸さと（アッラー*への）反抗を嫌わせ給うたのである。それらの者たちこそは、正しく導かれた者たちなのだ。,
4620,アッラー*からのご恩寵と、恩恵ゆえ。アッラー*は全知者、英知あふれる*お方である。,
4621,もし、信仰者たちからなる二派が戦い合ったなら、（信仰者たちよ、）彼らの間を取り持て[1]。そして、もしその一方が（呼びかけに応じずに、）他方を侵犯したのであれば、侵犯する方に対し、彼らがアッラー*のご命令[2]に立ち返るまで戦え。それで（その一派が、アッラー*のご命令に）立ち返ったなら、彼ら二派の間を正義で取り持ち、公正に（裁決）するのだ。本当にアッラー*は、公正にする者たちをお好みになるのだから。 <sup foot_note=>1</sup>,
4622,本当に信仰者たちは、（宗教における）同胞なのである。ならば、あなた方の同胞を取り持つがよい。そしてあなた方が慈しまれるよう、アッラー*を畏れる*のだ。,
4623,信仰する者たちよ、ある民が別の民を馬鹿にしてはならない。（馬鹿にされた）彼らの方が、（馬鹿にした）彼らより優れているかもしれないのだから。また、ある女性たちが、別の女性たちを馬鹿にしてはならない。（馬鹿にされた）彼女らの方が、（馬鹿にした）彼女らより優れているかもしれないのだから[1]。また、あなた方自身[2]を中傷したり、（本人が嫌がる）あだ名で呼び合ったりしてはならない。信仰（に入った）後に放逸さで呼ばれることの、何と醜悪なことか[3]。そして（これらの悪事から）悔悟しない者こそは、不正*者なのである。 <sup foot_note=>1</sup>,
4624,信仰する者たちよ、憶測の多くを避けよ。実にある種の憶測[1]は、罪なのだから。また、（同胞のぼろを）詮索したり、互いに陰口[2]を言ったりしてはならない。一体、あなた方の誰が、死んだ同胞の肉を食べたいというのか？[3]あなた方は、それを忌み嫌うであろう。アッラー*を畏れ*よ。本当にアッラー*は、よく悔悟をお受け入れになる*お方、慈愛深い*お方なのだ。 <sup foot_note=>1</sup>,
4625,人々よ、本当にわれら*は、あなた方を一人の男性と一人の女性から創り[1]、あなた方が知り合うべく、あなた方をいくつもの民族や部族とした。実にあなた方の内、アッラー*の御許で最も高貴な者とは、最も敬虔*な者なのである。アッラー*こそは全知者、通暁されるお方。 <sup foot_note=>1</sup>,
4626,ベドウィンたち[1]は言った。「私たちは、（アッラー*とその使徒*を）信仰した」。（預言者*よ、彼らに）言ってやれ。「あなた方は、まだ信仰してはいない。しかし、『服従した』と言うのだ。信仰はまだ、あなた方の心の中には入っていない[2]。そして、もしあなた方がアッラー*とその使徒*に従えば、かれはあなた方の行い（の褒美）から、何一つ差し引きされることはない。本当にアッラー*は、赦し深いお方、慈愛深い*お方なのだから」。 <sup foot_note=>1</sup>,
4627,本当に信仰とは、アッラー*とその使徒*を信じ、その後（信仰において）疑惑を抱かず、アッラー*の道において自らの財産と生命をかけて努力奮闘する者たちのこと。それらの者たちこそは、（自分たちの信仰に対する）正直者である。,
4628,（預言者*よ、彼らベドウィンたちに）言ってやれ。「一体、あなた方はアッラー*に、自分たちの宗教（の度合い）について知らせるというのか？アッラー*は諸天にあるもの、大地にあるものをご存知であり、アッラー*は全てのことをご存知のお方だというのに？」[1] <sup foot_note=>1</sup>,
4629,（預言者*よ、）彼ら（ベドウィンたち）は自分たちが服従（イスラーム*）[1]したことで、あなたに恩を着せる。言ってやれ。「あなた方の服従に関し、私に恩を着せるのではない。いや、アッラー*があなた方を（、あなた方が主張している）信仰へとお導きになったことで、あなた方に恩を施して下さっているのである。もし、あなた方が本当のことを言っているならば、だが」。 <sup foot_note=>1</sup>,
4630,本当にアッラー*は、諸天と大地の不可視の世界*をご存知である。そしてアッラー*は、あなた方が行うことをご覧になるお方なのだ。,
4631,カーフ[1]。栄誉高きクルアーン[2]*にかけて（誓う）。 <sup foot_note=>1</sup>,
4632,いや、彼ら（不信仰者*たち）は、彼らのもとに、自分たちの内から警告者が到来したことに驚いている。そして不信仰者*たちは、言ったのだ。「これは驚くべきこと。,
4633,私たちが死に、砂となった後に（、元通りに戻されるとは）？それは途方もない回帰である」。,
4634,われら*は、大地が彼ら（の死後、その肉体）を減少させるものを、確かに知っている[1]。そしてわれら*の御許には、保存された書[2]があるのだ。 <sup foot_note=>1</sup>,
4635,いや、彼らは真理（クルアーン*）を、それが自分たちのもとに到来した時、嘘呼ばわりした。それで彼らは、混乱した状態[1]にあるのだ。 <sup foot_note=>1</sup>,
4636,一体、彼らは自分たちの上にある天を見ないのか？われら*がそれをいかに構築し、そこに割れ目一つなく、（星々で）飾り立てたかを？,
4637,また、われら*は大地を広げ、そこに堅固な山々を投げ入れ、そこにあらゆる麗しい種類のものを芽生えさせた。,
4638,よく（われら*に悔悟して）立ち返る、全ての僕のための開眼、教訓として（、万物を創造したのである）。,
4639,また、われら*は天から祝福に満ちた（雨）水を降らせ、それによって農園と、収穫の種粒を芽生えさせた。,
4640,そして、高く聳えるナツメヤシの木を（、芽生えさせた）。それには、重なり合う莢[1]がついている。 <sup foot_note=>1</sup>,
4641,僕たちへの糧として（、それらを芽生えさせたのだ）。またわれら*は、それ（雨）によって死んだ土地を生き返させた。同様に（復活の日*、死後の）召喚はあるのだ。,
4642,彼ら（シルク*の徒）以前にも、ヌーフ*の民、ラッスの徒*、サムード*が（自分たちの使徒*を）噓つき呼ばわりした。,
4643,また、アード*、フィルアウン*、ルート*の同胞たちも。,
4644,そして、藪の仲間たち[1]、トッバゥの民[2]も。（彼らの）全ては使徒*たちを噓つき呼ばわりしたので、（不信仰に対する懲罰という）わが警告が実現したのである。 <sup foot_note=>1</sup>,
4645,一体、われら*が最初の創造において不能だったというのか？いや、彼らは新たな創造について疑念の中にあるのだ。[1] <sup foot_note=>1</sup>,
4646,われら*は確かに、人間を創った。われら*は彼の魂が自らに囁くものを知っており、頸動脈の管よりも彼に近いのである。,
4647,右に、そして左に控える二人の受手が、（人間の行いを）受け取（って記録す）る時。[1] <sup foot_note=>1</sup>,
4648,彼（人間）は、自分に配備させられた監視役（の立ち会い）なしには、一言も発することがない。,
4649,そして真の、死の苦悶が到来した。（人間よ、）それはあなたが逃げていたもの。,
4650,そして、角笛に吹き込まれる[1]。それは警告（されていた、復活）の日*。 <sup foot_note=>1</sup>,
4651,そして全ての者は、先導役と証人[1]を伴って、やって来る。 <sup foot_note=>1</sup>,
4652,（彼には、こう言われる。）「あなたは確かに、これ（復活の日*）に対して無頓着だった。だが、われら*はあなたから、あなたの覆い[1]を取ってやったのだ。それでこの日、あなたの目は研ぎ澄まされ（、現世で否定していたことを目の当たりにし）ている」。 <sup foot_note=>1</sup>,
4653,また、彼の同伴者（天使*）は言う。「これが、私のもとで用意されたもの[1]です」。 <sup foot_note=>1</sup>,
4654,（アッラー*は、二人の天使*に仰せられる。）「頑迷で、不信仰この上ない者を全て、地獄に放り込め。,
4655,善を断固として阻み、（アッラー*の僕たちと、その法を）侵犯し、疑惑的だった者（全てを）。,
4656,アッラー*と共に、外の神[1]を拝した者。その者を、厳しい懲罰に放り込むのだ」。 <sup foot_note=>1</sup>,
4657,彼の同伴者（シャイターン*）は、言う。「我らが主*よ、私が彼を放逸にしたのではありません。しかし、彼はそもそも遠い迷いの中にあったのです」。[1] <sup foot_note=>1</sup>,
4658,（アッラー*は仰せられる。）「（報いと清算の場である）われのもとで、議論するのではない。われは既に、あなた方に警告をしていたのだから。,
4659,われのもとで言葉が変更されることはなく[1]、われは僕たちに対する不正*者などではないのだ」。 <sup foot_note=>1</sup>,
4660,（使徒*よ、）われが地獄に「あなたは、一杯になったのか？」と言い、それ（地獄）が「（まだ）追加はありますか？」と言う日のこと（を、あなたの民に思い起こさせよ）。,
4661,そして天国は、敬虔な*者たちに遠くない場所へと、近づく。,
4662,（敬虔な*者たちよ、）これ（天国）は、あなた方に約束されていたもの。常に回帰し、遵守する全ての者[1]に。 <sup foot_note=>1</sup>,
4663,慈悲あまねき*お方（アッラー*）を（現世で）まだ見ぬままに恐れ[1]、（復活の日*、主*の御許に、悔悟して不断に）立ち返る心でやって来た者に。 <sup foot_note=>1</sup>,
4664,（彼ら信仰者たちには、こう言われる。）「あなた方は平安と共に、そこに入るがよい。それは永遠の日」。,
4665,彼らにはそこで自分たちが望むものがあり、われら*の御許には（更なる）上乗せ[1]がある。 <sup foot_note=>1</sup>,
4666,われら*が彼ら（シルク*の徒）以前、彼らよりも強力であり、国々を（思いのままに）往来した、どれだけの世代を滅ぼしてきたことか？一体、（その不信仰ゆえに懲罰が訪れた時、彼らに）逃げ道があったというのか？,
4667,本当にそこにはまさしく、（分別する）心を携えているか、あるいは注意深く傾聴する者にとっての教訓がある。,
4668,われら*は確かに、諸天と大地、その間にあるものを六日間で創った[1]。疲れ一つ、われら*に及ぶこともなしに。 <sup foot_note=>1</sup>,
4669,ならば（使徒*よ）、彼らの言うことに耐え、太陽が昇る前と日没前に、あなたの主*の称賛*と共に（かれを）称え*よ。,
4670,またの夜の一部にも、かれを称え、サジダ*の後にも（そうせよ）。[1] <sup foot_note=>1</sup>,
4671,（使徒*よ、）聴くがよい。呼びかける者が、近い場所から呼びかける[1]日。 <sup foot_note=>1</sup>,
4672,彼らが（轟く）一声を、真実と共に耳にする日。それは（墓場からの）召喚の日である。,
4673,本当に、われら*こそは（現世で）生を与え、死を与えるのであり、われら*にこそ（復活の日*の）行き先はある。,
4674,大地が散り散りに裂け、そこから彼らが慌てて出て来る日。それが召集、われら*には容易いこと。,
4675,われら*は、彼ら（シルク*の徒）が言うこと[1]を最もよく知っており、（使徒*よ、）あなたは彼らに対する圧制者ではない[2]。ならば、わが警告を怖れる者に、クルアーン*で戒めるのだ。 <sup foot_note=>1</sup>,
4676,ばらばらと、撒き散らすもの[1]にかけて、[2] <sup foot_note=>1</sup>,
4677,また、重厚なものを運ぶもの[1]にかけて、 <sup foot_note=>1</sup>,
4678,また、なめらかに走るもの[1]にかけて、 <sup foot_note=>1</sup>,
4679,また、ご命令を分配するものたち[1]にかけて（誓う）。 <sup foot_note=>1</sup>,
4680,本当に（人々よ）、あなた方に約束されていること（復活と清算）は、まさしく真実である。,
4681,そして本当に、応報は必ず起こる。,
4682,（創造）美を備えた天にかけて（誓う）。,
4683,本当に（噓つきたちよ）、あなた方は（使徒*とクルアーン*について、）まさに相異なる（混乱した）言説[1]の中にある。 <sup foot_note=>1</sup>,
4684,（アッラー*の明証に背を向けたため、信仰から）背かされた者は、そこ[1]から背かされる。 <sup foot_note=>1</sup>,
4685,噓つきたちが、成敗されますよう。,
4686,（彼らは）不注意にも、（不信仰と迷いの）奥底に漬かり切っている者たち。,
4687,彼らは、報いの日*はいつなのか、と（嘲笑しつつ）尋ねる。[1] <sup foot_note=>1</sup>,
4688,（その日とは）彼らが、業火で熱され（るという試練にかけられ）る日。,
4689,（彼らには、こう言われる。）「あなた方が（現世で）性急に求めていた（、業火の懲罰という）試練を、味わうがよい」。,
4690,本当に敬虔な*者たちは、楽園と泉の中にある。,
4691,彼らの主*が授けて下さった（お望みの）ものを、手にしつつ、本当に彼らは以前（現世で）、善を尽くす者[1]たちだったのだから。 <sup foot_note=>1</sup>,
4692,彼らが眠っていたのは、（タハッジュド[1]のため、）夜の僅かな時間だけだった。 <sup foot_note=>1</sup>,
4693,また明け方には、（アッラー*に罪の）赦しを乞うていた。[1] <sup foot_note=>1</sup>,
4694,また彼らの財産の内には、（他人に施しを）求める者にも、（それを）禁じられた者[1]にも、（与えることを決めた）権利があった。 <sup foot_note=>1</sup>,
4695,また大地には、（アッラーの唯一性*を）確信する者たちにとっての（、かれの全能性を示す）御徴がある。,
4696,そして、あなた方自身の（創造の）内にも。一体、あなた方は（それに無頓着で）目を開かないのか？,
4697,また天には、あなた方の糧と、あなた方に約束されているもの[1]がある。 <sup foot_note=>1</sup>,
4698,そして天地の主*にかけて、本当にそれ[1]はまさしく真理なのだ。ちょうど、あなた方が喋る（ことに対し、自分自身、その事実を疑うことがない）のと同様に。 <sup foot_note=>1</sup>,
4699,（使徒*よ、）あなたのもとに、イブラーヒーム*の貴い客人たち（人間の姿を借りた天使*たち）の話[1]は届いたか？ <sup foot_note=>1</sup>,
4700,彼ら（天使*たち）が、彼（イブラーヒーム*）のところに入り、「（あなたに）平安を[1]」と言った時。彼（イブラーヒーム*）は言った。「（あなた方にこそ、）平安を」。ーー彼らは、見慣れない民であるぞーー。 <sup foot_note=>1</sup>,
4701,それで彼（イブラーヒーム*）は家族の方へと席を外すと、肥えた仔牛（の焼き肉）を持って（客人のところへと）やって来た。,
4702,そして、それを彼らに差し出した。「どうぞ、召し上がって下さい」と言いつつ。,
4703,（しかし、彼らが手を出さなかったので、）彼（イブラーヒーム*）は彼らに恐怖心を抱いた。彼らは言った。「怖がらなくてもよい（、私たちはアッラー*からの御使いである）」。そして彼に、有識な男の子[1]の（誕生についての）吉報を告げた。 <sup foot_note=>1</sup>,
4704,すると彼（イブラーヒーム*）の妻（サーラ）は、（それを聞くと客人たちのところへと）声を上げて赴き、自分の顔を叩きつつ[1]、言った「（私は、）年寄りで、不妊ですのに！」 <sup foot_note=>1</sup>,
4705,彼ら（天使*たち）は言った。「そのように、アッラー*が仰せられたのだ。本当にかれこそは、英知あふれる*お方、全知者なのだから」。,
4706,彼（イブラーヒーム*）は、言った。「では、あなた方のご用件は何なのでしょう、御使いたちよ」。,
4707,彼らは、言った。「本当に私たちは、罪悪者である民[1]へと遣わされたのである。 <sup foot_note=>1</sup>,
4708,彼らの上に、泥土からなる石つぶてを送るため。,
4709,（放逸さと罪において）度を越している者たちに対し、あなたの主*の御許で印をつけられた（石つぶてを）」。[1] <sup foot_note=>1</sup>,
4710,こうしてわれら*は信仰者だった者たちを、そこ（ルート*の民の町[1]）から脱出させた。 <sup foot_note=>1</sup>,
4711,われら*はそこに、服従する者（ムスリム*）たちの一家[1]しか、見出さなかった。 <sup foot_note=>1</sup>,
4712,そしてわれら*は、痛ましい懲罰を怖れる者たちへの御徴[1]を、そこに残したのである。 <sup foot_note=>1</sup>,
4713,ムーサー*にも（、われら*は御徴を残した）。われら*が彼を、紛れもない明証[1]と共にフィルアウン*へと遣わした時のこと。 <sup foot_note=>1</sup>,
4714,そして彼（フィルアウン*）は、自らの後ろ盾[1]と共に（信仰から）背き、言った。「（ムーサー*）は）魔術師か、あるいは憑かれた者[2]である」。 <sup foot_note=>1</sup>,
4715,それで、われら*は彼とその軍勢を捕らえ、彼らを海原へと放り棄てた[1]。彼（フィルアウン*）は、（その不信仰ゆえ）、咎められる者であった。 <sup foot_note=>1</sup>,
4716,アード*にも（、われら*は御徴を残した）。われら*が彼らに、不吉な風を送った時のこと。,
4717,それは、それが届いたいかなるものも、朽ち果てた骨とせずにはおかなかった。,
4718,サムード*にも（、われら*は御徴を残した）。彼らに「暫くの間、楽しんでいいるがよい」と言われた時のこと。,
4719,そして彼らは自分たちの主*のご命令に反抗した[1]ので、彼らの眼前で、稲妻が彼らを捕らえた。 <sup foot_note=>1</sup>,
4720,それで彼らは（懲罰から）立ち上がることも叶わなければ、（自分たちを）救うことも出来なかった。,
4721,（彼ら）以前には、ヌーフ*の民も（、滅ぼした）。本当に彼らは、放逸な民だったのだから。,
4722,われら*は天を、偉力によって築いた。われら*こそは、まさに力量あふれる者なのだ。,
4723,また、大地。われら*はそれを敷き広げた。そして均し整える者の、何と素晴らしいことか。,
4724,また、われら*はあらゆるものに番い[1]を創った。（それは）あなた方が、教訓を受けるようにするためである。 <sup foot_note=>1</sup>,
4725,ならば（使徒*よ、こう言うのだ、）「（人々よ、）アッラー*へと避難せよ[1]。本当に私は、かれからの明白なる警告者なのである」。 <sup foot_note=>1</sup>,
4726,そしてアッラー*と共に、別の神[1]を（崇拝*の対象として）拝してはならない。本当に私は、かれからの明白なる警告者なのである」。 <sup foot_note=>1</sup>,
4727,（クライシュ族*の不信仰者*たちと）同様に、彼ら以前の（不信仰）者*たちのもとに使徒*が到来した時には、彼らは決まって「（彼は）魔術師か、憑かれた者[1]だ」と言ったものだった。 <sup foot_note=>1</sup>,
4728,一体、彼らはそのことを勧め合っていたのか？[1]いや、彼らは放逸な民であった。 <sup foot_note=>1</sup>,
4729,ならば（使徒*よ）、彼ら（シルク*の徒）に背を向けよ[1]。あなたは（誰からも）、咎められる者ではないのだから。 <sup foot_note=>1</sup>,
4730,そして（同時に、人々に）教訓を与えよ。本当に教訓は、信仰者たちの役に立つのだから。,
4731,われがジン*と人間を創造したのは、彼らがわれ（のみ）を崇拝*するために外ならない。,
4732,われは彼らから糧が欲しいわけでもなければ、彼らがわれに食べさせてくれるのを欲しているわけでもない。,
4733,実にアッラー*こそは糧を授けられるお方、強力さの主、力みなぎるお方なのだから。,
4734,ならば。（預言者*ムハンマド*を噓つき呼ばわりするという（不正*を働いた者たちにこそは、彼らの仲間たち[1]の罰と同様の罰がある。彼らはわれに、（それを）性急に求めてはならない[2]。 <sup foot_note=>1</sup>,
4735,不信仰である者*たちに、彼らが（懲罰を）約束されている、彼らの日[1]の災いあれ。 <sup foot_note=>1</sup>,
4736,山[1]にかけて、 <sup foot_note=>1</sup>,
4737,また、書き記された啓典[1]にかけて、 <sup foot_note=>1</sup>,
4738,（それは、）広げられた紙片の中。,
4739,また、詣でられる館[1]にかけて、 <sup foot_note=>1</sup>,
4740,また、掲げられた天井[1]にかけて、 <sup foot_note=>1</sup>,
4741,そして溢れかえる海[1]にかけて（誓う）。 <sup foot_note=>1</sup>,
4742,（使徒*よ、）実に（不信仰者*たちに対する）あなたの主*の懲罰は、必ずや起こるのだ。,
4743,それを押し戻す者は、誰もいない。,
4744,天が揺れに揺れ動く（、復活の）日。,
4745,そして、山々が激しく移動する（日）。[1] <sup foot_note=>1</sup>,
4746,ならば、その日、（アッラー*とその使徒*を否定した）噓つきたちに災いあれ。,
4747,戯言の中でふざけている者たちに。,
4748,彼ら（噓つきたち）が、地獄の業火へと荒々しく押しやられる日。,
4749,（彼らには、こう言われる。）「これが、あなた方が、嘘呼ばわりしていた業火である。,
4750,一体、これ（懲罰）は魔術なのか？それとも、あなた方には見えないのか？,
4751,そこに入って炙られよ。そして（その苦痛を）我慢しても、我慢しなくてもよい、（いずれにせよ、）あなた方には同じこと。あなた方は、自分たちが（現世で）行っていたことに対して、報われるのみなのだから」。,
4752,実に敬虔な*者たちは、楽園と安楽の中にある。,
4753,彼らの主*が、自分たちにお授けになったものに喜々としつつ。彼らの主*は、彼らを火獄の懲罰から守って下さったのである。,
4754,自分たちが（現世で）行っていたこと（の報い）ゆえに、おいしく食べ、飲むのだ。[1] <sup foot_note=>1</sup>,
4755,互いに向かい合いつつ[1]、整列した寝台の上に。われら*は彼らに、麗しい眼の色白の女性たち[2]を連れ添わせる。 <sup foot_note=>1</sup>,
4756,また、（自分自身が）信仰に入り、その子孫も信仰心と共に彼らに従った者たち、われら*はその子孫を（、その行いが、たとえ彼らの父祖ほどではなくても、天国で）彼らと一緒にしてやり、彼ら（父祖）の行いからは何一つ差し引きしない。全ての者は、自分が稼ぐことによって（解放されるかどうかが決まる、）差し押さえられた者[1]なのだから。 <sup foot_note=>1</sup>,
4757,また、われら*は彼らに、彼らが欲する果実と肉をふんだんに与えた。,
4758,彼らはそこで、盃を交わし合う。そこには戯言もなければ、罪深さもない。[1] <sup foot_note=>1</sup>,
4759,また、彼らの（奉仕）のための少年たちが、彼らの周りを回って歩く。彼らは秘められた真珠のよう。,
4760,そして彼らは互いに近づき、（自分たちが天国に入った理由について）質問し合う。,
4761,彼らは言う。「本当に私たちは以前（現世にいる時）、家族のもとで、（主*とその懲罰を）怯える者であった。,
4762,それでアッラー*は私たちに（導きを）お恵みになり、私たちを（地獄の）熱風の懲罰から守って下さった。,
4763,本当に私たちは以前、（天国に入り、地獄から救われることを、）かれ（だけ）に祈っていたのだ。実にかれこそは、善きお方、慈愛深い*お方なのだから」。,
4764,ならば（使徒*よ、クルアーン*で）戒めよ。あなたはあなたの主*の恩恵[1]ゆえ、占い師[2]でも憑かれた者[3]でもないのだから。 <sup foot_note=>1</sup>,
4765,いや、彼ら（シルク*の徒）は言うのか？「（ムハンマド*は）詩人である。私たちは彼に、死の到来を待ち望んでいるのだ」。,
4766,（使徒*よ、）言ってやれ。「（それを）待ち望んでいるがよい。本当に私も、あなた方と共に待ち望む者[1]なのだから」。 <sup foot_note=>1</sup>,
4767,いや、彼らの知性が、彼らにこれを命じているのか？いや、彼らは放埓な民である。[1] <sup foot_note=>1</sup>,
4768,いや、彼ら（シルク*の徒）は言うのか？「彼（ムハンマド*）が、それ（クルアーン*）を仕立て上げたのだ[1]」。いや、彼らは信じていない。 <sup foot_note=>1</sup>,
4769,ならば彼らに、それ（クルアーン*）と同様の話を持って来させよ。もし、彼らが本当のことを言っているのならば。[1] <sup foot_note=>1</sup>,
4770,いや、彼らはいかなるものもなしに[1]、創られたというのか？それとも彼らが創造者なのか？ <sup foot_note=>1</sup>,
4771,それとも、彼らが諸天と大地を創ったのだと？いや、彼らは（アッラー*の懲罰を）確信していない。,
4772,いや、彼らのもとには、あなたの主*の宝庫[1]があ（り、それを自由にすることが出来）るのか？それとも、彼らが（アッラー*の創造物に対する）制圧者だとも？ <sup foot_note=>1</sup>,
4773,それとも彼らには、（彼らの主張を裏づける啓示を）開くことの出来る（、天にかける）梯子があるというのか？ならば、聞いている（と主張する）者に、明らかな根拠を持って来させるがよい。,
4774,それとも、かれ（アッラー*）には娘があり、あなた方には息子があるとでも？[1] <sup foot_note=>1</sup>,
4775,いや（、使徒*よ）、あなたが彼らに見返りを要求し[1]、それで彼らは負債ゆえの重荷を背負わされ（、あなたの呼びかけを拒否する者だというのか？ <sup foot_note=>1</sup>,
4776,それとも、彼らのもとには不可視の世界*（の知識）があり[1]、それで彼らが（そこから、人々のために）書き記している[2]とでも？ <sup foot_note=>1</sup>,
4777,いや、彼らは（信仰者たちに）策略を望んでいる。そして不信仰に陥った者*たちこそが、策略されている身なのだ。[1] <sup foot_note=>1</sup>,
4778,それとも彼らには、アッラー*以外の神[1]があるといのか？彼らがシルク*を犯しているものから（無縁な）、アッラー*に称え*あれ。 <sup foot_note=>1</sup>,
4779,もし彼らが、天の破片が落下して来るのを目にしても、（不信仰をやめることなく、）「（これは）積み重なった雲だ」などと言ったであろう。[1] <sup foot_note=>1</sup>,
4780,ならば（使徒*よ）、彼らが卒倒するその日[1]に遭遇するまで、彼らを放っておくがよい。 <sup foot_note=>1</sup>,
4781,彼らの策略が少しも自分たちに役立つことがなく、彼らが（アッラー*の懲罰から）助けられることもない日に。,
4782,本当に不正*を働いた者たちには、（その目の前にも、）その他の懲罰がある。しかし彼らの大半は、（そのことを）知らないのだ。,
4783,（使徒*よ、）あなたの主*のお決めになったことゆえに、忍耐*せよ。本当にあなたは、われら*の眼差しのもとにあるのだから[1]。そして立つ時[2]に、あなたの主*の称賛*と共に（かれを）称え*よ。 <sup foot_note=>1</sup>,
4784,また、夜にもかれを称え*、星々が去った時[1]にも（、そうするのだ）。 <sup foot_note=>1</sup>,
4785,星[1]にかけて（誓う）。それが、落ち（て消え）た時。[2] <sup foot_note=>1</sup>,
4786,あなた方の同胞（ムハンマド*）は（導きから）迷ったのでもなく、（信念を）誤ったのでもない。,
4787,また、彼は私欲で語っているのでもない。,
4788,それ[1]は、下される啓示以外の何ものでもないのだ。 <sup foot_note=>1</sup>,
4789,強力な者（ジブリール*）が、彼（ムハンマド*）にそれを教えた。,
4790,力を備えた者が。そして彼（ジブリール*）は真っ直ぐに立った、,
4791,空の向こうの最も高いところに[1]。 <sup foot_note=>1</sup>,
4792,それから（使徒*に）近づき、降りてきた。,
4793,それで彼は（使徒*から）弓矢二本分か、それ以下（の近さ）であった。,
4794,そしてかれ（アッラー*）は、かれが（ジブリール*に）啓示したことを、その僕に啓示した[1]。 <sup foot_note=>1</sup>,
4795,（使徒*の）その心は、彼が目の当たりにしたことについて、嘘をついたのではない。,
4796,一体あなた方は、彼が見たことについて議論するというのか？,
4797,彼（使徒*）は確かに、彼（ジブリール*）をもう一度、目にした。[1] <sup foot_note=>1</sup>,
4798,最果てのスィドラ[1]のもとで。 <sup foot_note=>1</sup>,
4799,そこには、（敬虔な*者たちの）住処としての楽園がある。,
4800,覆うものが、スィドラを覆っている時（、使徒*は見たのだ）。[1] <sup foot_note=>1</sup>,
4801,（使徒*の）その目は、（彼が見ることを命じられたものから、）逸れることも、超えることもなかった。,
4802,彼は確かに、彼の主*の最も偉大な御徴の一部[1]を、目にしたのである。 <sup foot_note=>1</sup>,
4803,（シルク*の徒よ、）言ってみよ、アッ＝ラートとアル＝ウッザー[1]について、 <sup foot_note=>1</sup>,
4804,また、別の三番目、マナートについて（、それらが害する力や益する力を有しているのかを）。,
4805,一体、あなた方には息子があり、かれ（アッラー*）には娘があるというのか？[1] <sup foot_note=>1</sup>,
4806,だとしたら、それは不当な配分である。,
4807,それらは、あなた方と、あなた方の先祖が名付けた名前[1]に過ぎない。アッラー*はそれら（の崇拝*）に、いかなる（正当な）根拠も下されなかったのだ。彼らは憶測と、自分たちが欲するものに従っている外ならない。彼らのもとには、彼らの主*からの導きが、確かに到来したのである。 <sup foot_note=>1</sup>,
4808,いや、一体、人間には（それらの偶像から、）望み通りのもの[1]があるというのか？ <sup foot_note=>1</sup>,
4809,アッラー*にこそ、最後のもの（来世）と最初のもの（現世）が属するというのに。,
4810,一体、諸天にいるどれだけ多くの天使*の執り成しが、少しも役に立たないことであろうか。アッラー*が、かれがお望みにある者に（執り成しの）許可を授けられ、（執り成しを受ける者に対し、）ご満足する後でなければ。[1] <sup foot_note=>1</sup>,
4811,本当に、来世を信じない者たちこそが、天使たちを女性の名で名付ける[1]のである。 <sup foot_note=>1</sup>,
4812,彼らには、それについてわずかばかりの知識もないというのに。彼らは憶測に従っているに外ならない。実に、憶測は真理[1]に対して何の役にも立たないのだが。 <sup foot_note=>1</sup>,
4813,ならば（使徒*よ）、われら*の教訓（クルアーン*）から背を向け、現世しか欲することがなかった者から、背き去れ[1]。 <sup foot_note=>1</sup>,
4814,それが、彼らの知識の限界[1]。本当にあなたの主*こそは、かれの道から迷う者を最もよくご存知のお方であり、かれこそは導かれた者を最もよくご存知なのだから。 <sup foot_note=>1</sup>,
4815,アッラー*にこそ、諸天にあるものと大地にあるものは属する。かくして、かれは悪い行いだった者たちを彼らが行ったものによって報われ、善を尽くした者[1]たちを最善のもの（天国）で報われる。 <sup foot_note=>1</sup>,
4816,些細なもの[1]は別として、罪の内の大きなもの（大罪*）と醜行[2]を避ける者たちを（、最善のもので報われる）。実にあなたの主*は、赦しの念の深いお方なのだから。かれは、あなた方（の父アーダム*）を大地からお創りになった時、そしてあなた方が自分たちの母親のお腹で胎児だった時（から）、あなた方について最もよくご存知なのだぞ。ならば、自分自身を（罪から）潔白であると主張してはならない。かれは敬虔*である者を、最もよくご存知なのだ。 <sup foot_note=>1</sup>,
4817,（使徒*よ、）言ってみよ、（アッラー*への服従に）背き、[1] <sup foot_note=>1</sup>,
4818,（自分の財産から）少しだけ与え、（吝嗇さゆえに、施しを）打ち切った者（について）。,
4819,一体、彼のもとには不可視の世界*の知識があり、彼は（それを）目にしているというのか？[1] <sup foot_note=>1</sup>,
4820,いや、彼はムーサー*の書巻にあることを、知らされなかったのか？,
4821,そして、（アッラー*の命令を）全うした、イブラーヒーム*の（書巻にあること）を？,
4822,（罪の）重荷を背負う者は、他者（が犯した罪）の重荷まで背負うことがない、ということを（、知らされなかったのか）？,
4823,また人間には、自分が努力したもの（の報い）しかない、ということを？[1] <sup foot_note=>1</sup>,
4824,また、その努力はやがて（来世で）目に見えるものとなり、,
4825,それから全き応報で、それを報われるのだということを？,
4826,また（復活の日*、全創造物の）行き着く先は、（使徒*よ、）あなたの主*にこそあるということを？,
4827,また、本当にかれこそが笑わせ、泣かせるのだということを？,
4828,また、本当にかれこそが死なせ、生かすのだということを？,
4829,また、かれが雌雄の番いを創造されたのだということを？,
4830,一滴の精液から、それが（子宮へ）注がれる時に。,
4831,また、かれにこそ（復活の日*）、もう一つの創造[1]が委ねられているということを？ <sup foot_note=>1</sup>,
4832,また、かれこそが（お望みの者を）富ませ、所有させ（、満足させ）られるのだということを？,
4833,また、かれこそはシリウス[1]の主*だということを？ <sup foot_note=>1</sup>,
4834,また、かれこそが最初の[1]アード*を滅ぼされ、 <sup foot_note=>1</sup>,
4835,サムード*も（滅ぼし）、（一人たりとも）残してはおかず、,
4836,（彼ら）以前には、ヌーフ*の民も（滅ぼされた）、ということを？本当に彼らこそは、（それ以後の者たち）より不正*がひどく、より放埓だったのだ。,
4837,また、転覆した町々。（アッラー*はそれらをひっくり返し、）墜落させられ、[1] <sup foot_note=>1</sup>,
4838,そして覆うものが、それらを覆った[1]。 <sup foot_note=>1</sup>,
4839,ならば一体、（不信仰な人間よ、）あなたは自分の主*のいずれの恩徳[1]について、懐疑しているのか？ <sup foot_note=>1</sup>,
4840,これ[1]は、先代の警告者たちの内の警告者なのである。 <sup foot_note=>1</sup>,
4841,近づくもの（復活の日*）は、近づいた。,
4842,アッラー*をよそに、それ（の到来の時）を明かすもの[1]はない。 <sup foot_note=>1</sup>,
4843,（シルク*の徒よ、）一体あなた方は、この話に驚いているのか？,
4844,そして（嘲笑して）笑うだけで、（警告を怖れて）泣きはしないのか？,
4845,得意然となっ（て、そこから背いた）たままで？,
4846,ならばアッラー*にサジダ*し、（かれを）崇拝*するのだ。（読誦のサジダ*）,
4847,（復活の）時は近づき[1]、月は（真っ二つに）裂けた[2]。 <sup foot_note=>1</sup>,
4848,そして、たとえ（使徒*ムハンマド*の正しさを示す）御徴を目にしても、彼ら（シルク*の徒）は（その信仰に）背を向け、言うのだ。「（これは、）消え失せる魔術[1]である」。 <sup foot_note=>1</sup>,
4849,また、彼らは（預言者*を）噓つき呼ばわりし、自分たちの私欲に従った。事の全ては（復活の日*）、決着を見る。,
4850,彼らのもとには、（使徒*を噓つき呼ばわりした、過去の民の）消息である、戒めを（十分に）含んだものが、確かに到来したのだ。,
4851,（それは）確固とした英知である。そして（それに背を向ける者たちに）警告が役立つことなど、あろうか？,
4852,ゆえに（使徒*よ）、彼らに背を向けるがよい。呼ぶ者[1]が、創造を絶すること[2]へと呼ぶ（復活の）日、 <sup foot_note=>1</sup>,
4853,彼らは怖気づいた眼をしつつ、まるで散らばるイナゴのように墓場から出て来る、,
4854,呼ぶ者のところへ、あたふたと。不信仰者*たちは、言う。「これは過酷な日だ」。,
4855,彼ら（マッカ*の不信仰者*ら）以前、ヌーフ*の民が噓つき呼ばわりした。彼らは、われら*の僕（ヌーフ*）を噓つき呼ばわりして、「（彼は）憑かれた者[1]だ」と言い、（ヌーフ*は布教することを）戒められた[2]。 <sup foot_note=>1</sup>,
4856,それで彼（ヌーフ*）は、「本当に私は抑圧された者です。（私を）お助け下さい[1]」と、その主*に祈った。 <sup foot_note=>1</sup>,
4857,こうしてわれら*は降りつける（大量の雨）水と共に、天の諸門を開いた。,
4858,また、大地を（沢山の）泉で噴き出させ、（天と大地からの）水は既に定められていた命令の通り、合流した。,
4859,そして、われら*は彼（と、彼と共にあった者たち）を、数々の板と釘からなる者（船）で運んだ。[1] <sup foot_note=>1</sup>,
4860,それは信じてはもらえなかった者（ヌーフ*）への報いとして、われら*の眼差しのもと[1]走った。 <sup foot_note=>1</sup>,
4861,われら*は確かに、それを（われら*の力を証明する）御徴として残しておいた。では、（この話から）教訓を得る者はいるのか？,
4862,わが懲罰と警告は、いかなるものだったか？,
4863,われら*は確かにクルアーン*を、教訓を得るに容易い者とした[1]。では、（それから）教訓を得る者はいるのか？ <sup foot_note=>1</sup>,
4864,アード*は、（フード*を）噓つき呼ばわりした。わが懲罰と警告は、いかなるものだったか？,
4865,本当にわれら*は、立て続く大難の日[1]に、彼らに対して咆哮の暴風を送った。 <sup foot_note=>1</sup>,
4866,人々を、引っこ抜かれたナツメヤシの木の根幹のように、根こそぎにする（暴風を）。,
4867,わが懲罰と警告は、いかなるものだったか？,
4868,われら*は確かにクルアーン*を、教訓を得るに容易い者とした[1]。では、（それから）教訓を得る者はいるのか？ <sup foot_note=>1</sup>,
4869,サムード*は、（サーリフ*からの）警告を嘘呼ばわりした。,
4870,彼らは言った。「一体、私たちの内の一介の人間に、私たちが従うとでも？そうしたら、本当に私たちは、迷いと狂気の中にあることになる。,
4871,一体、私たちを差しおいて、彼の上に教訓（啓示）が下されたと？いや、彼は大噓つきで自惚れ屋だ」。,
4872,近い日に、彼らは知るであろう。誰が大噓つきで自惚れ屋かを。,
4873,本当にわれらは、彼らへの試練ゆえ、雌ラクダを送る者である。ゆえに（サーリフ*よ、）彼ら（に何が起こるか）を見守り、よく忍耐*せよ。[1] <sup foot_note=>1</sup>,
4874,そして彼らに伝えるのだ。水は、彼ら（と雌ラクダ）の間で（、隔日の）割り当てであるということを。水の各々の順番は、（順番の主にのみ）立ち会われるものである[1]。 <sup foot_note=>1</sup>,
4875,こうして彼らは（、雌ラクダを殺すために）自分たちの仲間[1]を呼び、彼は（それを）捕まえ、（その）腱を切った[2]。 <sup foot_note=>1</sup>,
4876,わが懲罰と警告は、いかなるものだったか？,
4877,本当にわれら*は、彼らに轟きの一声[1]を送り、それで彼らは柵の枯れ枝のようになってしまった。 <sup foot_note=>1</sup>,
4878,われら*は、確かにクルアーン*を、教訓を得るに容易いものとした[1]。では、（それから）教訓を得る者はいるのか？ <sup foot_note=>1</sup>,
4879,ルート*の民は、警告を、嘘呼ばわりした。,
4880,本当にわれら*は彼らに、石を降らす風を送った。ルートの一族は別で、われら*は明け方に、彼ら（ルート*の一族）を救い出した。[1] <sup foot_note=>1</sup>,
4881,われら*のもとからの、恩恵ゆえに。（ルート*とその一族にそうしたのと）同様に、われら*は（われら*を信仰し、）感謝した者に報いるのだ。,
4882,彼（ルート*）は確かに彼らに対し、われら*の（懲罰による）制圧を警告した。にも関わらず、彼らは警告に対して懐疑的だったのだ。,
4883,彼らは確かに彼（ルート*）を、その客人（への醜行を求めるが（ゆえに、言いくるめようと試みた[1]。それでわれら*は、彼らの眼を消したのである。（彼らには、こう言われた。）「わが懲罰と警告を味わうがよい」。 <sup foot_note=>1</sup>,
4884,そして早朝には、恒久的な懲罰が確かに、彼らを襲った。,
4885,（彼らには、こう言われた。）「わが懲罰と警告を味わうがよい」。,
4886,われら*は確かにクルアーン*を、教訓を得るに容易い者とした[1]。では、（それから）教訓を得る者はいるのか？ <sup foot_note=>1</sup>,
4887,フィルアウン*の一族のもとに、（不信仰に対する懲罰の）警告が、確かに到来した。,
4888,彼らは、われら*の御徴[1]を全て噓つき呼ばわりしたので、われら*は彼らを偉力ならびなく全能なる者の掌握で捕らえた。 <sup foot_note=>1</sup>,
4889,一体（クライシュ族*よ、）あなた方の不信仰者*たちの方が、それらの（滅ぼされた不信仰）者*たちよりも優れているのか？それとも、あなた方には書巻[1]の中に（、アッラー*の懲罰からの）無事が（保証されて）あるというのか？ <sup foot_note=>1</sup>,
4890,いや、彼らは「私たちは全員、勝利者である」などと言うのか？,
4891,（不信仰者*の）集団はじきに打倒され、背中を見せ（敗走す）るのだ。[1] <sup foot_note=>1</sup>,
4892,いや、（復活の）時が、彼らの約束の時。その時はより過酷で、苦痛にあふれている。,
4893,本当に罪悪者たちは、迷いと烈火の中にある。,
4894,その日、彼らは顔から逆さまになって業火の中を引きずられ、（こう言われる、）「焦炎の感触を味わうがよい」。,
4895,本当にわれら*は全てのものを、定と共に創造した[1]。 <sup foot_note=>1</sup>,
4896,そして、われら*の命令は一瞥のごとき（「あれ」という）一言[1]に過ぎない。 <sup foot_note=>1</sup>,
4897,われら*は、確かに（不信仰だった）彼らの同類たちを滅ぼした。では、（そのことから）教訓を得る者はいるのか？,
4898,そして彼らがした全ての物事は、書巻の中に（記録されて）あり、,
4899,小さいことも、大きいことも、全て書き留められているのだ。[1] <sup foot_note=>1</sup>,
4900,本当に敬虔な*者たちは（復活の日*）、楽園と河川のもとにある。,
4901,全能の王者（アッラー*）の御許の、善き座り場所に。,
4902,慈悲あまねき*お方、,
4903,かれがクルアーン*を教えて下さり、,
4904,人間を創造しされ、,
4905,彼に（自分の内面にあるものの、）説明を教えて下さった。,
4906,太陽と月は（精密な）計算のもとに（運行し）、,
4907,草と木[1]は、サジダ*する[2]。 <sup foot_note=>1</sup>,
4908,そしてかれは天を上げ、秤[1]を置かれた。 <sup foot_note=>1</sup>,
4909,あなた方が秤において、度を越さないよう。,
4910,そして重さを公正に量り、秤を損ねてはならない。,
4911,また大地は、それを創造物[1]のために置かれた。 <sup foot_note=>1</sup>,
4912,そこには果実や、苞[1]をつけたナツメヤシの木がある。 <sup foot_note=>1</sup>,
4913,そして茎葉を有する種粒と、芳しいもの[1]が。 <sup foot_note=>1</sup>,
4914,ならば（ジン*と人間よ）、あなた方双方は自分たちの主*の、いずれの恩徳を嘘呼ばわりするというのか？,
4915,かれ（アッラー*）は人間（の祖アーダム*）を、陶土のような乾いた土からお創りになり、[1] <sup foot_note=>1</sup>,
4916,ジン*（イブリース*）は、炎の混じり合ったもの[1]から創られた。 <sup foot_note=>1</sup>,
4917,ならば（ジン*と人間よ）、あなた方双方は自分たちの主*の、いずれの恩徳を嘘呼ばわりするというのか？,
4918,（アッラー*は）二つの東と、二つの西の主*。[1] <sup foot_note=>1</sup>,
4919,ならば（ジン*と人間よ）、あなた方双方は自分たちの主*の、いずれの恩徳を嘘呼ばわりするというのか？,
4920,かれは二つの海[1]を出合わせて、合流するものとされた。 <sup foot_note=>1</sup>,
4921,その二つの間には、お互いに越え合うことのない障壁がある。[1] <sup foot_note=>1</sup>,
4922,ならば（ジン*と人間よ）、あなた方双方は自分たちの主*の、いずれの恩徳を嘘呼ばわりするというのか？,
4923,その二つからは、真珠と赤珊瑚が産する。[1] <sup foot_note=>1</sup>,
4924,ならば（ジン*と人間よ）、あなた方双方は自分たちの主*の、いずれの恩徳を嘘呼ばわりするというのか？,
4925,かれ（アッラー*）には、山々のような建造物である、海を走るもの[1]が属する。 <sup foot_note=>1</sup>,
4926,ならば（ジン*と人間よ）、あなた方双方は自分たちの主*の、いずれの恩徳を嘘呼ばわりするというのか？,
4927,そこ（大地）にある全てのものは、消え行く。,
4928,そしてあなたの主*の、高貴さと荘厳さを湛えた御顔だけが残る。,
4929,ならば（ジン*と人間よ）、あなた方双方は自分たちの主*の、いずれの恩徳を嘘呼ばわりするというのか？,
4930,諸天と大地にある者は、かれに（自分たちの必要なものを）乞う。毎日、かれは事にあたっておられる[1]。 <sup foot_note=>1</sup>,
4931,ならば（ジン*と人間よ）、あなた方双方は自分たちの主*の、いずれの恩徳を嘘呼ばわりするというのか？,
4932,重き双方の者たちよ[1]、じきにわれら*は、あなた方（の現世での行いの清算と報いの仕事）に、取りかかろう。 <sup foot_note=>1</sup>,
4933,ならば（ジン*と人間よ）、あなた方双方は自分たちの主*の、いずれの恩徳を嘘呼ばわりするというのか？,
4934,ジン*と人間の衆よ、もしあなた方が（アッラー*のご命令とご決定から逃れようと）、諸天と大地の端々から脱出できるのであれば、脱出してみよ。あなた方は（アッラー*の）権威なしには、脱出することなど出来ないのだ。[1] <sup foot_note=>1</sup>,
4935,ならば（ジン*と人間よ）、あなた方双方は自分たちの主*の、いずれの恩徳を嘘呼ばわりするというのか？,
4936,あなた方双方には、業火からの無煙の炎と（溶けた）銅[1]が送られ、助けを得ることはない。 <sup foot_note=>1</sup>,
4937,ならば（ジン*と人間よ）、あなた方双方は自分たちの主*の、いずれの恩徳を嘘呼ばわりするというのか？,
4938,（復活の日*、）天が裂け、真紅となり、溶けた脂[1]のようになる時（、あなた方は恐るべきものを目にする）。[2] <sup foot_note=>1</sup>,
4939,ならば（ジン*と人間よ）、あなた方双方は自分たちの主*の、いずれの恩徳を嘘呼ばわりするというのか？,
4940,その日、人間もジン*も、自分の罪について、尋ねられることはない。[1] <sup foot_note=>1</sup>,
4941,ならば（ジン*と人間よ）、あなた方双方は自分たちの主*の、いずれの恩徳を嘘呼ばわりするというのか？,
4942,罪悪者たちは、その目印によって認められ、前髪と足を掴まれ[1]（て、地獄へと放り投げられ）る。 <sup foot_note=>1</sup>,
4943,ならば（ジン*と人間よ）、あなた方双方は自分たちの主*の、いずれの恩徳を嘘呼ばわりするというのか？,
4944,これが、罪悪者たちが（現世で）噓呼ばわりしている地獄。,
4945,彼らはそれ（火獄）と、煮えたぎる熱湯の間を回る。,
4946,ならば（ジン*と人間よ）、あなた方双方は自分たちの主*の、いずれの恩徳を嘘呼ばわりするというのか？,
4947,そして（清算の日における）自らの主*の立ち所を怖れ（、かれに服従し、かれへの反抗を断っ）た者には、二つの楽園がある。,
4948,ならば（ジン*と人間よ）、あなた方双方は自分たちの主*の、いずれの恩徳を嘘呼ばわりするというのか？,
4949,（果実をつけた豊かな）樹枝を擁する（、二つの楽園が）。,
4950,ならば（ジン*と人間よ）、あなた方双方は自分たちの主*の、いずれの恩徳を嘘呼ばわりするというのか？,
4951,その二つの（楽園の）中には、二つの泉が流れている。,
4952,ならば（ジン*と人間よ）、あなた方双方は自分たちの主*の、いずれの恩徳を嘘呼ばわりするというのか？,
4953,その二つの（楽園の）中には、あらゆる果実に二つの種類がある。[1] <sup foot_note=>1</sup>,
4954,ならば（ジン*と人間よ）、あなた方双方は自分たちの主*の、いずれの恩徳を嘘呼ばわりするというのか？,
4955,その内側が、重厚な絹地製[1]の（敷き物である）寝床に寄りかかりつつ（、彼らはそこで楽しむ）。二つの楽園の果実が、（彼らの）手近にある中で。 <sup foot_note=>1</sup>,
4956,ならば（ジン*と人間よ）、あなた方双方は自分たちの主*の、いずれの恩徳を嘘呼ばわりするというのか？,
4957,そこ（寝床）には、（自分の夫だけに）視線を定めた女性[1]たちがいる。彼女たちには彼ら以前、いかなる人間も、ジン*も触れてはいない。 <sup foot_note=>1</sup>,
4958,ならば（ジン*と人間よ）、あなた方双方は自分たちの主*の、いずれの恩徳を嘘呼ばわりするというのか？,
4959,彼女たちは、まるでルビーと赤珊瑚[1]のよう。 <sup foot_note=>1</sup>,
4960,ならば（ジン*と人間よ）、あなた方双方は自分たちの主*の、いずれの恩徳を嘘呼ばわりするというのか？,
4961,一体、（現世での）善の報いは、（来世での）善に外ならないのではないか？,
4962,ならば（ジン*と人間よ）、あなた方双方は自分たちの主*の、いずれの恩徳を嘘呼ばわりするというのか？,
4963,そして、その二つの（楽園の）外に、（もう）二つの楽園がある。,
4964,ならば（ジン*と人間よ）、あなた方双方は自分たちの主*の、いずれの恩徳を嘘呼ばわりするというのか？,
4965,（緑濃く）黒ずんだ二つの（楽園が）。,
4966,ならば（ジン*と人間よ）、あなた方双方は自分たちの主*の、いずれの恩徳を嘘呼ばわりするというのか？,
4967,その二つの（楽園の）中には、二つのほとばしる泉がある。,
4968,ならば（ジン*と人間よ）、あなた方双方は自分たちの主*の、いずれの恩徳を嘘呼ばわりするというのか？,
4969,その二つの（楽園の）中には、（各種の）果実、ナツメヤシの木、ザクロがある。[1] <sup foot_note=>1</sup>,
4970,ならば（ジン*と人間よ）、あなた方双方は自分たちの主*の、いずれの恩徳を嘘呼ばわりするというのか？,
4971,それら（全ての楽園）の中には、善良で麗しき女性たちがいる。[1] <sup foot_note=>1</sup>,
4972,ならば（ジン*と人間よ）、あなた方双方は自分たちの主*の、いずれの恩徳を嘘呼ばわりするというのか？,
4973,天幕の中に滞留させられ（守られ）た、色白の女性たち。[1] <sup foot_note=>1</sup>,
4974,ならば（ジン*と人間よ）、あなた方双方は自分たちの主*の、いずれの恩徳を嘘呼ばわりするというのか？,
4975,彼女たちには彼ら以前、いかなる人間も、ジン*も触れてはいない。,
4976,ならば（ジン*と人間よ）、あなた方双方は自分たちの主*の、いずれの恩徳を嘘呼ばわりするというのか？,
4977,緑色のクッション[1]と、精妙な敷き物に寄りかかりつつ（、彼らはそこで楽しむ）。 <sup foot_note=>1</sup>,
4978,ならば（ジン*と人間よ）、あなた方双方は自分たちの主*の、いずれの恩徳を嘘呼ばわりするというのか？,
4979,高貴さと荘厳さを湛えた、あなたの主*の御名は、祝福にあふれていることよ。,
4980,（復活の日*という）出来事が起こる時。,
4981,それが起きるのを、嘘とする者はいない。,
4982,（その出来事は、ある民を地獄へと）下げ、（ある民を天国へと）上げる。,
4983,大地は激しく揺れ動き、,
4984,山々は細かく砕け散って、,
4985,ばらばらの塵屑となり、[1] <sup foot_note=>1</sup>,
4986,あなた方（人々）が三つの種類[1]となる時。 <sup foot_note=>1</sup>,
4987,右側の徒、右側の徒とは何か？,
4988,また左側の徒、左側の徒とは何か？[1] <sup foot_note=>1</sup>,
4989,そして（現世で善に）先んじる者たちは、（来世で高い位へと）先んじる者たち。,
4990,それらの者たちは、（アッラー*の御許における）側近である、,
4991,安寧の楽園において。,
4992,（彼ら側近たちは、）先代の者たちから多く、,
4993,後代の者たちからは少ない[1]。 <sup foot_note=>1</sup>,
4994,（金銀宝石で）刺繍された寝台の上に、,
4995,その上に寄りかかって、互いに向かい合いつつ。[1] <sup foot_note=>1</sup>,
4996,永遠の少年たちが、彼らの周りを（奉仕のために）回って歩く。,
4997,杯と、水差しと、（酒*の）湧き水からの盃を携えて。,
4998,彼らはそれ（酒*）ゆえに頭痛を催すことも、理性を失うこともない。,
4999,また（永遠の少年たちは）、彼ら（側近たち）が選り取りの果実と、,
5000,彼らが欲する鶏肉を（携えて、彼らを回って歩く）。,
5001,また（彼らには）、麗しい眼の色白の女性たちがいる、[1] <sup foot_note=>1</sup>,
5002,秘められた真珠のような（女性たちが）、,
5003,彼らが（現世で）行っていた（正しい）ことゆえの、報いとして。,
5004,彼らはそこで、戯言[1]も罪な言葉も、耳にすることがない。 <sup foot_note=>1</sup>,
5005,ただ、「（あなた方に）平安を、（あなた方に）平安を[1]」という（互いに交わサれる）言葉を聞くだけ。 <sup foot_note=>1</sup>,
5006,そして右側の徒、右側の徒[1]（の大いなる位と報い）とは何か？ <sup foot_note=>1</sup>,
5007,（彼らは、）棘のないスィドル[1]、 <sup foot_note=>1</sup>,
5008,折り重なるバナナ[1]、 <sup foot_note=>1</sup>,
5009,（消え入ることなく）行き渡る陰、,
5010,（涸れることなく）流れる水、,
5011,ふんだんな果実の中にいる。,
5012,絶えることがなく、禁じられもしない（果実の中に）。,
5013,また、高く上げられた寝床（の中に）。,
5014,本当にわれら*は彼女（天国の女性）たちを、（完全な形に）創り上げ[1]、 <sup foot_note=>1</sup>,
5015,彼女たちを処女とし、,
5016,愛らしく、（彼女ら自身が互いに）同い年の女性とした。,
5017,右側の徒のために。,
5018,（彼らは、）先代の者たちから多く、,
5019,後代の者たちからも多い。,
5020,そして左側の徒、左側の徒[1]（の状態と報い）とは何か？ <sup foot_note=>1</sup>,
5021,（彼らは、）熱風と煮えたぎる湯、,
5022,黒煙の陰の中。,
5023,涼しくも、麗しくもない（陰の中にいる）。,
5024,本当に彼らはそれ以前、（現世で禁じられた）贅を尽くしていた者たちだったのであり、,
5025,この上ない罪[1]に固執し、 <sup foot_note=>1</sup>,
5026,（こう）言っていたからなのだ。「一体、私たちが死んで砂と骨と化した後、本当に蘇らされるというのか？,
5027,そして、私たちの先代のご先祖様たちも？」,
5028,（使徒*よ、）言ってやるがいい。「本当に先代の者たちも、後代の者たちも、,
5029,（復活の日*という）定められた日の定められた時に、まさしく集められるのである。,
5030,それからーー（アッラー*のお約束を）嘘呼ばわりする迷い人たちよーー、本当にあなた方は、,
5031,まさにザックームの木[1]から食べ、 <sup foot_note=>1</sup>,
5032,それで腹を満たし、,
5033,その上に煮えたぎる湯を飲み、,
5034,喉を渇かせたラクダが飲むように、（それを）飲む者たち。,
5035,これが報いの日*の、彼ら（へ）の御もてなし[1]である。 <sup foot_note=>1</sup>,
5036,（人々よ、）われら*があなた方を、創ったのだ。なのに、どうしてあなた方は（死後の復活を）信じないのか？,
5037,言ってみよ、あなた方が（自分たちの妻の子宮に）射精するものについて。,
5038,一体、あなた方がそれを（人間として）創るのか？それとも、われら*が創造者なのか？,
5039,われら*はあなた方（各々）の間に、死（の時期）を定めたのであり、不能者などではない、,
5040,われら*が（あなた方を、）あなた方と同様の存在と取り替え、あなた方をあなた方が知らない形に創造することにおいて。[1] <sup foot_note=>1</sup>,
5041,あなた方は確かに、最初の創造を知っている。なのに、どうして（アッラー*は二度目の創造もされるとの、）教訓を得ないのか？[1] <sup foot_note=>1</sup>,
5042,言ってみよ、あなた方が耕すものについて。,
5043,一体、あなた方がそれ（作物）を生育させるのか？それとも、われら*が生育者なのか？,
5044,もし望んだなら、われら*はそれを木っ端微塵にし、あなた方は（その罰に）驚愕したままとなっただろう。,
5045,「本当に私たちは、破滅者である。,
5046,いや、私たちは（糧を）禁じられてしまったのだ」（と言いつつ。）,
5047,言ってみよ、あなた方が飲むもの（水）について。,
5048,一体、あなた方がそれを雲から（地上へ）降らすのか？それとも、われら*が降らす者なのか？,
5049,もし望んだなら、われら*はそれを辛いものとしたのだ。なのに、どうしてあなた方は感謝しないのか？,
5050,言ってみよ、あなた方が点す火について。,
5051,一体、あなた方が（火種とする）その木を創ったのか？それとも、われら*が（その）創造者なのか？,
5052,われら*はそれを（復活と地獄の業火を想起させる）教訓と、広漠な地にある者[1]たちへの益としたのだ。 <sup foot_note=>1</sup>,
5053,ならば（預言者*よ）、この上なく偉大なあなたの主*の御名と共に、（かれを）称え*よ。,
5054,われら*はまさに、星々の沈む場所[1]にかけて誓う。[2] <sup foot_note=>1</sup>,
5055,本当にそれはまさしく、偉大なる誓いなのである。もし、あなた方が（そのことを）知っているのならば。,
5056,実にそれはまさしく、気高いクルアーン*なのだ、,
5057,秘められた書[1]の中の。 <sup foot_note=>1</sup>,
5058,清浄な者たちしか、それに触れることはない。[1] <sup foot_note=>1</sup>,
5059,（それは）全創造物の主*からの、降示なのである。,
5060,（シルク*の徒よ、）一体あなた方は、（クルアーン*という）この話を嘘呼ばわりする者[1]なのか？ <sup foot_note=>1</sup>,
5061,そして自分たちの糧（への感謝の念）を、（恩恵に対する）嘘呼ばわりに替えるというのか？,
5062,さあ、（魂を体に押し留めてみよ、）それが喉元に達した時に。[1] <sup foot_note=>1</sup>,
5063,あなた方はその時、（その様子を）目の当たりにして（何も出来ずに）いる。,
5064,われら*（の天使*たち）は、あなた方（自身）よりもそれ（あなた方の魂）に近いのだが、あなた方には（彼らが）見えないのだ。,
5065,さあ、もしあなた方が、（自分たちの行いによって）報いを受ける者ではないというのであれば、,
5066,それ（魂）を（体に）戻してみるがいい。もし、あなた方が本当のことを言っているというならば。,
5067,もし（死んだ者が、）側近たち[1]の内の者だったのであれば、 <sup foot_note=>1</sup>,
5068,（彼には）ご慈悲、芳しいもの[1]、安寧の楽園がある。 <sup foot_note=>1</sup>,
5069,また、もし右側の徒[1]の一人だったのであれば、 <sup foot_note=>1</sup>,
5070,（彼には、こう言われる。）「あなたに平安を[1]。（あなたは、）右側の徒の一人である」。 <sup foot_note=>1</sup>,
5071,そして、もし（復活を）噓呼ばわりする、迷った者の類いだったのであれば、,
5072,（彼には）煮えたぎる湯からの御もてなし[1]と、 <sup foot_note=>1</sup>,
5073,火獄の火炙りがある。,
5074,（使徒*よ、）本当にこれこそは、まさに確固たる真理なのだ。,
5075,ならば、この上なく偉大なあなたの主*の御名と共に、（かれを）称え*よ。,
5076,諸天と大地にあるものは（全て）、アッラー*を称え*る。かれは偉力ならびない*お方、英知あふれる*お方。,
5077,かれにこそ、諸天と大地の王権がある。かれは生をお与えになり、死をお与えになるお方。かれは、全てのことがお出来のお方。,
5078,かれは最初のお方、最後のお方[1]、（最も）外なる*お方、（最も）内なる*お方。そしてかれは、全てのことをご存知のお方であられる。 <sup foot_note=>1</sup>,
5079,かれは諸天と大地を六日間でお創りになり[1]、それから御座に上がられた[2]。かれは大地の中に入り込むものも、そこから出てくるものも、天から落ちてくるものも、そこへ昇っていくもの[3]も、ご存知である。また、かれはあなた方がどこにあろうとも、（その御知識と共に）あなた方と共にあるのだ。アッラー*は、あなた方が行うことに通暁されたお方である。 <sup foot_note=>1</sup>,
5080,かれにこそ、諸天と大地の王権があり、かれにこそ（来世の）物事は帰される。,
5081,かれは夜を昼の中にお入れになり、昼を夜の中にお入れになる。また死から生を取り出され、生から死を取り出される[1]。そしてかれは、胸中にあるものを（余すことなく）ご存知なのである。 <sup foot_note=>1</sup>,
5082,アッラー*とその使徒*（ムハンマド*）を信じ、かれ（アッラー*）があなた方をその継承者としたものの内から、費やせ[1]。あなた方の内で信仰し、費やした者たちには、大いなる褒美があるのだぞ。 <sup foot_note=>1</sup>,
5083,使徒*が、あなた方の主*を信じるように招いているというのに、あなた方がアッラー*を信じないのはどうしたことか？かれ（アッラー*）は確かに、あなた方の確約[1]をお取りになったというのに。もし、あなた方が信仰者だというのならば（、信仰に急ぐのだ）。 <sup foot_note=>1</sup>,
5084,かれは、あなた方を（不信仰という）闇から（信仰という）光[1]へと出すべく、その僕（ムハンマド*）に明白な御徴[2]を下されたお方。本当にアッラー*は、あなた方に対して実に哀れみ深い*お方、慈愛深い*お方。 <sup foot_note=>1</sup>,
5085,あなた方がアッラー*の道において費やさないのは、どういうことか？アッラー*にこそ、諸天と大地の遺産は属する[1]というのに。あなた方の内、（マッカ*）開城[2]の前に費やし、（不信仰者*たちと）戦った者は、（褒美において）同等ではないのだぞ。それらの者たちは、（マッカ開城*の）後に費やし、（不信仰者*たちと）戦った者たちより位が偉大なのだ[3]。そしてアッラー*は、（その両者の内の）いずれにも最善のもの（天国）をお約束されたのであり、アッラー*はあなた方が行うことに通暁されるお方なのである。 <sup foot_note=>1</sup>,
5086,アッラー*に、よき貸付[1]をする者は誰か？そうすれば、かれはそれを彼のために倍増して下さるのであり、彼には貴い褒美（天国）がある。 <sup foot_note=>1</sup>,
5087,あなたが（地獄の上の架け橋[1]のもとで、）信仰者の男たちと、信仰者の女たちの光が（現世での行いに応じて）、彼らの前方と右手[2]を（彼らと共に）進むのを目にする（復活の）日*。（彼らには、こう言われる。）「この日、あなた方の吉報は、その下から河川が流れる楽園である。（あなた方は）そこに永遠に入ることになるのだ。それこそは、偉大なる勝利である」。 <sup foot_note=>1</sup>,
5088,偽信者*の男たちと偽信者*の女たちが、信仰者たちに（こう）言う日。「私たちを待ってくれ。あなた方の光から、灯火を得たい」。（すると彼らには、こう）言われる。「自分たちの後方へと戻って、光を探すがよい」。そして彼らの間には壁[1]が置かれ（、お互いに遮られ）る。そこには扉があり、（信仰者たちのいる）その内側には慈悲があり、その外側の方向には懲罰がある。 <sup foot_note=>1</sup>,
5089,彼ら（偽信者*たち）は、彼ら（信仰者たち）を呼ぶ。「私たちは（現世で）、あなた方と一緒だった[1]ではないか？」彼ら（信仰者たち）は言う。「その通り。しかし、あなた方は自分自身を（偽の信仰と罪で）試練にかけ、（預言者*と信仰者たちの死と災難を）待ちわび、（復活への）疑惑に陥った。アッラー*のご命令[2]が到来するまで、根拠もない願望があなた方を欺いたのであり、欺く者[3]があなた方をアッラー*（の寛大さと猶予という口実）によって欺いたのだ」。 <sup foot_note=>1</sup>,
5090,ならば（偽信者*たちよ、）この日、（懲罰を免じてものらうための）償いがあなた方からも、不信仰だった者*たちからも、受け入れられることはない。あなた方の住処は業火なのだから。それがあなた方の相応しい場所。その行き先の、何と醜悪なことか。,
5091,信仰に入った者たちには、アッラー*の教訓と、真理から下ったもの（クルアーン*）に対して、その心が恭順[1]になる時期はまだ来ないのか？また、以前に啓典を授けられたものの時間が経ってしまい、その心が硬化してしまった者たちのようにならないための（時期は）？彼らの多くは、放逸な者たちだったのである。 <sup foot_note=>1</sup>,
5092,知るのだ、アッラー*こそが大地を、その死後に息吹かせられる[1]お方であるということを。われら*はあなた方に対し、確かに（われら*の全能性の）御徴を明らかにした。あなた方が（それを）弁えるように、である。 <sup foot_note=>1</sup>,
5093,本当に、（アッラー*の道において）よく施す男たちとよく施す女たちーー彼らは、アッラー*によき貸付[1]をしたのだーーには、（その褒美が）倍増されよう。そして彼らには、貴い糧（天国）があるのだ。 <sup foot_note=>1</sup>,
5094,アッラー*とその使徒*を信じた者たち、それらの者たちこそは大そうな正直者[1]また殉教者たちにはアッラー*の御許で（復活の日*）、その報いと光[2]がある。そして不信仰に陥り、われら*の御徴[3]を噓呼ばわりした者たち、それらの者たちは地獄の徒なのだ。 <sup foot_note=>1</sup>,
5095,（人々よ、）知るがよい、現世の生活は遊興、戯れごと、飾り、自分たちの間の誇り合い、財産と子供の増やし合いに過ぎない。（それは）あたかも、その植物が農夫[1]たちを喜ばせた慈雨のようである。やがてそれは枯れ、あなたはそれが黄色くなるのを目にし、ついにはそれは木っ端微塵になってしまう。そして来世にこそ、（不信仰者に対する）厳しい懲罰と、（信仰者に対する）アッラー*からのお赦しとお喜びがあるのだ。現世の生活は、偽りの楽しみに過ぎない。[2] <sup foot_note=>1</sup>,
5096,（人々よ、）あなた方の主*からのお赦しと、天国へと向かって競い合え。その広さは、天地の広さもあるかのようであり、アッラー*とその使徒*たちを信じる者たちのために用意されている。それはかれがお望みの者にお与えになる、アッラー*のご恩寵なのだ。アッラー*は偉大な恩寵の主であられる。,
5097,地上における、そしてあなた方自身におけるいかなる災難も、われら*がそれを創生[1]する以前に書[2]の中で（予め定めること）なくしては、降りかかることがなかったのだ。実にそれはアッラー*にとって、容易いこと。 <sup foot_note=>1</sup>,
5098,（アッラー*がこのように仰せられるのは、）あなた方が、（現世で）自分たちが逃したものゆえに心痛ませたり、かれ（アッラー*）が自分たちに授けて下さったものゆえに、有頂天になったりしないようにするため。アッラー*は（、自分が現世で授かったものゆえに）尊大ぶる者、（他人に対して）高慢ちきな者をお好みにならない。,
5099,（彼らは、財産を）出し惜しみし、人々にも吝嗇を勧める者たち。そして（アッラー*への服従に）背を向ける者があっても、（アッラー*はそのような者のことなど意にも介されない、）本当にアッラー*こそは満ち足りておられる*お方、称賛されるべき*お方なのだから。,
5100,われら*は確かに、われら*の使徒*たちを明証[1]と共に遣わし、彼らと共に啓典と、人々が公正を行うための秤を下した。またわれら*は、多大な威力と人々への緒益を有する鉄を下した。（それは）アッラー*が、かれ（の宗教）とその使徒*たちをまだ見ぬままに[2]援助する者が誰かを、如実に表し給うためであった。本当にアッラー*は、強力なお方、偉力ならびない*お方であられる。 <sup foot_note=>1</sup>,
5101,また、われら*はヌーフ*とイブラーヒーム*を遣わし、彼ら二人の子孫の内に預言者*としての天分と啓典を与えた[1]。そして彼らの内には導かれた者がいる一方、彼らの多くは放逸な者たちなのだ。 <sup foot_note=>1</sup>,
5102,それから、われら*は彼ら（ヌーフ*とイブラーヒーム*）の跡をわれら*の使徒*たちに継がせ、マルヤム*の子イーサー*にも継がせて、彼に福音*を授けた。また、彼（イーサー*）に従った者たちの心の中には、哀れみ深さと、慈悲の念を授けた。そして彼らは、われら*が彼らに義務づけたものではない修道生活を、（崇拝*における行き過ぎから勝手に）創始した。ただ、（彼らは）アッラー*のお喜びを求めて（そうしたまで）のことだったのだが、それ（修道生活）に対して真の配慮を払うこともなかった。[1]そしてわれら*は彼らの内の（預言者*ムハンマド*を）信仰した者たちに、その褒美を授けたのだ。彼らの多くは（預言者*ムハンマド*を信じない）放逸な者たちなのだが。 <sup foot_note=>1</sup>,
5103,信仰する者たちよ[1]、アッラー*を畏れ*、かれの使徒*を信じよ。かれはあなた方に、そのご慈悲からの倍の取り分をお与えになり、あなた方がそれを携えて歩む光[2]をあなた方に下さり、あなた方のために（罪を）お赦し下さろう。アッラー*は赦し深いお方、慈愛深い*お方。 <sup foot_note=>1</sup>,
5104,（アッラー*がそのようにされるのは、）啓典の民*が、自分たちがアッラー*のご恩寵[1]の内、いかなるものに対しても力を有してはいないこと、そして（全ての）恩寵はアッラー*の御手にこそ委ねられており、かれがそれをお望みの者に与えられるということ[2]を、知るためなのである。アッラー*は、偉大なる恩寵の主であられるのだから。 <sup foot_note=>1</sup>,
5105,（預言者*よ、）アッラー*は確かに、自分の夫（のこと）であなたに抗弁し、アッラー*に苦情を訴える女[1]の言葉をお聞きになった。そしてアッラー*は、あなた方両人の問答をお聞きである。本当にアッラー*は、よくお聞きになるお方、よくご覧になるお方なのだから。 <sup foot_note=>1</sup>,
5106,あなた方の内で、自分たちの妻をズィハール*する者たち。彼女らは彼らの母親ではない。彼らの母親は、自分たちを産んだ女性に外ならないのだ[1]。そして本当に彼らは、言葉による悪事[2]と偽りをまさしく口にしているのであり、本当にアッラー*はまさに、よく寛恕される*お方、赦し深いお方であられる。 <sup foot_note=>1</sup>,
5107,また、自分たちの妻をズィハール*し、それから自分が言ったことを撤回する者たち、（彼らには、妻と性交渉すべく）お互いに触れ合う前に、首一つ[1]の解放（が義務づけられる）。（信仰者たちよ、）それが、あなた方が戒められていること。アッラー*は、あなた方が行うことに通暁されるお方であられる。 <sup foot_note=>1</sup>,
5108,（もし夫が、解放すべき奴隷*を）見出せない者ならば、お互いに触れ合う前に、連続二ヶ月の斎戒*（が義務づけられる）。そして（それも）出来ない者ならば、六十人の貧者*に食物[1]を施すこと（が課される）。それは、あなた方がアッラー*とその使徒*を信じ（てアッラー*の法に従い、ジャーヒリーヤ*の習慣を放棄す）るため。そしてそれがアッラー*の決まりであり、不信仰者*たちにこそは痛ましい懲罰があるのだ。 <sup foot_note=>1</sup>,
5109,本当に、アッラー*とその使徒*に歯向かう者たちは、彼ら以前の（同様の）者たちが卑しめられたように、卑しめられるのである。われら*は（、アッラー*の教えと法が真理であることを証明する）明らかなる御徴を、確かに下したのだ。そして不信仰者*たちにこそは、屈辱の懲罰がある。,
5110,アッラー*が彼ら全員を蘇らせられ、彼らが行ったことをお告げになる（復活の）日*（、アッラー*は彼らを罰し給う）。彼らがそれ（行い）を忘れてしまっていても、アッラー*はそれを数え上げられる[1]のであり、アッラー*は全てのことに対する証人なのだから。 <sup foot_note=>1</sup>,
5111,一体（預言者*よ、）あなたは、アッラー*が諸天にあるものと、大地にあるもの（全て）をご存知なのを知らないのか？かれ（アッラー*）が（その後知識によって）その四番目となることなしに、三人の密談は成立せず、かれがその六番目となることなしに、。五人（の密談）が成立することもない[1]。また、それより少ない数（の密談）も、多い数（の密談）も、彼らがどこにあろうと、かれが（その御知識によって）彼らと共にあることなくしては成立しないのだ。それから、かれは復活の日*、彼らが行ったことを彼らにお告げになる。本当にアッラー*は、全てのことをご存知のお方なのだから。 <sup foot_note=>1</sup>,
5112,（使徒*よ、）一体あなたは、密談を禁じられた後に自分たちが禁じられたことへと戻り、罪や侵犯や使徒への反抗をもって密談する者たちを見なかったのか？[1]（使徒*よ、）彼らはあなたのところにやって来ると、アッラー*があなたに挨拶されたものではないいものによって、あなたに挨拶した[2]。そして彼らの内輪で、（こう）言うのだ。「どうしてアッラー*は、私たちが（ムハンマド*について）言うことゆえに、私たちを罰さないのか？」彼らには（その懲罰として）、彼らが入って炙られることになる地獄で十分。その行き先は何と醜悪だろうか。 <sup foot_note=>1</sup>,
5113,信仰する者たちよ、あなた方が密談する時には、罪や侵犯や使徒*への犯行をもって密談してはならない。そして善と敬虔さ*をもって密談し、その御許へとあなた方が召集され（、全ての言動の報いを受け）ることとなるアッラー*を畏れる*のだ。[1] <sup foot_note=>1</sup>,
5114,（罪や侵犯ゆえの）密談は、信仰する者たちを悲しませるゆえ、まさしくシャイターン*からのもの。アッラー*のお許しなくしては、彼（シャイターン*）が彼ら（信仰者たち）を害する者となることはないが。そして信仰者たちには、アッラー*にこそ全てを委ね*させるのだ。,
5115,信仰する者たちよ、集まりの場であなた方に「（新しく来た者が座るために、場所を空けて）広くしてやりなさい」と言われたら、広くしてやれ。（そうすれば）アッラー*は、あなた方のために（現世と来世で）広くして下さろう。また、あなた方に（礼拝や戦いなど、自分たちの益となる物事において）「立ち上がりなさい」と言われたならば、立ち上がるのだ。（そうすれば）アッラー*は、あなた方の内の信仰する者たちと、知識を授けられた者たちの位を上げて下さろう[1]。アッラー*は、あなた方が行うことに通暁されるお方。 <sup foot_note=>1</sup>,
5116,信仰する者たちよ、あなた方が使徒*と密談する時には、あなた方の密談の前に、（貧しい者に）施しをせよ[1]。それがあなた方にとって、より善く、清いこと。そして、もし（施すものを）見出せなくても（問題はない）本当にアッラー*は赦し深いお方、慈愛深い*お方なのだから。 <sup foot_note=>1</sup>,
5117,一体あなた方は、（使徒*との）密談の前に施しをすることを、（貧困の原因として）恐れたのか？もし、あなた方が（施しを）しなかったのならばーーアッラー*は、あなた方の悔悟をお受入れになったーー、礼拝を遵守*し、浄財*を払い、アッラー*とその使徒*に従え。アッラー*は、あなた方が行うことに通暁されるお方なのだ。,
5118,一体あなたは、アッラー*がお怒りになった民（ユダヤ教徒*）を盟友とした者たちを、見なかったのか？[1]彼らはあなた方（ムスリム*）の仲間でもなければ、彼ら（ユダヤ教徒*）の仲間でもない。そして彼らは（自分たちの嘘を）知りつつ、嘘において誓っているのだ[2]。 <sup foot_note=>1</sup>,
5119,アッラー*は彼ら（偽信者*たち）に、厳しい懲罰をご用意された。本当に、彼らが行っていたことの何と忌まわしいことか。,
5120,彼らは自分たちの（嘘の）誓約を盾[1]にして、（自分たちと人々を）アッラー*の道から阻んだ。彼らには、屈辱的な懲罰がある。 <sup foot_note=>1</sup>,
5121,彼らの財産も、子供たちも、アッラー*（の懲罰）に関して、少しも彼らの役に立つことはない。それらの者たちは、地獄の徒。彼らはそこに、永遠に留まる者たちである。,
5122,（信仰者たちよ、）アッラー*が彼ら全員を蘇らせられ、あなた方に対して彼らが（現世で）誓っているように、かれ（アッラー*）に対して（自分たちは信仰者でした、と誓う（復活の）日*。彼らは（現世でそれがムスリム*たちに通用したように）、自分たちが通用すると思っている。本当に、彼らこそは噓つきなのではないか。,
5123,シャイターン*が彼らを（、彼らがシャイターン*に服従したゆえに）制圧し、彼らにアッラー*の唱念を忘れさせた[1]のである。それらの者たちは、シャイターン*の党派。本当にシャイターン*の党派こそは、損失者なのではないか。 <sup foot_note=>1</sup>,
5124,本当に、アッラー*とその使徒*に歯向かう者たち、それらの者たちは（現世と来世において、）最も卑しめられた者。,
5125,アッラー*は（守られし碑板*の中で、）「われと、わが使徒*たちは、必ずや勝利するのだ」と書き記されたのである。本当にアッラー*は、強力なお方、偉力ならびない*お方であられるのだ。,
5126,（使徒*よ、）あなたはアッラー*と最後の日*を信仰する民が、アッラー*とその使徒*に歯向かう者を愛するのを、見出すことがない。たとえ彼らが、自分たちの父親、自分たちの兄弟、自分たちの近親だったとしても、である[1]。アッラー*は、それらの者たちの心の中に信仰を（確固たるものとして）書き定められ、かれからの魂[2]によって彼らをお支えになったのだ。そして、かれは（来世において）彼らを、その下から流れる楽園にお入れになる。彼らはそこに、永遠に留まるのだ。アッラー*は、彼らをお喜びになり、彼らもかれに満足する。それらの者たちが、アッラー*の党派。本当にアッラー*の党派こそは、（現世と来世での）成功者なのではないか。 <sup foot_note=>1</sup>,
5127,諸天にあるものと、大地にあるものは（全て）、アッラー*を称え*る。かれは偉力ならびない*お方、英知あふれる*お方。,
5128,かれは啓典の民*の内、不信仰だった者*たちを、最初の集合[1]においてその住居から追い出し給うたお方。（ムスリム*たちよ、）あなた方は彼らが出ていくとは思っておらず、彼ら自身、自分たちの砦が、彼らをアッラー*（の懲罰）から守ってくれるものと思っていた。だがアッラー*（による追放の定め）は、彼らが想像もしなかったところから彼らのもとに到来し、彼らの心の中に恐怖を投げ入れたのである。彼らは自分たちの家を自らの手と、信仰者たちの手で壊した[2]のだ。ならば慧眼の持ち主たちよ、（彼らに起きたことを）熟慮せよ。 <sup foot_note=>1</sup>,
5129,もし、アッラー*が彼らに追放をお定めにならなかったのなら、かれは現世で彼らを（殺害や捕囚などにより、）罰されたことであろう。そして彼らには来世で、業火の懲罰がある。,
5130,それというのも、彼らがアッラー*とその使徒*に反していたからである。アッラー*とその使徒*に反する者があれば（、アッラー*はその者を罰される）、実にかれは厳しい懲罰を与え給うお方なのだから。,
5131,（信仰者たちよ、）あなた方がナツメヤシの木を切ったとしても、それらをその根幹の上にそびえるまま放っておいたとしても、（それは）アッラー*のお許しによるもの（だったの）であり、かれが放逸な者たちを辱めるためだったのである。[1] <sup foot_note=>1</sup>,
5132,そしてアッラー*がその使徒*に、彼ら（ナディール族）から（戦闘することなく）戦利品[1]として与えたものは、あなた方がその（獲得の）ためにやラクダを駆ったわけではなかった。しかしアッラー*はその使徒*たちに、かれがお望みになる者を制圧させ給う。アッラー*は全てのことがお出来のお方なのだ。 <sup foot_note=>1</sup>,
5133,アッラー*が、町の住人（であるシルクの徒*）からその使徒*に、（戦闘することなく）戦利品[1]として与えたものは、アッラー*とその使徒*、近親、孤児、貧者*、旅路（で苦境）にある者に属する[2]。（それは財産が、）あなた方の裕福な者たちの間（だけ）を循環するものとならないようにするため。また、使徒*があなた方に与えたものは取り入れ、彼があなた方に禁じた者は放棄するのだ。アッラー*を畏れ*よ。本当にアッラー*は、厳しい懲罰を与え給うお方なのだから。 <sup foot_note=>1</sup>,
5134,自分たちの住居と財産から追い出された、ムハージルーン*の困窮者*たちに[1]。彼らはアッラー*からのご恩寵とお喜びを求め、アッラー*（の宗教）とその使徒*を援助する。それらの者たちこそは、（自分たちの言葉を行いで証明した）正直者である。 <sup foot_note=>1</sup>,
5135,また、彼ら（ムハージルーン*の移住*）以前に、その町（マディーナ*）に信仰心と共に居を定めた者たち（アンサール*）[1]。彼らは自分たち（のもと）に移住*したものを愛し、彼ら（ムハージルーン*）が与えられたもの[2]について、その胸中に嫉妬の念を見出さず、（彼らのことを）自分たち自身よりも優先する。たとえ彼らに、必要性があったとしても、である。自分自身の貪欲さから守られた者、それらの者たちこそは成功者なのだ。 <sup foot_note=>1</sup>,
5136,また、彼ら（ムハージルーン*とアンサール*）の後にやって来た者たちで、（こう）言う者たち[1]。我らが主*よ、私たちと、信仰において私たちに先駆けた私たちの兄弟たち（の罪）をお赦し下さい。そして私たちの心の内に、信仰する者たちへの憎しみの念を湧かせないで下さい。我らが主*よ、本当にあなたは哀れみ深い*お方、慈愛深い*お方です」。 <sup foot_note=>1</sup>,
5137,一体あなたは、偽の信仰に陥った者*たちを見ないのか？彼らは啓典の民*の内、不信心に陥った者彼らの同胞に（こう）言う。「もしも、あなた方が（ムハンマド*によって）追い出されたならば、私たちは必ずやあなた方と共に出て行き、あなた方（を見捨てたりすること）に関して、絶対に誰にも従わない。また、もしあなた方が戦いを仕掛けられたならば、私たちは必ずやあなた方を援助しよう」[1]。アッラー*は、本当に彼ら（偽信者*たち）がまさしく、噓つきであることを証言される。 <sup foot_note=>1</sup>,
5138,もしも彼ら（ナディール族）が（マディーナ*から）追放されたとしても、彼ら（偽信者*たち）は決して、彼らと共に出て行くことはない。また、もしも彼らが戦いを仕掛けられたとしても、彼ら（偽信者*たち）は絶対に彼らを援助したりしない。そして、たとえ彼ら（偽信者*たち）が（、ナディール族を）援助したとしても、彼らはきっと背中を見せて敗走するのであり、（アッラー*によって）勝利を授けられることもないのだ。,
5139,（信仰者たちよ、）彼ら（偽信者*たちとユダヤ教徒*）の胸中においては、あなた方こそがアッラー*よりも激しい恐怖（の的）なのだ。それは実に彼らが、（アッラー*の偉大さと、かれへの信仰を）理解しない民だからなのである。,
5140,彼ら（ユダヤ教徒*）は（その臆病さと恐怖ゆえ、）砦で囲まれた町か、壁の向こう側からしか、あなた方に全員で攻撃してきたりはしない。彼らの間の敵意は激しい[1]。あなた方は彼ら[2]が団結していると思う。彼らの心は（信条や目的の不一致で、）ばらばらなのだが。それは実に彼らが、（アッラー*のご命令と御徴を）弁えることのない民だからなのだ。 <sup foot_note=>1</sup>,
5141,（彼らユダヤ教徒*の様子は、）彼らより前の最近の者たち[1]の様子のようである。彼らは（現世で）彼らの事[2]（ゆえ）の罰を味わったのであり、彼らにこそは（来世において）痛ましい懲罰があるのだ。 <sup foot_note=>1</sup>,
5142,（彼ら偽信者*たちが、ユダヤ教徒*を戦いへと唆す様子は、）人間に「不信仰となれ」と言った時の、シャイターン*の様子のようである。それで彼が不信仰に陥ると、彼（シャイターン*）は（こう）言ったのだ。「本当に私は、あなたとは無縁である。本当に私は、全創造物の主*アッラー*を怖れているのだから」。,
5143,彼ら（シャイターン*と彼に従った人間）両人の行く末は、地獄の中。彼ら両人はそこに、永遠に留まる者となる。それが不正*者たちへの応報なのだから。,
5144,信仰する者たちよ、アッラー*を畏れ*、自分自身が明日[1]のために成したことをよく考えよ。そしてアッラー*を畏れる*のだ。本当にアッラー*は、あなた方が行うことに通暁されるお方なのだから。 <sup foot_note=>1</sup>,
5145,また、アッラー*（の唱念と義務）を忘れ、それでかれが彼らに（その不服従ゆえ）、自分自身のことを忘れさせ給うた者[1]たちのようになってはならない。それらの者たちこそは、放逸な者たちなのだから。 <sup foot_note=>1</sup>,
5146,地獄の徒と天国の徒は、同等ではない。天国の徒こそは勝利者なのだ。,
5147,もし、われら*がこのクルアーン*を山に下し（、それがその約束と警告を理解し）たならば、あなたはそれが恭順となり[1]、アッラー*への恐怖ゆえに砕け散るのを見たであろう。そしてそれらの譬えは、われら*が人々に挙げるもの。彼らが（アッラー*の御力と偉大さを）熟考するように、とのためである。 <sup foot_note=>1</sup>,
5148,かれはアッラー*。その外に、（真に）崇拝*すべきいかなるものもないお方で、不可視の世界*と現象界[1]をご存知のお方。かれは慈悲あまねき*お方、慈愛深い*お方であられる。 <sup foot_note=>1</sup>,
5149,かれはアッラー*。その外に、（真に）崇拝*すべきいかなるものもないお方。（真の）王、聖なる*お方、平安*なお方、保障される*お方、統制させられる*お方、偉力ならびない*お方、制圧される*お方、威風堂々たる*お方。彼らがシルク*を犯しているものから（無縁な）、アッラー*に称え*あれ。,
5150,かれはアッラー*、創造主、創成者*、造形者。かれにこそ、美名は属する。諸天と大地にある（全ての）ものは、かれを称え*る。そして、かれは偉力ならびない*お方、英知あふれる*お方であられる。,
5151,信仰する者たちよ、わが敵と、あなた方の敵を盟友としてはならない。あなた方は（彼らに対する）愛情ゆえ、彼らに（使徒*の情報とムスリム*間の秘密を、）軽々しく流している[1]。彼らは、あなた方のもとに到来した真理[2]を、確かに否定したというのに。（信仰者たちよよ、）彼らは、あなた方が自分たちの主*アッラー*を信仰するがゆえ、使徒*とあなた方のことを（マッカ*から）追い出したのだ。あなた方がわが道における奮闘と、わが喜びへの希求ゆえに（、移住*に）出たのだとしたら（、彼らを盟友とするのではない）。あなた方は（彼らへの）愛情ゆえ、彼らに秘密裏に伝えているーーわれはあなた方が隠したことも、露わにしたことも、最もよく知っているのだーー。あなた方の内、そうする者は誰でも、真っ当な道から確かに迷い去ってしまっている。[3] <sup foot_note=>1</sup>,
5152,もし、彼ら（われとあなた方の敵）があなた方に優勢に立てば、彼らはあなた方に対する（公然の）敵となり、あなた方に悪意をもってその手と口を伸ばして来よう[1]。あなた方が（彼ら同様）、不信仰に陥ることを望みつつ。 <sup foot_note=>1</sup>,
5153,（彼ら不信仰者*たちを盟友としても、）あなた方に近親の絆も、あなた方の子供たちも、あなた方の役に立つことはない。復活の日*、かれはあなた方の間をお分けにな（り、信仰者は天国へ、不信仰者*は地獄へ入）るのだ。アッラー*は、あなた方が行うことをご覧にあるお方。,
5154,（信仰者たちよ、）イブラーヒーム*と、彼と共にあった（信仰）者の内には、確かにあなた方へのよき模範があった。彼らが（不信仰者*である）自分たちの民に、（こう）言った時のこと。「本当に私たちは、あなた方と、あなた方がアッラー*をよそに崇めているものとは無縁です。私たちはあなた方を否定し、あなた方がアッラー*だけを信仰するまで、私たちとあなた方との間には、永遠の敵意と憎悪が現れたのです」。但し、イブラーヒーム*の彼の父親に対する、「私は必ずや、あなたのために、赦しを乞いましょう。私はあなたのために、アッラー*（のご意思）に対して、何（の力）も有してはいませんが」という言葉は別（で、模範としてはならない）[1]。（イブラーヒーム*とその仲間たちは、言った。）「我らが主*よ、私たちはあなたにこそ全てを委ね*、あなたにこそ（悔悟して）立ち返りました。そしてあなたにこそ、帰り所はあります。 <sup foot_note=>1</sup>,
5155,我らが主*よ、私たちを不信仰に陥った者*たちの試練とはしないで下さい[1]。また、私たちのために（私たちの罪を）お赦し下さい、我らが主*よ。本当にあなたこそは、偉力ならびない*お方、英知あふれる*お方なのですから」。 <sup foot_note=>1</sup>,
5156,（信仰者たちよ、）彼ら（イブラーヒーム*と、彼と共にあった者たち）の内には、確かにあなた方、アッラー*と最後の日*を望む[1]者への、よき模範があった。そして背く者[2]があろうと（、そのつけは自分自身に返って来るだけである）、本当にアッラー*にこそは満ち足りた*お方、称賛されるべき*お方なのだから。 <sup foot_note=>1</sup>,
5157,（信仰者たちよ、）もしかするとアッラー*は、あなた方と、彼ら（近親であるシルク*の徒）の内であなた方が敵対した者たちの間に、（彼らがイスラーム*を受け入れることによって、）愛情を芽生えさせられるかもしれない。アッラー*は全能のお方であり、アッラー*は赦し深いお方、慈愛深い*おかたなのだから。,
5158,アッラー*は、宗教においてあなた方と戦ってもおらず、あなた方をあなた方の家から追い出してもいない者たちに、あなた方が善行を施し、公正に接することを禁じていらっしゃるわけではない[1]。本当にアッラー*は、公正な者たちをお好みになるのだから。 <sup foot_note=>1</sup>,
5159,実にアッラー*があなた方に禁じられるのは、宗教においてあなた方と戦い、あなた方をあなた方の家から追い出し、あなた方の追放に手を貸した者たちを盟友とすることなのである。彼らを盟友とする者、それらの者たちこそは不正*者なのだから。,
5160,信仰する者たちよ、あなた方のもとに信仰者の女たちが（不信仰者*の世界から、イスラーム*世界へと）移住*者としてやって来たら、（その信仰心を確かめるべく）彼女らを試問せよ[1]ーーアッラー*が彼女らの信仰心を、最もよくご存知であるーー。そして、もし彼女らが信仰者だと分かったならば、あなた方は彼女らを不信仰者*たち（である彼女らの夫のもと）に消してはならない。彼女らは彼らにとって（妻として）合法ではなく、彼らも彼女らにとって（夫として）合法ではないのだから。また、彼ら（自分の妻がイスラーム*に改宗した、不信仰者*の夫たち）には、彼らが（彼女らに）費やしたもの[2]を与えよ。そして、あなた方が彼女らに（イッダ*の後、）彼女らの婚資金*を与えたならば、あなた方が彼女らと結婚しても、あなた方に罪はない。また、不信仰者*の女性たちの絆に、しがみ付いてはならない[3]。そしてあなた方が（自分たちの妻に）費やしたものを請求させよ[4]。それが、あなた方の間を裁くアッラー*の法。アッラー*は全知者、英知あふれる*お方であられる。 <sup foot_note=>1</sup>,
5161,また、もしあなた方の妻たちの一部が、（イスラーム*を棄てて）あなた方から不信仰者*たちのところへと逃れ、その後にあなた方が（彼ら不信仰者*たちに勝利を収め、戦利品*という）戦果を得た[1]ならば、妻たちに去られてしまった者たちに、彼らが（彼女らに婚資金*として）費やしたものを与えよ。そしてあなた方が信じているアッラー*をこそ、畏れる*のだ。 <sup foot_note=>1</sup>,
5162,預言者*よ、信仰者の女たちが、あなたと誓約ーーアッラー*に何も並べ（て崇拝*せ）ず[1]、盗まず、姦通せず、（出産前でも後でも）自分の子供たちを殺さず[2]、自分たちの手と足の間で捏造をでっち上げず[3]、善事[4]においてあなたに逆らわない、との（誓約）ーーを交わしに、あなたのもとにやって来たら、彼女らと誓約を交わし、彼女らのためにアッラー*にお赦しを乞え[5]。本当にアッラー*は、赦し深いお方、慈愛深い*お方なのだから。 <sup foot_note=>1</sup>,
5163,信仰する者たちよ、アッラー*がお怒りになった民を盟友とするのではない。彼らは、墓の住人である不信仰者*たちが（、来世でアッラー*のご慈悲を受けることに対して）失望しているように[1]、来世（での褒美を得ること）に対して、確かに失望するのだから。 <sup foot_note=>1</sup>,
5164,諸天にあるものと、大地にあるものは（全て）、アッラー*を称え*る。かれは偉力ならびない*お方、英知あふれる*お方。,
5165,信仰する者たちよ、なぜあなた方は、自分たちがやりもしないことを言うのか？,
5166,自分たちがやりもしないことを言うのは、アッラー*の御許で、忌まわしいことこの上ないのだ。,
5167,本当にアッラー*は、かれの道において、結束した一つの建物のように（戦）列を組んで戦う者たちを、お好みになる。,
5168,ムーサー*がその民に、（こう）言った時のこと（を思い起させよ）。「我が民よ、あなた方は、本当に私があなた方に対するアッラー*の使徒*であることを確かに知っているのに、なぜ私に危害を加えるのか？」そして彼らが（真理を知った上で、そこから）逸れた時、アッラー*は彼らの心を（、導きの受容から）お逸らしになった。アッラー*は放逸な民をお導きにはならない。,
5169,また、マルヤム*の子イーサー*が（こう）言った時のこと（を思い起させよ）。「イスラーイールの子ら*よ、本当に私は、トーラー*という私以前のもの（の内容）を確証し、私の後に到来するアフマドという名の使徒[1]の吉報を伝える、あなた方へのアッラー*の使徒*である」。そして彼（アフマド）が、明証[2]を携えて彼らのもとに到来した時、彼らは言った。「これは紛れもない魔術だ」。 <sup foot_note=>1</sup>,
5170,自分がイスラーム*へと招かれているのに、アッラー*に対して嘘を捏造した者より、ひどい不正*を働く者があろうか？アッラー*は不正*者である民を、お導きにはならない。,
5171,彼らは、その口先でアッラー*の御光[1]を消してしまおうと望んでいる。アッラー*は、たとえ不信仰者*たちが嫌おうとも、その御光を完遂させられるお方。 <sup foot_note=>1</sup>,
5172,かれは、その使徒*を導きと真理の宗教（イスラーム*）と共に遣わされたお方。（それは）かれが、それ（イスラーム*）をあらゆる宗教の上に君臨させる[1]ため。たとえ、シルク*の徒が（そことを）嫌がろうとも。 <sup foot_note=>1</sup>,
5173,信仰する者たちよ、あなた方に、あなた方が痛ましい懲罰から救ってくれる（偉大な）商売を教えてやろうか？,
5174,アッラー*とその使徒*を信じ、自分たちの財産と生命をかけて、アッラー*の道に努力奮闘するのだ。それが、あなた方にとって（現世の商売）より善いのだから。もし、あなた方が知っていたのならば（、そうしたであろう）。,
5175,（信仰者たちよ、もしそうしたならば、）かれはあなた方のため、あなた方の罪をお赦しになり、その下から河川が流れる楽園と、永久の楽園の麗しき住まいへと、あなた方をお入れ下さろう。それは偉大なる勝利なのだ。,
5176,また、あなた方が欲する外のものも（恩恵として、お授け下さろう）。（それは）アッラー*からのご援助と、近い勝利。信仰者たちには、吉報を伝えよ。,
5177,信仰する者たちよ、アッラー*の（宗教への）援助者となれ。マルヤム*の子イーサー*が弟子たち[1]に「アッラー*（の道）への、私の援助者は誰か？」と言い、弟子たちが「私たちが、アッラー*の援助者です」と言ったように。そしてイスラーイールの子ら*の一派は信仰し、（別の）一派は否定した。それで、われら*は信仰した者たちをその敵（である不信仰の一派）に対して支持し、彼ら（信仰者たち）は勝利者となったのである。 <sup foot_note=>1</sup>,
5178,諸天にあるものと、大地にあるものは（全て）、アッラー*を称え*る。（真の）王、聖なる*お方、偉力ならびない*お方、英知あふれる*お方（を）。,
5179,かれは文盲者たち[1]の中に、彼ら自身の内から、その御徴（アーヤ*）を彼らに誦み聞かせ、彼らを清め、彼らに啓典と英知[2]を教える一人の使徒*（ムハンマド*）を遣わされたお方。（その使徒*が遣わされる）以前、彼らは明白な迷いの中にあったのだ。 <sup foot_note=>1</sup>,
5180,また（かれは、）彼らの内、まだ彼らのところに到達していない外の者たち[1]にも（、彼を遣わされた）。かれは偉力ならびない*お方、英知あふれる*お方。 <sup foot_note=>1</sup>,
5181,それ[1]はかれが、お望みになる者に授けられるアッラー*のご恩寵。かれは、偉大なる恩寵の主であられる。 <sup foot_note=>1</sup>,
5182,トーラー*の（実践）を担わされ、その後それを（請け）負わなかった者たち[1]の様子は、あたかも（何冊もの）書物を背負った、ロバの様子のようである[2]。アッラー*の御徴[3]を噓呼ばわりした民の様子は、何と醜悪なことか。アッラー*は不正*者である民を、お導きにはならない。 <sup foot_note=>1</sup>,
5183,（使徒*よ、）言ってやれ。「ユダヤ教徒*である者たちよ、もし自分たちが人々を差し置いてアッラー*と親密な者であると言い張るなら、死を望んでみたらいかがか？もし、あなた方が真実を語っているというのであれば、だが」。[1] <sup foot_note=>1</sup>,
5184,彼らは自分たちが行ってきたことゆえ、決してそのようなことを望んだりはしない。アッラー*は不正*者たちをご存知のお方。,
5185,言ってやれ。「本当に、あなた方が逃げている死、それはまさしく、あなた方と対面することになるもの。それからあなた方は（復活の日*）、不可視の世界*と現象界[1]をご存知のお方（アッラー*）へと戻され、そしてかれはあなた方に、あなた方が行っていたことをお告げにな（り、それに対して報われ）るのだ」。 <sup foot_note=>1</sup>,
5186,信仰する者たちよ、合同の日（金曜日）に（合同）礼拝に呼びかけられたら[1]アッラー*の唱念[2]に励み、商売（など、あらゆる仕事）を中断するのだ。それがあなた方にとって、より善いのだから。もし、あなた方が（そのことを）知っていたのなら（、そうせよ）。 <sup foot_note=>1</sup>,
5187,そして（合同）礼拝が終わったら、大地に拡散し、アッラー*のご恩寵を求め、アッラー*を多く唱念するがよい。あなた方が成功するように。,
5188,彼ら（一部のムスリム*）は商売や戯れごとを目にした時、あなたを（説教壇の上に）立ったまま放ったらかしにして、散り散りになって（そこへと）去ってしまった。（預言者*よ、）言ってやれ。「アッラー*の御許にあるもの（褒美）の方が、戯れごとよりも商売よりも善い」。アッラー*は、最もよく糧を授けられるお方であられる。[1] <sup foot_note=>1</sup>,
5189,（使徒*よ、）偽信者*たちは、あなたのもとにやって来た時、（こう）言った。「私たちは、あなたこそがまさに、アッラー*の使徒*であると証言します」ーーアッラー*は、本当にあなたこそがまさしく、かれの使徒*であることをご存知であるーー。アッラー*は、本当に偽信者*たちがまさしく噓つきであることを、証言し給うのだ。,
5190,彼ら（偽信者*たち）は、自分たちの（嘘の）誓約を盾代わりとし[1]、（自分たちと人々を）アッラー*の道から阻んだ。本当にまさしく、彼らが行っていたことは、何と忌まわしいことか。 <sup foot_note=>1</sup>,
5191,それというのも、彼らは（口先だけで）信仰し、それから（内心では）不信仰に陥り、その心が（不信仰ゆえに）塞がれてしまったからである。ゆえに、彼らは理解することがない。,
5192,また彼ら（偽信者*たち）を見てみれば、その（結構な）風体はあなたの気に入るだろう。そして彼らが話せば、あなたはその（巧みな）言葉に耳を傾けるだろう。彼らはまるで、立てかけられた木材のよう[1]。（その臆病さと恐怖ゆえ、）全ての大声が、自分たちに向けられたものだと思い込んでいる[2]。彼らは敵であるから、警戒せよ。アッラー*が彼らを成敗して下さいますよう。彼らはどうして、（真理から）背かされるのか？ <sup foot_note=>1</sup>,
5193,また、彼ら（偽信者*たち）に、「（悔悟して）来なさい、アッラー*の使徒*があなた方のために（罪の）赦しを乞うてくれよう」と言われた時、彼らはその顔を背けた、そして（使徒*よ、）あなたは彼らが思い上がりつつ、（その招きを）拒むのを目にしたのだ。,
5194,（使徒*よ、）あなたが彼らのために赦しを乞うたとしても、彼らのために赦しを乞わなかったとしても、彼らには同じこと。アッラー*は彼らのために、（その罪を）お赦しにはならない。本当にアッラー*は放逸な民を、お導きにはならないのだから。,
5195,彼ら（偽信者*たち）は、「アッラー*の使徒*のもとにいる者たちには、彼らが（ムハンマド*から）離散するまで（財産を）費やすのではない」と言う者たち[1]。アッラー*にこそ、諸天と大地の宝庫は属するというのに。しかし偽信者*たちは、（糧を司るのはアッラー*だけということを）理解しないのだ。 <sup foot_note=>1</sup>,
5196,彼らは言う。「もしも私たちがマディーナ*に帰ったならば、最も偉力ある者が、最も卑しい者[1]を（そこから）追放するであろう」。本当にアッラー*にこそ、そしてその使徒*と信仰者たちにこそ、偉力は属するというのに。しかし偽信者*たちは、（そのことが）分からないのだ。 <sup foot_note=>1</sup>,
5197,信仰する者たちよ、あなた方の財産と子供たちが、あなた方をアッラー*の唱念*から背けさせてしまうようではならない[1]。誰であろうとそうする者、それらの者たちこそは損失者なのである。 <sup foot_note=>1</sup>,
5198,そして（信仰者たちよ）、われら*があなた方に授けたものの内から、（善いことに）費やす[1]のだ。あなた方の内の誰かに死が到来し、「我が主*よ、私（の死）を近い期限まで、延期して下さい。それによって私が施しをし、正しい者*たちの仲間となれますように」などと言うようになる前に。[2] <sup foot_note=>1</sup>,
5199,アッラー*は誰のことも、その（死という）期限が到来したら、延期して下さらない。そしてアッラー*は、あなた方が行うことに通暁され（、その行いに報われ）るお方であられる。,
5200,諸天にあるものと大地にあるものは（全て）、アッラー*を称え*る。かれにこそ（全ての）王権はあり、かれにこそ称賛*はある。そしてかれは、全てのことがお出来になるお方。,
5201,かれが、あなた方を創造されたお方であられる。それで、あなた方の内には不信仰者*もいれば、あなた方の内には信仰者もいる。アッラー*は、あなた方が行うことをご覧になるお方。,
5202,かれは、諸天と大地を真理によってお創りになり[1]、あなた方を作られ、その形を最善のものとされた。そしてかれにこそ、（復活の日*の）行き先はある。 <sup foot_note=>1</sup>,
5203,かれは諸天と大地にあるもの（全て）をご存知であり、（人々よ、）あなた方が秘密にすることも、露わにすることもご存知になる。アッラー*は、胸中にあるものをご存知のお方。,
5204,（シルクの徒*よ、）一体あなた方のもとに、（あなた方）以前に不信仰に陥り、自分たちの事[1]（ゆえ）の罰を（現世で）味わった者たちの消息は届かなかったのか？そして彼らにこそは、（来世において）痛ましい懲罰があるのだ。 <sup foot_note=>1</sup>,
5205,それは、彼らのもとに彼らの使徒*たちが明証[1]を携えて到来した後、「一体、人間が私たちのことを導くだと？[2]」と言って不信仰に陥り、（真理に）背を向けたからである。アッラー*は、（彼らの信仰や崇拝*など）無要なのだが。アッラー*は満ち足りた*お方、称賛されるべき*お方。 <sup foot_note=>1</sup>,
5206,不信仰に陥った者*たちは、（死後）自分たちが蘇らされないと言い張った。（使徒*よ、）言ってやれ。「いや、我が主*にかけて（誓う）。あなた方は必ずや蘇らされ、それから自分たちが（現世で）行ったことを、必ずや告げ聞かせられるのだ。それはアッラー*にとって、容易なこと」。,
5207,ならば（シルクの徒*よ）、アッラー*とその使徒*、われら*が（彼に）下した光[1]を信じよ。アッラー*は、あなた方が行うことに通暁されているお方。 <sup foot_note=>1</sup>,
5208,かれが、あなた方を集合の日にお集めになる（復活の）日*（を、思い起こせ）ーーそれは、騙し合いの日[1]ーー。誰であろうとアッラー*を信じ、正しい行い*を行う者には、かれ（アッラー*）がその悪行を帳消しにして下さり、その下から河川が流れる楽園に入れて下さろう。彼らはそこに、ずっと永遠に留まる。それは偉大な勝利なのだ。 <sup foot_note=>1</sup>,
5209,また、不信仰で、われら*の（唯一性*を示す）御徴を噓呼ばわりした者たち、それらの者たちは地獄の徒。彼らはそこに永遠に留まる。その行き先は、何と醜悪なことだろうか。,
5210,いかなる災難も、アッラー*のお許しなしには降りかかることがない[1]。そしてアッラー*を信じる者は誰でも、かれ（アッラー*）がその心を導いて下さろう[2]。アッラー*は、全てのことをご存知のお方。 <sup foot_note=>1</sup>,
5211,（人々よ、）アッラー*に従い、使徒*に従え。それで、もしあなた方が（アッラー*とその使徒*への服従に）背いたとしても、われら*の使徒*の義務は、（真理を）解明する（啓示の）伝達のみなのである。,
5212,アッラー*は、かれの外に（真に）崇拝*されるべきものがないお方。信仰者たちには、アッラー*にこそ全てを委ね*させよ。,
5213,信仰する者たちよ、実にあなた方の妻たちと子供たちの内には、あなた方への敵[1]がいる。ゆえに、彼らを警戒せよ。そして、もしあなた方が（彼らの悪行を）大目に見、見逃し、赦してやるならば、本当にアッラー*は（あなた方に対して）赦し深いお方、慈愛深い*お方であられる。 <sup foot_note=>1</sup>,
5214,あなた方の財産と子供たちは、試練に外ならない[1]。そしてアッラー*の御許にこそ、（その試練に打ち勝った者への）偉大な褒美がある。 <sup foot_note=>1</sup>,
5215,ならば（信仰者たちよ）、出来る限りアッラー*を畏れ*、（使徒*の言うことをよく）聞き、（彼の命令に）従い、（アッラー*から授かったものから）費やせ[1]、（そうすれば）あなた方自身のために善いのである。誰であろうと、自分自身の貪欲さから守られた者、それらの者たちこそは成功者なのだ。 <sup foot_note=>1</sup>,
5216,もし、あなた方がアッラー*によき貸付[1]をするのであれば、かれはそれをあなた方のために倍増して下さり、あなた方のために（罪を）お赦し下さる。アッラー*はよく労られる*お方、寛大な*お方。 <sup foot_note=>1</sup>,
5217,（かれは）不可視の世界*と現象界[1]をご存知のお方、偉力ならびない*お方、英知あふれる*お方であられる。 <sup foot_note=>1</sup>,
5218,預言者よ[1]、あなた方（あなたと信仰者たち）が女性（妻）と離婚し（ようと思っ）たなら、イッダ*に離婚し[2]、イッダ*（の期間）を数え上げよ[3]。そして、あなた方の主*アッラー*を畏れる*のだ。彼女らが紛れもない醜行[4]を犯さない限り、（イッダ*が終わるまでは、）彼女らを彼女らの（住んでいる）家から追い出してはならないし、彼女らも（そこから）出て行ってはならない。それがアッラー*の決まりであり、アッラー*の決まりを侵す者は誰でも、自分自身に対して確かに不正*を働いているのである。（離婚する者よ、）あなたはアッラー*が（離婚の）その後に、何らかの事を引き起こされるかもしれないということ[5]を、知らないのだから。 <sup foot_note=>1</sup>,
5219,彼女らがその期限（イッダ*の終わり）に差しかかったならば、彼女らを適切な形で留め置くか、あるいは適切な形で別れよ[1]。また（復縁するにせよ、別れるにせよ）、あなた方の内の公正な男性二人に（それを）証言させ、（証人たちよ、）あなた方はアッラー*に対ししっかり証言せよ。それは、アッラー*と最後の日*を信じる者が訓戒を受けるところのもの。誰であろうとアッラー*を畏れる*者に、かれ（アッラー*）は（あらゆる困難からの）出口をお授けになる。 <sup foot_note=>1</sup>,
5220,また、かれは、彼が思いもよらない所から、糧をお授けになる。アッラー*に全てを委ねる*者にとっては、かれ（アッラー*）だけで十分。本当にアッラー*は、物事を（望み通りに）成就させられるお方。アッラー*は確かに、全ての物事に定めを与えられたのだ。,
5221,あなた方の女性（妻）たちの内で閉経した者たちは、あなた方が（彼女らについての法規定に）疑惑を抱くのであれば[1]、彼女らのイッダ*は三ヶ月である。そして、まだ初潮を迎えてはいない者たちも（同様）。また、身重な者たちの（イッダ*の）期間は、彼女らがその荷を降ろすまで。誰であろうとアッラー*を畏れる*者には、かれ（アッラー*）が（現世と来世において、）その物事を容易くされるのである。 <sup foot_note=>1</sup>,
5222,（人々よ、）それが、かれがあなた方に下されたアッラー*のご命令。そして、誰であろうとアッラー*を畏れる*者に、かれ（アッラー*）はその悪行を帳消しにして下さり、彼のために（来世での）褒美を偉大なものとして下さるのだ。,
5223,（イッダ*の期間中、）彼女（離婚宣告をした自分たちの妻）らを、あなた方が住んでいる場所に、あなた方の能力に応じて、住まわせよ。また、（住まいから出て行かせる魂胆で）彼女らに嫌がらせして、彼女らを害してはならない。そして、もし彼女ら（離婚宣告を受けた妻たち）が身重だったら、彼女らがその荷を降ろすまで[1]、彼女らに出費せよ。また（離婚後）、彼女らがあなた方のために（報酬を条件に）授乳するならば、彼女らにはその報酬を与え、あなた方の間で善事を勧め合う[2]がよい。そして、もし互いに困難を見出したならば[3]、別の女性が彼（乳児）に授乳することになる。 <sup foot_note=>1</sup>,
5224,余裕がある者には、その余裕のあるものの内から（、離婚宣告した自分の妻と、その子供に）出費させよ。また、糧に乏しい者には、アッラー*が彼にお授けになったものの内から、出費させよ。アッラー*は誰にも、かれがお授けになった以上のものを負わせられないのだから。アッラー*はやがて、逆境の後に順境として下さろう。,
5225,一体どれだけ多くの町（の民）が、その主*のご命令を使徒*たちに反抗し（て不信仰に陥っ）たことか。それでわれら*は、それを（現世の行いについての）厳しい清算で清算し、想像を絶する懲罰で罰したのだ。,
5226,そして、それ（不信仰な民*の町）はその事の罰を味わった。そのこと（不信仰）の結末は、損失であった。,
5227,アッラー*は彼ら（不信仰な民*）に、厳しい懲罰をご用意された。ならば、信仰に入った澄んだ理性の持ち主たちよ、アッラー*を畏れ*よ。（信仰者たちよ、）アッラー*は確かに、あなた方に対して教訓を下されたのだ。,
5228,つまり信仰し、正しい行い*を行う者たちを（不信仰の）闇から（信仰の）光[1]へと（導き）出すべく、あなた方にアッラー*の明らかなる御徴（アーヤ*）を読誦する使徒*（という教訓）を。誰であろうと、アッラー*を信じ、正しい行い*を行う者を、かれ（アッラー*）はその下から河川が流れる楽園にお入れになる。彼らはそこに、ずっと永遠に留まるのだ。アッラー*は確かに、（天国における）彼への糧を善きものとされた。 <sup foot_note=>1</sup>,
5229,アッラー*は七層の天と、大地にもそれと同様のものを、お創りになったお方。かれのご命令[1]は、その間から降りて来る。（それは人々よ、）アッラー*にこそが全てのことがお出来になるお方であり、アッラー*こそが全ての物事を、知識によって確かに包囲されているということを、あなた方が知るためなのだ。 <sup foot_note=>1</sup>,
5230,預言者*よ[1]、あなたはなぜ自分の妻たちの満足を求めて、アッラー*があなたに合法とされたものを（自らに）禁じるのか？[2]アッラー*は赦し深いお方、慈愛深い*お方。 <sup foot_note=>1</sup>,
5231,（信仰者たちよ、）アッラー*はあなた方に対し、あなた方の宣誓を解消すること[1]を、確かに義務づけられた。アッラー*はあなた方の守護者であり、かれは全知者、英知あふれる*お方であられる。 <sup foot_note=>1</sup>,
5232,預言者*が彼の妻たちのある者[1]に、ある話を秘密裏に伝えた時のこと。それで彼女がそれを（アーイシャ*に）話し、アッラー*がそれ[2]を彼（預言者*）に明かされた時、彼（預言者*）は（ハフサに、彼女が洩らした秘密の）一部を知らせ、（別の）一部は（言及せずに）放っておいた。そして彼が彼女（ハフサ）にそれを知らせた時、彼女は言った。「誰があなたに、これを知らせたのですか？」彼（預言者*）は言った。「全知者で通暁されているお方（アッラー*）が、私に知らせて下さったのだ」。 <sup foot_note=>1</sup>,
5233,（ハフサとアーイシャ*[1]よ、）あなた方二人がアッラー*に悔悟するならば、（その悔悟は受け入れられよう、）あなた方二人の心は確かに、（真理から）傾いた[2]のだから。そして、もしそこ[3]において助け合うにしても、（預言者*は援助されよう、というのも）実にアッラー*こそが彼の庇護者*であり、ジブリール*と、信仰者の正しい者*たち、そして天使*たちが、（彼に対しての）その更なる援助者なのだから。 <sup foot_note=>1</sup>,
5234,（預言者*の妻たちよ、）彼の主*はーーもし彼があなた方を離婚したらーー、彼にあなた方よりも善い妻たちを、代わりにあてがって下さろう。服従する女（ムスリマ*）たち、信仰する女たち、従順な女たち、悔悟する女たち、崇拝*行為に専念する女たち、斎戒*する[1]女たち、既婚の女たち、処女たち（である妻たちを）。 <sup foot_note=>1</sup>,
5235,信仰する者たちよ、あなた方自身と、あなた方の家族を（地獄の）業火から守るのだ。その燃料は、人々と石[1]。その上には、荒々しく厳しい天使*たち[2]がいる。彼らはアッラー*が彼らに命じられたことで、かれに逆らうことがなく、命じられることをするのである。 <sup foot_note=>1</sup>,
5236,（彼らが地獄に入れられる時、こう言われる。）「不信仰だった者*たちよ、この日、言い訳をするのではない。あなた方が報われるのは、自分たちが（現世で）行っていたこと（の応報）に外ならないのだ」。,
5237,信仰する者たちよ、アッラー*に真摯な悔悟をせよ。あなた方の主*は、あなた方のためにあなた方の悪行を帳消しにして下さり、あなた方を、その下から河川が流れる楽園にお入れになろう。アッラー*が預言者*と、彼と共に信仰した者たちを辱められはしない、（復活の）その日に。彼らの光は（地獄の上の架け橋[1]のもとで）、彼らの前方と右手[2]を（彼らと共に）進む。彼らは言うのだ。「我らが主*よ、私たちに（天国に到達するまで）私たちの光を完遂させ、私たちをお赦し下さい。本当にあなたは、全てのことがお出来であられるお方なのですから」。 <sup foot_note=>1</sup>,
5238,預言者*よ、不信仰者*たちと偽信者*らに対して努力奮闘し、彼らに厳しくあれ。彼らの（来世での）住処は地獄なのだ。そしてその行き先は、何と醜悪なことであろうか。,
5239,アッラー*は（、ムスリム*と近い関係にあったにも関わらず、）不信仰だった者*たちの譬えとして、ヌーフ*の妻とルート*の妻を挙げられた、彼女ら二人は、（それぞれ）われら*の正しい僕二人の（後見）下にあったものの、彼ら二人を（宗教的に）裏切った（不信仰者*だった）のであり、彼ら二人はアッラー*（からの懲罰）に対して、彼女らに少しも役に立てなかった。そして彼女ら二人には（来世で、こう）言われるのである、「（そこに）入る者たちと共に、（地獄の）業火に入るがよい」。,
5240,またアッラー*は（、不信仰者*の中にあったにも関わらず）信仰した者たちの譬えとして、フィルアウン*の妻[1]を挙げられた。彼女が、（こう）申し上げた時のこと。「我が主*よ、天国のあなたの御許で、私のために家をお建て下さい。そして私をフィルアウン*とその（悪い）行いからお救いになり、私を不正*者である民からお救い下さい」。 <sup foot_note=>1</sup>,
5241,また（アッラー*は、）自らの貞操を堅持した、イムラーンの娘マルヤム*（を、信仰者についての譬えとしてお挙げになった[1]）。われら*はその内に、われら*の魂[2]から吹き込んだのである。また、彼女は自分の主*の御言葉と啓典を信じたのであり、従順なものたちの一人であった。 <sup foot_note=>1</sup>,
5242,その御手にこそ（全創造の）王権があるお方（アッラー*）は、祝福にあふれておられる。そしてかれは、全てのことがお出来になられるお方。,
5243,（人々よ、かれは）あなた方のいずれがより善い行いかを試されるべく[1]、死と生をお創りになったお方。かれは偉力ならびない*お方、赦し深いお方であられる。 <sup foot_note=>1</sup>,
5244,（かれは）組み合わさった[1]七層の天を、お創りになったお方。（それを見る者よ、）あなたは慈悲あまねき*お方（アッラー*）の創造に、いかなる不調和も見出さない。では、視線を（天へと）戻してみるがよい。一体あなたは（そこに）、少しでも亀裂を見出すのか？ <sup foot_note=>1</sup>,
5245,それから何度も、視線を戻してみるがよい。（そうすれば、）視線は惨めにも疲れ切って、自らのもとに返って来よう。,
5246,われら*は確かに最下層の天を（星）灯りで飾りつけ、それをシャイターン*らへの射撃とした[1]。そしてわれら*は彼らに、烈火の懲罰を用意したのだ。 <sup foot_note=>1</sup>,
5247,自分たちの主*に対して不信仰だった者*たちには、地獄の懲罰がある。その行き先は、何と醜悪なことであろうか。,
5248,彼ら（不信仰者*）はその中に放り込まれた時、いきり立った（業火の）その咆哮を聞く。,
5249,それは（不信仰者*への憤りゆえ）、張り裂けんばかり。そこに集団が放り込まれるたび、その門番たちは彼らに尋ねる。「あなた方には（現世で、あなた方が今味わっている懲罰を警告する）、警告者が到来しなかったのか？」,
5250,彼らは（、応えて）言う。「ええ、確かに警告者は、私たちのところに来ました。けれども私たちは（彼を）噓つき呼ばわりし、（こう）言ったのです。『アッラー*は（あなた方に啓示を）何一つ、下されてなどいない。あなた方（使徒*たち）は、大きな迷いの中にあるに過ぎないのだ』」。,
5251,また、彼らは言う。「もし私たちが（真理を求めて）聴き、弁えていたら、烈火の徒とはなっていなかったのに」。,
5252,こうして彼らは自分たちの罪を、認める。ゆえに烈火の徒が、（アッラー*のご慈悲から）遠ざけられるよう。,
5253,本当に自分たちの主*を、まだ見ぬままに恐れる[1]者たち、彼らには（罪の）赦しと、（天国での）大いなる報いがある。 <sup foot_note=>1</sup>,
5254,（人々よ、）あなた方の言葉を、秘密にしてみよ。あるいは、それを公にしてみよ（、いずれにしても、アッラー*には同じこと）。本当にかれは、胸中にあるものをご存知のお方なのだから。,
5255,創造されたお方が、（彼らのことを）ご存知にならないとでも？かれは霊妙な*お方、通暁されるお方だというのに。,
5256,かれはあなた方のため、大地を平坦にされたお方。ゆえにその方々を歩き、かれの糧から食べるがよい。そしてかれにこそ、（清算と報いのための）復活があるのだ。,
5257,（不信仰者*たちよ、）一体あなた方は天におられるお方（アッラー*）が、地面をあなた方もろとも沈め給うことから、安全なのか？そしてどうであろう、それ（大地）は（あなた方を滅ぼすまで、）揺れ動くのである。,
5258,いや、一体あなた方は、天におられるお方（アッラー*）が自分たちに、石を運ぶ風をお送りになることから安全だというのか？ならば彼らは、わが警告がいかなるものかを知ることのになろう。,
5259,彼ら（マッカ*の不信仰者たち）以前の者たちは、確かに（彼らの使徒*たちを）噓つき呼ばわりしたのだ。それで、わが否認はいかなるものだったか？[1] <sup foot_note=>1</sup>,
5260,（その無頓着さゆえ、）彼ら（不信仰者*たち）は、自分たちの頭上を羽を広げたり、畳んだり（して飛行）する鳥を見なかったのか？それらを（墜落から）支えられるのは、慈悲あまねき*お方（アッラー*）しかおられない。本当にかれは、全てのことをご覧になるお方。,
5261,いや（、不信仰者*たちよ）、慈悲あまねき*お方を差しおいてあなた方を援助する、あなた方の軍勢であるこの者[1]とは、誰なのか？不信仰者*たちは外ならぬ、（シャイターン*の）欺きの中にある。 <sup foot_note=>1</sup>,
5262,いや、あなた方に糧を授けてくれる、この者とは誰なのかーーかれ（アッラー*）が、その糧を（あなた方から）お控えになったとしたらーー？いや、彼らは反抗と（真理への）忌避と共に、歯向かったのである。,
5263,一体、顔を下にして歩く者が、より導かれているのか？それとも、まっすぐな道を正しく歩く者か？[1] <sup foot_note=>1</sup>,
5264,（使徒*よ、）言ってやれ。「かれ（アッラー*）はあなた方を創造(そうぞう)し、あなた方に聴覚と視覚と心を備え付けて下さったお方。（不信仰者*たちよ、）あなた方が感謝することの少ないこと」。,
5265,言ってやるがいい。「かれは、あなた方に大地に繁茂させられたお方。そしてかれの御許にこそ、あなた方は召集されるのだ」。,
5266,彼ら（不信仰者*たち）は、言う。「その約束（復活の日*）は、いつなのか？もし、あなた方が本当のことを言っているのならば」。,
5267,（使徒*よ、）言ってやれ。「（復活の日*の到来についての）その知識は、アッラー*の御許にこそある。そして私は、明白なる警告者でしかないのだ」。,
5268,それ（アッラー*の懲罰）が近くに迫るのを目にすると、不信仰だった者*たちの顔つきは（憂鬱さゆえに、）悪くなる。そして彼らには、（こう）言われるのだ。「これが、あなた方が（現世で、その到来を）求めていた[1]ものである」。 <sup foot_note=>1</sup>,
5269,（使徒*よ、彼ら不信仰者*たちに）言ってやるがいい。「言ってみよ、もしアッラー*が私と、私と共にある（信仰）者を滅ぼされたり、または私たちにご慈悲をおかけになっ（て、罰から救ってくれ）たりしたとしても、一体誰が、不信仰者たちを痛ましい懲罰から守ってくれるのか？,
5270,言ってやれ。「かれは、慈悲あまねき*お方。私たちはかれを信じ、かれに全てを委ねた*。ならば、あなた方は誰がまさに明らかな迷いの中にあったのか、知ることになろう」。,
5271,（使徒*よ、シルクの徒*に）言うのだ。「言ってみよ、もしあなた方の水が（地下に沈んで）無くなってしまったら、一体誰が、あなた方に湧き水を与えてくれるというのか？」,
5272,ヌーン[1]。筆と、それと彼らが書き記すもの[2]にかけて（誓う）。[3] <sup foot_note=>1</sup>,
5273,（使徒*よ、）あなたは、あなたの主*の恩恵[1]ゆえ、憑かれた者[2]などではない。 <sup foot_note=>1</sup>,
5274,あなたにこそは、まさしく尽きることのない[1]褒美がある。 <sup foot_note=>1</sup>,
5275,また本当に（使徒*よ）、あなたこそは、この上ない（よき）品性を備えている。,
5276,ならば、あなたは目にし、彼ら（不信仰者*たち）も目にするであろう、,
5277,あなた方のいずれが、試練にかけられた者[1]かを。 <sup foot_note=>1</sup>,
5278,本当にあなたの主*こそは、誰がかれの道（イスラーム*）から迷った者かを最もよくご存知であり、（正しい教えに）導かれた者たちを、最もよくご存知であられるのだ。,
5279,ならば（使徒*よ）、（アッラー*の御徴と使徒を）噓呼ばわりする者たちに従うのではない。,
5280,彼らは、あなたが（彼らの宗教に）おもねれば、彼らもおもねることを欲している。[1] <sup foot_note=>1</sup>,
5281,また（使徒*よ）、卑しく、やたらと誓ういかなる者にも従うのではない。,
5282,中傷ばかりして[1]、悪い噂を吹いて回る[2]（者に）。 <sup foot_note=>1</sup>,
5283,善を阻み、（人々への侵害と非合法な物事において）度を越し、罪に溺れた（者に）。,
5284,粗暴で、その上、素性が知れない（者に）。,
5285,財産と子供を有する者だったがゆえに（、彼は真理を受け入れることに対し、高慢になったのだ）。,
5286,われら*の御徴（アーヤ*）が彼に読誦された時、彼は言った。「（これは）昔の人々のお伽噺だ」。[1] <sup foot_note=>1</sup>,
5287,われら*は彼に対し（人の目に明らかな懲罰として）、鼻の上に印をつけてやろう。[1] <sup foot_note=>1</sup>,
5288,本当にわれら*は、彼ら（マッカ*の民）を試練にかけた。ちょうどわれら*が農園主たちを、彼らが「朝早く、それら（果実）を摘み取ってしまおう」と誓った時、試練にかけたように。[1] <sup foot_note=>1</sup>,
5289,（「もし、アッラー*がお望みになったならば」と言って、それが実現しない可能性を）除外することもなく（、彼らはそう誓った）。[1] <sup foot_note=>1</sup>,
5290,それで彼らが（夜中）眠っている最中、あなたの主*からの包囲[1]がそれ（農園）を包囲し、 <sup foot_note=>1</sup>,
5291,それは闇夜のように（、黒焦げに）なってしまった。,
5292,そして彼らは朝、互いに呼びかけ合った、,
5293,「あなた方の作物へと、朝早く出かけよ。もしあなた方が、（それを）摘み取るのならば」と。,
5294,それで彼らは、ひそひそ話し合いつつ出発した。,
5295,「今日は貧者*があなた方と共に、そこ（農園）に入ることがあってはならない」と。,
5296,そして（貧者*たちに果実を）禁じようとして、（計画を実行する）力にみなぎった状態で、朝に出かけた。,
5297,それで、それ（黒焦げになった農園）を見た時、彼らは（信じられず、こう）言った。「本当に私たちは（農園への道で）、迷子になってしまったのだ」。,
5298,（そして、それが自分たちの農園だと認めた時、彼らは言った。）「いや、私たちは（農園の恵みを）禁じられたのである」,
5299,彼らの内、最善の者が言った。「私はあなた方に、『さあ、称える*[1]のだ』と言わなかったか？」 <sup foot_note=>1</sup>,
5300,彼らは言った。「アッラー*に称え*あれ。本当に私たちは、不正*者でした」。,
5301,彼らは互いに、責め合い出した。,
5302,彼らは言った。「我らが災いよ！[1]本当に私たちは、放埓者でした。 <sup foot_note=>1</sup>,
5303,我らが主*は、きっとあれ（農園）より善いものを、私たちに取り替えて下さろう。本当に私たちは、我らが主*にこそ、（お赦しとお恵みを）切望するのだから」。,
5304,（現世の）懲罰とは、このようなもの[1]。そして来世の懲罰こそは、より偉大なのである。彼らがもし、知っていたならば。 <sup foot_note=>1</sup>,
5305,実に敬虔な*者たちには、その主*の御許に安寧の楽園がある。,
5306,一体われら*は服従する者（ムスリム*）たちを、（その報いにおいて、不信仰に陥った）罪悪者たちのようにするであろうか？[1] <sup foot_note=>1</sup>,
5307,一体、あなた方はどうしたことか？あなた方はいかに（不当な）決め方をするのか？,
5308,いや、一体あなた方には啓典があり、あなた方はそれを読んでいるというのか？,
5309,本当にその中で、あなた方は、自分たちが選ぶもの[1]を手にするということを（読んで、見出したのか）？ <sup foot_note=>1</sup>,
5310,いや、一体あなた方には復活の日*まで（存続する）、われら*に対する確固とした誓約があるとでもいうのか？本当にあなた方は、自分たちが決める（思い通りの）ことを手にするという（誓約が）？,
5311,（使徒*よ、）彼らの内の誰がそれ[1]についての保証人なのか、彼ら（シルクの徒*）に尋ねよ。 <sup foot_note=>1</sup>,
5312,いや、一体彼らには、（彼らがアッラー*の）同意者（とするもの）たちが（、その保証人として）あるのか？では、自分たちの同意者たちを連れて来てみるがよい。もし、彼らが本当のことを言っているというのならば。,
5313,その脛が露わにされ[1]、彼ら（不信仰者*や偽信者*）がサジダ*に呼ばれ、（そうすることが）出来ない[2]（復活の）日*のこと（を思い起こさせよ）。 <sup foot_note=>1</sup>,
5314,怖気づいた目をし、屈辱が彼らを覆う。彼らは確かに（現世で、健康も力も備わっていた）無事な時、サジダ*へと呼ばれていた[1]（が、高慢にもそうしなかった）のである。 <sup foot_note=>1</sup>,
5315,ならば（使徒*よ）、（クルアーン*の）この話を噓呼ばわりする者を、われに（任せて）放っておけ。われら*は彼らを、彼らが知らない所から徐々に（破滅へと）導いて行こう。[1] <sup foot_note=>1</sup>,
5316,そしてわれら*は彼らに、猶予を与えておくのだ。本当にわが策略[1]は、手堅いのだから。 <sup foot_note=>1</sup>,
5317,いや（、使徒*よ）、あなたが彼らに見返りを要求し[1]、それで彼らは負債ゆえの重荷を背負わされ（、あなたの呼びかけを拒否す）る者だというのか？ <sup foot_note=>1</sup>,
5318,それとも、彼らのもとには不可視の世界*（の知識）があり[1]、それで彼らが（そこから、人々のために）書き記している[2]とでも？ <sup foot_note=>1</sup>,
5319,ならば（使徒*よ）、あなたの主*のお決めになったことゆえに、忍耐*せよ。そして（悲しみで）意気消沈し、（自分の民への懲罰が早く下ることを）祈った時の、大魚の人（預言者*ユーヌス*）のようになるのではない[1]。 <sup foot_note=>1</sup>,
5320,もし、（彼の悔悟が受け入れられることにより[1]、）彼の主*からのご慈悲が彼に降りかからなければ、彼は謗られつつ、不毛の地に放り去られたであろう。 <sup foot_note=>1</sup>,
5321,だが、かれの主*は彼を選び抜かれ、彼を正しい者*たちの一人とされた。,
5322,（使徒*よ、）不信仰に陥った者*たちは教訓（クルアーン*）を耳にした時、その視線によって、あなたを今にも躓かせんばかりである[1]。そして彼らは、言うのだ。「本当に彼（ムハンマド*）は、まさに憑かれた者[2]である」。 <sup foot_note=>1</sup>,
5323,それは全世界への教訓に、外ならないというのに。,
5324,真実（である復活の日*）、,
5325,真実（である復活の日*）とは何か？,
5326,（使徒*よ、）あなたに、真実（である復活の日*）が何かということを知らせるものは、何か？,
5327,サムード*とアード*は、（恐怖による）衝撃（である復活の日*）を噓呼ばわりした。,
5328,それでサムード*はといえば、甚だしいものによって[1]滅ぼされた。 <sup foot_note=>1</sup>,
5329,またアード*はといえば、凄まじい咆哮の暴風によって滅ぼされた。,
5330,かれ（アッラー*）はそれ（暴風）で彼らを、七晩と八昼に渡って続けざまに制圧した。あなたはその民がその（暴風の）中で、まるで空洞になったナツメヤシの木の根幹のようになぎ倒されているのを見る。,
5331,あなたは彼らの内、一人でも（その懲罰から生き）残った者を見出すのか？,
5332,また、フィルアウン*とそれ以前の（不信仰）者*、転覆した町々[1]は、罪[2]を犯した。 <sup foot_note=>1</sup>,
5333,彼らは自分たちの主*の使徒*に逆らった。それで、かれ（（アッラー*）は途轍もない罰で彼らを罰した。,
5334,本当にわれら*は、（洪水で）水が溢れた時、あなた方（の先祖であるヌーフ*と、彼と共にあった者たち）を、走るもの（船）に乗せて運んだ。[1] <sup foot_note=>1</sup>,
5335,（それは、）われら*がそれ[1]をあなた方への教訓とし、分別ある耳がそれを分別（し、記憶）するためである。 <sup foot_note=>1</sup>,
5336,角笛に一吹き、吹き込まれ、[1] <sup foot_note=>1</sup>,
5337,大地と山々が（元の場所から）運ばれ、それらが一撃のもと粉々にされる時、[1] <sup foot_note=>1</sup>,
5338,その日、（復活の日*という）出来事は起こる。,
5339,また天は裂け、それはその日脆くなる。,
5340,そして天使*は（天の）その方々にあり、八名（の天使*）がその日、あなたの主*の御座[1]をその上に担ぐ。[2] <sup foot_note=>1</sup>,
5341,（人々よ、）その日、あなた方は（清算と報いへと）差し出されるのだ。あなた方のいかなる秘め事も、（アッラー*から）隠しおおせはしない。,
5342,自分の（行いの）帳簿を右手に渡された者はといえば、（嬉々として、こう）言う。「お取り下さい、我が帳簿をお読み下さい。[1] <sup foot_note=>1</sup>,
5343,私は、我が清算と面会することを、（現世で）確信していたのですから」。,
5344,彼は、満足する生活の中にある、,
5345,高き楽園の中。,
5346,その果実の房は、手近にある。,
5347,（彼らには、こう言われる。）「過ぎ去った（現世での）日々において、あなた方が既に行った（正しい）ことゆえ、おいしく食べ、飲むがよい」。,
5348,そして、自分の（行いの）帳簿を左手に渡された者[1]はといえば、（悔しがって、こう）言う。「我が帳簿など渡されることがなかったら、よかったのに。 <sup foot_note=>1</sup>,
5349,我が清算など、知らなければよかった。,
5350,あれが終結であれば、よかったのに。[1] <sup foot_note=>1</sup>,
5351,我が財産は、私の役に立たなかった。,
5352,（言い訳に出来る）我が根拠[1]は、私から消え失せてしまったのだ」。 <sup foot_note=>1</sup>,
5353,（地獄の番人たちに、こう言われる。）「彼を捕まえ、（枷で）縛りつけよ。,
5354,それから彼を地獄に入れて、炙ってやれ。,
5355,それから、七十腕尺[1]の長さの鎖の中に、彼を巻き入れよ。 <sup foot_note=>1</sup>,
5356,本当に彼は、この上なく偉大な*アッラー*を信じておらず、,
5357,貧者*たちに食べ物を施すことを、勧めてもいなかったのだから。,
5358,ゆえにこの日、彼にはそこで（懲罰から守ってくれる）、近しい者もいなければ、,
5359,（地獄の徒の体から出る）膿[1]ぐらいしか、食べ物もない。 <sup foot_note=>1</sup>,
5360,それを食べるのは、（不信仰による）罪深い者たちのみである」。,
5361,われはまさに、あなた方が見えるものにおいて、誓う。[1] <sup foot_note=>1</sup>,
5362,また、あなた方が見えないものにおいて（、誓う）。,
5363,本当にそれ（クルアーン*）は、まさしく高貴なる使徒*の（読誦する、アッラー*の）言葉。,
5364,そしてそれは、詩人の言葉などではない。あなた方が信じることの、少ないことよ。,
5365,また、占い師[1]の言葉でもない。あなた方が教訓を受けることの、少ないことよ。 <sup foot_note=>1</sup>,
5366,（クルアーン*は）全創造物の主*アッラー*からの、降示なのである。,
5367,もし、彼（ムハンマド*）がわれら*に対し、いくらかでも（われら*が言っていない）言葉を捏造したのであれば、,
5368,われら*は彼を右手[1]で罰し、 <sup foot_note=>1</sup>,
5369,それから、彼の大動脈を断ち切ってしまっただろう。[1] <sup foot_note=>1</sup>,
5370,そして、あなた方の内の誰も、彼を（われら*の懲罰から）遮る者はないのである。,
5371,また、本当にそれ（クルアーン*）は、敬虔*な者たちへの教訓である。,
5372,そして実にわれら*は、あなた方の内に（それを）噓呼ばわりする者たちがいることを、まさしく知っている。,
5373,また、本当にそれは、まさに不信仰者*たちへの悲痛[1]である。 <sup foot_note=>1</sup>,
5374,そして本当にそれは、確固たる真実なのだ。,
5375,ならばこの上なく偉大な*、あなたの主*の御名で（アッラー*を）称え*よ。[1] <sup foot_note=>1</sup>,
5376,請う者が、（自分と自分の民に、復活の日*に）起こるべき懲罰（が下されること）を請うた。[1] <sup foot_note=>1</sup>,
5377,不信仰者*たちには、それを防いでくれる者など、いない。,
5378,階段の主[1]であられるアッラー*から（、それを防いでくれる者など）。 <sup foot_note=>1</sup>,
5379,天使*たちと魂[1]は、その長さが五万年もの日、かれの御許へと昇っていく[2]。 <sup foot_note=>1</sup>,
5380,ならば（使徒*よ、彼らの嘲笑と挑発に）、よき忍耐[1]で忍耐*せよ。 <sup foot_note=>1</sup>,
5381,本当に彼ら（不信仰者*）は、それ（懲罰）があり得ないと思っている。,
5382,そしてわれら*は、それが近い（日に、確実に到来する）ものと見る。,
5383,天が、溶けた鉛のようになる日。,
5384,また山々が、（解されて散り散りになった、）染められた羊毛のようになる日。[1] <sup foot_note=>1</sup>,
5385,近しい者が、近いしい者について尋ねることもない。[1] <sup foot_note=>1</sup>,
5386,彼らには、彼ら[1]が見える。（不信仰だった）罪悪者は、自分の子供たちで、その日の懲罰を償えば、と望む。 <sup foot_note=>1</sup>,
5387,また自分の配偶者、兄弟、,
5388,自分を匿ってくれる近親、,
5389,そして地上の全ての者（によって自らの懲罰を償うこと）で、（その代償が）自分を救ってくれることを（望む）。,
5390,断じて（、そんなことは役に立た）ない！実にそれ（地獄）は燃え盛るもの。,
5391,（それは、）身体の各部[1]をもぎ取る。 <sup foot_note=>1</sup>,
5392,それは、招くのである。（現世での真理に）背を向け、（アッラー*とその使徒*への服従から）背き去り、,
5393,（財産を）かき集めては、（そこにおけるアッラー*への義務も果たすことなく、）貯めこんだ者を。,
5394,本当に人間は、せっかちに創られた。,
5395,悪が自分に降りかかれば、ひどく取り乱し、,
5396,善が自分に降りかかれば、強欲になる。,
5397,但し、礼拝する者たちは別だが。[1] <sup foot_note=>1</sup>,
5398,（彼らは、）自らの礼拝を常々（守りつつ、）行う者たち。,
5399,また、自らの財産の内に、（施しのための）一定の権利[1]がある者たち、 <sup foot_note=>1</sup>,
5400,（人々に施しを）要求する者にも、（それを）禁じられた者[1]に対しても。 <sup foot_note=>1</sup>,
5401,また、報いの日*を信じ（、正しい行い*によってそれに備える）る者たち。,
5402,また、自らの主*の懲罰に、怯える者たち。,
5403,——本当に彼らの主*の懲罰は、（誰も）安心していられるものではないのだから——。,
5404,また、自らの陰部を（禁じられた物事[1]から）守る者たち。 <sup foot_note=>1</sup>,
5405,但し、自分の妻たち、あるいは自分の右手が所有するもの（奴隷*女性）は別で、本当に彼ら（合法な物事だけを行う者たち）は咎められ者などではない。,
5406,誰であろうとそれ以上を欲する者、それらの者たちこそは（アッラー*の法の）違反者なのだ。,
5407,また、自らの信託と契約を厳守する[1]者たち。 <sup foot_note=>1</sup>,
5408,また自らの証言を（改変も隠蔽もなく）遂行する者たち。,
5409,また、自分たちの礼拝を固守する者たち。,
5410,それらの者たちは天国で、厚遇される者たちである。,
5411,（使徒*よ、）不信仰に陥った者*たちが、あなたに、向かってあたふたとやって来るのは、どうしたことか？[1] <sup foot_note=>1</sup>,
5412,右から左から、三々五々に？,
5413,一体、彼ら（不信仰者*たち）の内のいずれの者も、安寧の楽園に入られることを所望しているというのか？[1] <sup foot_note=>1</sup>,
5414,断じて（、そんなことは絶対にあり得）ない！本当にわれら*は彼らが知っているもの[1]から、彼らを創ったのだから。 <sup foot_note=>1</sup>,
5415,われはまさに、いくつもの東と、いくつもの西[1]において誓う[2]。本当にわれら*はまさしく、可能な者なのである、 <sup foot_note=>1</sup>,
5416,彼らよりも（アッラー*に服従する）善い者たちを、（彼らの）代わりとすることが。そしてわれらは、出し抜かれる者などではない。,
5417,ならば（使徒*よ）、彼らを放っておけ。彼らは、自分たちが（懲罰[1]を）約束されている日に遭遇するまで、（虚妄の中に）のめり込み、（宗教において）戯れるであろう。 <sup foot_note=>1</sup>,
5418,まるで（アッラー*を差しおいて崇めるために）立てられたもの[1]へと急ぐように、彼らが墓場から慌てて出て来る日に（遭遇するまで）。 <sup foot_note=>1</sup>,
5419,怖気づいた目をし、屈辱が彼らを覆う。それが（現世で）、彼らに約束されていた日なのである。,
5420,本当にわれら*は、ヌーフ*をその民に遣わし（て言っ）た。「あなたの民に警告せよ。彼らに、（その信仰ゆえの）痛ましい懲罰が到来する前に」。,
5421,彼（ヌーフ*）は言った。「我が民よ、本当に私は、あなた方への明白なる警告者[1]なのだ。 <sup foot_note=>1</sup>,
5422,アッラー*（だけ）を崇拝*し、かれを畏れ*、私に従え。,
5423,（そうすれば、）かれはあなた方に、あなた方の罪をお赦し下さり、（罰することなく、）あなた方に定められた期限[1]までの猶予を与えて下さろう。本当に、アッラー*の期限が到来したら、それは（絶対に）猶予されることがないのだ。あなた方が（そのことを）知っていたのなら（、かれへの信仰と服従へと急いだであろうに）」。 <sup foot_note=>1</sup>,
5424,彼（ヌーフ*）は言った。「我が主*よ、本当に私は我が民を、夜に昼に、（あなたへの信仰へと）招きました。,
5425,そして（彼らに対する）私の招きは、彼らの逃亡に拍車をかけただけでした。,
5426,また本当に、あなたが彼ら（の罪）をお赦し下さるよう、私が彼らを（あなたへの信仰へと）招くたび、彼らは（それを聞くまいとして）その指を自分たちの耳にあて、（私を見まいとして）衣服で身を覆い、（信仰を受け入れることに対して）ひふどく驕り高ぶりました。,
5427,それから本当に私は、彼らを大っぴらに（信仰へと）招き、,
5428,それから本当に私は、（ある時は）彼らに対して（布教を）公然と行い、（またある時には）彼らに対して（布教を）そっと内密に行いました。,
5429,また、私は（民に）言いました。『あなた方の主*に、（罪の）赦しを乞い（、不信仰から悔悟し）なさい。本当にかれは、赦し深いお方なのだから。,
5430,（そうすれば、）かれは、あなた方の上に豊かな雨をお送りになり、,
5431,あなた方に財産と子供を増やされ、あなた方のために農園を創られ、あなた方のために河川をお創りになろう。,
5432,（民よ、）あなた方がアッラー*の偉大さを怖れないのは、どういうことか？[1] <sup foot_note=>1</sup>,
5433,かれは確かに、あなた方を階段的にお創りになった[1]というのに。 <sup foot_note=>1</sup>,
5434,一体あなた方は、いかにしてアッラー*が、組み合わさった[1]七層の天をお創りになったのか、見なかったのか？ <sup foot_note=>1</sup>,
5435,また、かれが月をそこにおける光とされ、太陽を煌々たる灯火とされたのを？,
5436,アッラー*は、あなた方（の先祖アーダム*）を確かに大地から芽生え[1]させられ、 <sup foot_note=>1</sup>,
5437,それから、あなた方を（その死後に）そこへとお戻しになり、（復活の日*には）あなた方を必ずや（そこから）お出しになる。,
5438,またアッラー*は、あなた方のために大地を敷物（のように平坦なもの）とされた。,
5439,（それは、）あなた方がそこで、広々とした道々を進むためである」。,
5440,ヌーフ*は言った。「我が主*よ、本当に彼ら（民の内の弱者たち）は私に逆らい、その財産も子供も自らに損失しか上乗せしない者に従ってしまいました。[1] <sup foot_note=>1</sup>,
5441,彼らは（弱者たちに対して、）途方もない策謀[1]を企んだのです。 <sup foot_note=>1</sup>,
5442,また、彼らは（弱者たちに）言いました。『あなた方は絶対に、（アッラー*だけを崇拝*することで、）あなた方の神々を捨て去ってはならないぞ。そして絶対に、ワッド、スワーゥ、ヤグース、ヤウーク、ナスル[1]を捨て去ってはならない』。 <sup foot_note=>1</sup>,
5443,彼らは確かに、多くの者たちを迷い去らせました」。（それから、ヌーフ*は言った。）「（我が主*よ、）不正*者たちには迷いの外、何も上乗せしないで下さい」。[1] <sup foot_note=>1</sup>,
5444,彼らは（不信仰への固執という）その過ちゆえ、（洪水で）溺れさせられ[1]、業火に入れられた。そして彼らはアッラー*とは別の、自分たちのための援助者たちを見出すこともなかった。 <sup foot_note=>1</sup>,
5445,また、ヌーフ*は言った[1]。「我が主*よ、不信仰者*で動き回る者[2]は誰一人、地上に残しておかないで下さい。 <sup foot_note=>1</sup>,
5446,本当にもし、あなたが彼らを残しておかれるなら、彼らはあなたの（信仰者である）僕たちを迷わせ、彼らは放逸で不信仰の激しい者（となる子孫）しか生まないでしょうから。,
5447,我が主*よ、私と我が両親、信仰者として家に入った者[1]、信仰者の男たちと信仰者の女たちを、お赦し下さい。そして不正*者たちには、現世と来世における）滅亡以外の何も上乗せしないで下さい」。 <sup foot_note=>1</sup>,
5448,（使徒*よ、）言え。「私には、啓示された。ジン*の集団が（、私のクルアーン*読誦に）耳を傾け、（自分たちの民に、こう）言ったということを。『本当に私たちは、驚くべき読み物[1]（クルアーン*）を聞いた。[2] <sup foot_note=>1</sup>,
5449,（それは）正しさへと導いてくれる。ゆえに私たちはそれを信じたのであり、我らが主*に何者も並べたりはしまい[1]』。 <sup foot_note=>1</sup>,
5450,また、——我らが主*の偉大さは、崇高である——、かれが配偶者も子供も、もうけられなかったということ。[1] <sup foot_note=>1</sup>,
5451,また、私たちの内の愚か者[1]が、アッラー*に対して（真実から）逸脱したこと[2]を言っていたということ。 <sup foot_note=>1</sup>,
5452,また、私たちが人間もジン*も、アッラー*に対して嘘[1]などつかないだろう、と思っていたということ。 <sup foot_note=>1</sup>,
5453,また、人間の男たちがジン*の男たちに加護を乞い、それで彼ら（ジン*）が彼ら（人間）に恐怖[1]を上乗せしたということ。 <sup foot_note=>1</sup>,
5454,また（ジン*たちよ）、あなた方が考えていたように、アッラー*は誰も（死後に）蘇らせたりしないだろうと、彼ら（人間の不信仰者*たち）が考えていたということ。,
5455,また、私たちが（天界の住民の話を聴こうとして）天を探ると、そこが（天使*たちによる）厳しい警護と、流星に満ち溢れている[1]のを、見出した。ということ。 <sup foot_note=>1</sup>,
5456,また、私たちが（以前、天界の話を）聴くために、その一部に居場所を構えていた、ということ。そして今、聞き耳を立てる者は誰でも、そこに護衛の流星を見出すのだ。,
5457,また、（この天界の変化によって）一体、地上の者に悪が望まれているのか、それとも彼らの主*が彼らに正しい導きをお望みなのか、私たちには分からないということ。[1] <sup foot_note=>1</sup>,
5458,また私たちの内には正しい者*たちもいれば、そうでないのもいるということ。私たちは、ばらばらな道にあった。,
5459,また、私たちが地上で、アッラー*（がお望みになったこと）から逃れることも（出来）なく、（天へと）逃亡してかれから逃れることも（出来）ないことを確信した、ということ。,
5460,また、私たちが導き（クルアーン*）を聞いた時、それを信じた、ということ。自らの主*を信じる者は誰でも、いかなる（善行の）減損も、屈辱も、怖れることがないのだから。,
5461,また、私たちの内には服従した者（ムスリム*）たちもいれば、（真理から外れた）不公正な者たちもいる、ということ。そして誰であろうと服従した者（ムスリム*）、それらの者たちは正しい導きを目指したのだ。,
5462,また、（真理から外れた）不公正な者たちはといえば、地獄の薪となった」。,
5463,また、もし彼ら（不信仰者*の人間とジン*）が（、イスラーム*という）道をまっすぐ歩んだ[1]のなら、われら*が彼らに豊富な水を飲ませてやったのだ、ということ。[2] <sup foot_note=>1</sup>,
5464,（われら*の恩恵に感謝すいるかどうか、）彼らを試練にかけるべく。そして自らの主*の唱念[1]に背を向ける者があれば、かれ（アッラー*）はその者を険しい懲罰にお入れになろう。 <sup foot_note=>1</sup>,
5465,また、マスジド*はアッラー*（だけを崇拝*するため）のもの、ということ。ならば、あなた方はアッラー*と並べて、何ものにも祈って（崇拝*して）はならない。[1] <sup foot_note=>1</sup>,
5466,また、アッラー*の僕（ムハンマド*）が、かれに祈って（崇拝*しつつ）立った時、彼ら（ジン*たち）は（クルアーン*を聴くために、）彼に一丸とな（って覆いかぶさ）らんばかりだったということ。[1] <sup foot_note=>1</sup>,
5467,（使徒*よ、不信仰者*たちに）言ってやれ。「私は我が主*（だけ）に祈願（しつつ崇拝*）するのであり、かれ（の崇拝*）に誰も並べたりはしない[1]」。 <sup foot_note=>1</sup>,
5468,（使徒*よ、）言うのだ。「本当に私は、あなた方に対して、害悪も善も有してはいない」。,
5469,（使徒*よ、）言え。「実に（もし私がアッラー*に逆らえば）、誰一人アッラー*（の懲罰）から私を守ってくれはしないし、また私がかれをよそに、（かれの懲罰からの）いかなる避難所も見出すこともない。,
5470,ただ、アッラー*と、かれのお言伝からの伝達のみ（を、私は有しているのだ）。誰であろうと、アッラー*とその使徒*に逆らう者、実にその者には地獄があり、彼らはずっと永遠にそこに留まる。,
5471,やがて自分たちが約束されているもの（懲罰）を見る時、彼ら（シルクの徒*）は誰が援助者が弱く、（軍勢の）数が少ない者かを知ることになろう」。,
5472,（使徒*よ、彼らシルクの徒*に）言ってやれ。「私は、あなた方が約束されているもの（懲罰）が近いのか、それとも、我が主*がそこに（長い）期間を置かれるのか、分からない」。,
5473,（アッラー*は、）不可視の世界*をご存知のお方であり、かれの不可視の世界を、誰にも露わにはされない。,
5474,ただ、かれがご満悦になった使徒*である者は別（で、不可視の世界*の一部を、お教えになる）。というのも、本当にかれは彼の前と後ろから、（天使*の）護衛を遣わされる[1]のだから。 <sup foot_note=>1</sup>,
5475,（それは使徒が、）彼ら（過去の使徒*たち）[1]がその主*のお言伝を確かに伝達した、ということ、そして、かれ（アッラー*）が（その知識で、）彼らのもとにあるものを包囲され、全ての物事の数を数え上げられたということを知るためなのである。 <sup foot_note=>1</sup>,
5476,衣を纏う者[1]よ、 <sup foot_note=>1</sup>,
5477,少しだけ除いて、（礼拝のため）夜に起きていよ。[1] <sup foot_note=>1</sup>,
5478,つまり、その半分（を起きて過ごせ）。または、そこから少し（、つまり三分の一まで）減らすがよい。,
5479,あるいは、そこに上乗せし（、三分の二にし）てもよい。そしてクルアーン*を、明瞭に区切りつつ読誦せよ[1]。 <sup foot_note=>1</sup>,
5480,（預言者*よ、）本当にわれら*は、あなたに重厚な言葉（クルアーン*）[1]を投げかけよう。 <sup foot_note=>1</sup>,
5481,実に夜に生ずるもの（崇拝*行為）は、より強く（心に）響き、より確実な言葉[1]なのだ。 <sup foot_note=>1</sup>,
5482,本当にあなたには昼間、（生活や用事のための）長い奔走がある。,
5483,（夜か昼かを問わず、）あなたの主*の御名を唱念し、かれ（の崇拝*）に完全に専念せよ。,
5484,（かれは）東西（と、そこにある全て）の主*なのだ。かれ以外に（真に）崇拝*すべきものはない。ならば、かれを委任者[1]とせよ。 <sup foot_note=>1</sup>,
5485,また、彼ら（シルクの徒*）が（あなたの宗教について）言うことに忍耐*し、彼ら（の悪）を綺麗な回避でもって避けるのだ。,
5486,そして（使徒*よ）、贅沢さの主で（クルアーン*を）嘘呼ばわりする者たちを、われに（任せて）放っておき、少しの間、彼らに猶予を与えておけ。,
5487,本当にわれら*のもとには（来世で）、重いくびきと火獄、,
5488,そして喉に詰まる食べ物[1]と、痛ましい懲罰がある。 <sup foot_note=>1</sup>,
5489,大地と山々が激震し、山々が砕け散った砂山となる日に。[1] <sup foot_note=>1</sup>,
5490,本当にわれら*は使徒*（ムハンマド*）を、あなた方に対する証人[1]としてあなた方に遣わした。ちょうど、フィルアウン*に使徒*（ムーサー*）を遣わしたように。 <sup foot_note=>1</sup>,
5491,それでフィルアウン*は使徒*に逆らい、われら*は彼をおぞましい罰で罰した。,
5492,では、かれ（アッラー*）が子供たちを（その余りの恐怖ゆえに）白髪にされる（復活の）日*、あなた方はいかにして自分たちを守るというのか？もし、あなた方が不信仰に陥ったのなら？,
5493,そこにおいて、天は裂ける[1]。かれのお約束は、実現されることになっていたのだ。 <sup foot_note=>1</sup>,
5494,本当にこれ（警告のアーヤ*）は、教訓である。そして、誰でも（それによる教訓を）望む者には、（服従行為と敬虔*さによって）自らの主*（のご満悦）へと道を取らせよ。,
5495,（使徒*よ、）本当にあなたの主*は、あなたと、あなたと共にある者の一団が、（時には）夜の三分の二未満、（時には）その半分、（また時には）その三分の一を（礼拝に）立つことをご存知である。そしてアッラー*（のみ）が、夜と昼（の範囲）をお定めにな（り、それをご存知にな）るのだ。かれは、あなた方がそれを数え上げられないことをご存知になり、あなた方の悔悟をお受け入れになった[1]。ならば（夜の礼拝の中で）、クルアーン*から、（あなた方にとって読誦が）容易なものを誦むがよい[2]。かれは、あなた方の内に病人や、アッラー*のご恩寵を求めつつ地上を旅する別の者たち、アッラー*の道において努力奮闘する別の者たちが出てくることも、ご存知になったのだから。ならば（夜の礼拝の中で）、そこ（クルアーン*）から、（あなた方にとって読誦が）容易なものを誦むがよい。そして（義務の）礼拝を遵守*し、浄財*を支払い、アッラー*によき貸付[3]をせよ。あなた方が自分のためにしておく善いことは何であれ、あなた方はそれを（復活の日*に）アッラー*の御許で、（現世で自分たちが行ったもの）より善く、より偉大な報いとして見出すことになるのだから。そしてアッラー*に、お赦しを乞え。本当にアッラーは、赦し深いお方、慈愛深い*お方なのだ。[4] <sup foot_note=>1</sup>,
5496,（衣に）包まる者よ、[1] <sup foot_note=>1</sup>,
5497,立ち上がり、（人々にアッラー*の懲罰を）警告せよ。,
5498,また、あなたの主*（の偉大さを）称揚し*、,
5499,あなたの衣服を清め、[1] <sup foot_note=>1</sup>,
5500,偶像[1]（と、あらゆるシルク*）を避けよ。 <sup foot_note=>1</sup>,
5501,また、（見返りに）多くのものを得ようとしつつ、恵んではならない。,
5502,そして、あなたの主*の（ご満悦の）ため、忍耐*せよ。,
5503,角笛に打ち鳴らされる時、[1] <sup foot_note=>1</sup>,
5504,その日、それは困難な日である。,
5505,不信仰者*たちにとって、容易ではない。,
5506,（使徒*よ、）われに（任せて）放っておけ、われが（子供も財産もない）独りきりの者として（彼の母親の胎内に）創った者を。,
5507,われは、彼にたっぷり財産を授けてやった。,
5508,（離れることなく、彼にいつも）お付きする、子供たちも。,
5509,また、われは彼に（生計の）道を均してやった。,
5510,その後に及んで彼は（不信仰に陥り）、われが（彼の子供と財産に）上乗せすること[1]を所望するのだ。 <sup foot_note=>1</sup>,
5511,断じて（、そんなことはあり得）ない！本当に彼は、われら*の御徴[1]（を噓呼ばわりすること）に頑迷な者だったのだから。 <sup foot_note=>1</sup>,
5512,われはやがて、彼を険しい上り坂（による懲罰）で苦しめてやろう。[1] <sup foot_note=>1</sup>,
5513,本当に彼は、（使徒*とクルアーン*に対する誹謗を）思索し、準備したのだから。,
5514,彼が成敗されますよう。彼はいかに（そのような誹謗を）準備したというのか？,
5515,そして、彼が成敗されますよう。彼はいかに（そのような誹謗を）準備したというのか？,
5516,それから、彼は（準備した誹謗を）吟味した。,
5517,それから彼は（、クルアーン*を誹謗することが出来ないことを認めると、）眉をひそめ、顔をしかめた。,
5518,それから彼は（真理に背を向け）後退し、（真理を認めずに）驕り高ぶった。,
5519,そして、彼は言った。「これ（クルアーン*）は、（昔の人々から）伝わる魔術に外ならない。,
5520,これは人間の言葉以外の、何ものでもないのだ」。[1] <sup foot_note=>1</sup>,
5521,われはやがて、彼を焦炎[1]へと入れて炙ってやろう。 <sup foot_note=>1</sup>,
5522,焦炎が何かを、あなたに知らせるものは何か？,
5523,それは（肉も骨も、焼き尽くして）残してはおかず、放っておきもしない。[1] <sup foot_note=>1</sup>,
5524,（それは、人間の）皮膚を、黒焦げに変える。,
5525,その上には、（地獄の番人である）十九人（の天使*たち）がいる。[1] <sup foot_note=>1</sup>,
5526,われら*は地獄の主（である番人）たちを、天使*以外の何者にもしなかった。また、その数を、不信仰に陥った者*たちへの試練以外の何ものともしなかった[1]。（また、それは）啓典を授けられた者*たちが（クルアーン*の真実性を）確信し[2]、信仰する者たちが信仰心を増加させ、そして啓典を授けられた者*たちと信仰者たちが疑惑に陥らないようにするためであり、かつ心の中に病がある者[3]たちと不信仰者*たちに、「一体アッラー*は、この譬えで何を望んだのか？」と言わせるためである。同様にアッラー*は、かれがお望みになる者を迷わされ、かれがお望みになる者を導かれる。そして（それらの天使*も含め）、あなたの主*の軍勢を知るのは、かれのみであり、それ[4]は人間に対する教訓に外ならないのだ。 <sup foot_note=>1</sup>,
5527,断じて（、使徒*は噓つきなどでは）ない！月にかけて、[1] <sup foot_note=>1</sup>,
5528,また、後退する夜にかけて、,
5529,また、露わになる朝にかけて（誓う）、,
5530,本当にそれ（地獄）はまさに途方もない事の一つなのである。,
5531,人類への警告である。,
5532,あなた方の内、（服従行為によってアッラー*のお傍へと）近づくことを、あるいは（罪によって、かれから）遠ざかることを、望む者への（警告なのだ）。,
5533,全ての者は、自分が稼いだことによって差し押さえられた者[1]。 <sup foot_note=>1</sup>,
5534,但し、右側の徒[1]は別だが。 <sup foot_note=>1</sup>,
5535,彼らは楽園で尋ね合う、,
5536,（不信仰を犯していた）罪悪者たちについて、,
5537,「あなた方を焦炎[1]に入れたのは、何なのか？」と。[2] <sup foot_note=>1</sup>,
5538,彼ら（罪悪者たち）は、言った。「私たちは（現世で）礼拝する者ではなく、,
5539,貧者*たちに食べ物を与えてもいませんでした。,
5540,また、私たちは戯言を喋る者たちと共に戯言を喋り、,
5541,報いの日*を噓呼ばわりしていました、,
5542,確然たるもの[1]が到来するまで」。 <sup foot_note=>1</sup>,
5543,ならば、執り成し手らの執り成しが、彼らの役に立つことはない。[1] <sup foot_note=>1</sup>,
5544,彼ら（シルク*の徒）が、教訓（クルアーン*）から背を向けるのは、どういうことか？,
5545,まるで退散するロバのように？,
5546,ライオン[1]から逃げ出した（ロバのように？）。 <sup foot_note=>1</sup>,
5547,いや、彼ら（シルク*の徒）の全ての者が、開かれた書巻を授かることを望んでいるのか？[1] <sup foot_note=>1</sup>,
5548,断じて（、そんなことがあるはずも）ない！彼らは来世を怖れてはいないのだ。,
5549,断じて（真実である）！本当にそれ（クルアーン*）は教訓なのだ。,
5550,そして誰でも（教訓を）望む者には、それを熟慮させよ。,
5551,そして彼らは、アッラー*が（彼らに導きを）お望みにならない限り、（教訓を）想起することがない[1]。かれは畏れ*の念（を受ける）に相応しいお方、お赦し（をお授けになる）に相応しいお方。 <sup foot_note=>1</sup>,
5552,われはまさに、復活の日*にかけて誓う。[1] <sup foot_note=>1</sup>,
5553,また、責め苛む魂[1]にかけて誓う（、人々は蘇らされるのである、と）。 <sup foot_note=>1</sup>,
5554,（不信仰な）人間は、われら*が彼の骨を（それが散り散りになった後に、）集めることが（出来）ない、とでも思っているのか？,
5555,いや、われら*はその指先まで、きっちり整え（て組み立て、生前と同じ状態に復活させ）ることが出来る。,
5556,いや、（不信仰な）人間は、自らの前途において[1]放逸であることを欲し（、復活を否定し）ている。 <sup foot_note=>1</sup>,
5557,「復活の日*は、一体いつなのか？」と尋ねながら。,
5558,（人々の）眼が（、復活の日*の恐怖によって）動転し、,
5559,月（の明かり）が消え、,
5560,太陽と月が（共に暗くなって、）一緒くたにされる時、[1] <sup foot_note=>1</sup>,
5561,人間はその日、言う。「（懲罰からの）逃げ場所はどこだ？」,
5562,断じて（、そうはいか）ない。避難場所など、ないのだ。,
5563,その日はあなたの主*にこそ、定住先があるのだから。,
5564,人間はその日、自分が（生きている時に）早めたものと、遅らせたもの[1]について（全て）告げ聞かせられる。 <sup foot_note=>1</sup>,
5565,いや、人間は自分自身（が行ったこと）に対する、証人である。,
5566,たとえ、自分の（罪の）言い訳を申し立てても。,
5567,——（預言者*よ、啓示が下った時には、）それ（クルアーン*の暗記）に急ぐがゆえに、（啓示が下りきる前に）あなたの舌を動かすのではない。[1] <sup foot_note=>1</sup>,
5568,本当にそれを（あなたの胸に）結集させることと、それを（あなたが望む時にいつでも）読むこと（を可能にさせるの）は、われら*の任務なのだから。,
5569,それで、われら*がそれを（ジブリール*を介し、あなたに）読んだ時には、その読みに（まずはよく耳を傾け、それからその読誦に）続くのだ。,
5570,それから、実にわれら*にこそ、その（意味や法規定についての）説明義務があるのだ——。,
5571,（シルク*の徒よ、）断じて（、復活と報いは嘘などでは）ない。いや、あなた方は手っ取り早いもの（現世）を愛し、,
5572,来世（のための行い）を放ったらかしにしている。[1] <sup foot_note=>1</sup>,
5573,（復活の）その日、（信仰者たちの）ほころびる顔は、,
5574,まさにその主*を眺める。[1] <sup foot_note=>1</sup>,
5575,またその日、（不信仰者*たちの）しかめっ顔は、,
5576,脊椎を破壊するほどの災禍が、自分たちに及ぼされることを確信する。,
5577,断じて（、復活と報いなどでは）ない！（死期が到来して、）それ（魂）が鎖骨まで達し、[1] <sup foot_note=>1</sup>,
5578,（彼らの間で）「（この状態を）治してくれる者は、誰か？」と言われ、,
5579,それがまさに（現世との）別離だと確信し、,
5580,脛と脛が絡み合った時。[1] <sup foot_note=>1</sup>,
5581,（復活の日*、）あなたの主*にこそ、連れられて行く先があるのである。,
5582,彼（不信仰者*）は、（使徒*もクルアーン*も）信じなければ、礼拝もしなかった。,
5583,それどころか（クルアーン*を）噓呼ばわりし、（信仰から）背いた。,
5584,それから自分の家族のもとへ、闊歩しつつ[1]向かったのだ。 <sup foot_note=>1</sup>,
5585,あなたに、もっと（破滅が）近づくよう、もっと（破滅が）近づくよう。,
5586,更に、あなたにもっと（破滅が）近づくよう、もっと（破滅が）近づくよう。[1] <sup foot_note=>1</sup>,
5587,一体、（復活を否定する）人間は、（命令も禁止もされず、報いも懲罰もなく、）放ったらかしにされるとでも思っているのか？,
5588,彼は、（子宮へ）注がれる精液の一滴ではなかったのか？,
5589,それから一塊の凝血となり、そしてかれがお創りになって、（その姿形を最も美しく）整えられ、,
5590,そこから二種類、つまり男性と女性をお創りになったのでは？,
5591,一体（それらの創造主である）そのお方（アッラー*）は、死者に（再び）生をお与えになることが出来るお方なのではないか？,
5592,人間には（そこに魂を吹き込まれる以前）、言及すべき何ものでもなかった長い一時期が、確かに訪れたではないか？[1] <sup foot_note=>1</sup>,
5593,本当にわれら*は人間を、（男女の精液が）混じり合った、一滴の精液から創造した。われら*は彼を（その後、宗教的な義務によって）試練にかけるのだ[1]。われら*は彼を聞き、見る者とした。 <sup foot_note=>1</sup>,
5594,本当にわれら*は彼を、道[1]へと導いた。感謝する者か、あるいは大層な恩知らずか（となるべく）。 <sup foot_note=>1</sup>,
5595,本当にわれら*は不信仰者*たちに、鎖と枷と（地獄の）烈火を用意した。,
5596,実に（アッラー*への義務を果たす）善行者たちは（復活の日*）、その混ぜ物が樟脳である（酒の）盃から飲む。[1] <sup foot_note=>1</sup>,
5597,つまり、アッラー*の僕たちが（思うがまま）容易に噴き出させつつ飲む、泉である。,
5598,彼ら（善行者たち）は（現世で）誓約を全うし、（アッラー*がご慈悲をおかけになった者を除く全ての者に）その悪が拡散する（復活の）日を怖れ、,
5599,自らの（それに対する）愛着にも関わらず、貧弱*、孤児、捕虜に食べ物を食べさせるのだから。,
5600,（彼らは心中で、こう言うのだ。）「私たちがあなた方に食べさせるのは、アッラー*の御顔ゆえに外ならない。私たちはあなた方から、見返りも感謝もいらない。,
5601,本当に私たちは、眉をしかめる凄まじい日の、我らが主*を怖れているのだから」。,
5602,それでアッラー*は、その日の悪から彼らをお守りになり、彼らに（顔の）輝きと（心の）喜びをお授けになった。,
5603,そして彼らが（現世で）忍耐*したことゆえに、彼らを楽園と絹（の衣服[1]）でお報いになった。 <sup foot_note=>1</sup>,
5604,彼らはそこで、寝台に寄りかかっている。彼らはそこで、太陽（の灼熱）も酷寒も見出すことがない。,
5605,また、彼らの上には（、楽園の木々の）その陰が間近に（覆いかぶさって）あり、その果実の房は（手近に）低く垂れ下げられている。,
5606,また彼らには、銀の食器と硝子の杯と共に（奉仕する少年たちが）回らせられる。,
5607,彼らがちょうどいい分量に合わせた、銀製の硝子[1]（の杯と共に）。 <sup foot_note=>1</sup>,
5608,また彼らはそこで、その混ぜ物が生姜である（酒の）盃を飲まされる。,
5609,つまりサルサビール[1]と呼ばれる、そこ（楽園）にある泉の（生姜[2]である）。 <sup foot_note=>1</sup>,
5610,また、永遠の少年たちが、彼らの周りを（奉仕のために）回って歩く。もしあなたが彼らを見れば、彼らを散りばめられた真珠かと思ったであろう。,
5611,そして、あなたがそこで（天国のいかなる場所でも）見れば、安楽と、大いなる王国を目にしたことであろう。,
5612,彼らの上には、緑色の精巧な絹地と重厚な絹地の衣服。そして銀製の腕輪で飾り立てられ[1]、彼らの主*は彼らに清い水を飲ませて下さる。 <sup foot_note=>1</sup>,
5613,（彼らには、こう言われる。）「本当にこれはもとより、あなた方への（正しい行い*の）報いである。そして、あなた方の（現世での）努力は、（アッラー*の御許で）労われる[1]ことになっていたのだ」。 <sup foot_note=>1</sup>,
5614,（使徒*よ、）本当にわれら*はあなたに、クルアーン*を徐々に下した[1]。 <sup foot_note=>1</sup>,
5615,ならば、あなたの主*のお決めになったことゆえに忍耐*し、彼ら（シルク*の徒）の内の罪に溺れた者にも、不信仰この上ない者にも、従うのではない。,
5616,また、あなたの主*を朝に夕に念じ、,
5617,夜の一部にはかれにサジダ*し、かれを夜長く称える*[1]のだ。 <sup foot_note=>1</sup>,
5618,本当にこれらの者たち（シルク*の徒）は、手っ取り早いもの[1]を愛し、自分たちの背後に（復活の日*という）重大な日（のための行い）を、放ったらかしにしている[2]。 <sup foot_note=>1</sup>,
5619,われら*が彼らを創り、その繋ぎ目を堅固にしたのだ[1]。そして、もしわれら*が望んだなら（彼らを）、彼らと似た者たち（だが、われら*に従順な者たち）とすっかり取り替えてしまったであろう。[2] <sup foot_note=>1</sup>,
5620,本当にこれ（このスーラ*）は、教訓。そして、誰でも（それによる教訓を）望む者には、（信仰心と敬虔*さによって）自らの主*（のご満悦）へと道を取らせよ。,
5621,そしてあなた方は、アッラー*がお望みにならない限り、（いかなることも）望むことがない[1]。本当にアッラー*は、もとより全知者、英知あふれる*お方であられるのだから。 <sup foot_note=>1</sup>,
5622,かれは、かれがお望みになる（信仰）者を、そのご慈悲の中にお入れになる。そして不正*者たち、彼らには痛ましい懲罰を用意されたのだ。,
5623,立て続けに送られるものにかけて、,
5624,また、轟々という吹き荒れるものにかけて、,
5625,また、広く拡散するもの[1]にかけて、 <sup foot_note=>1</sup>,
5626,また、しっかりと分断するもの[1]にかけて、 <sup foot_note=>1</sup>,
5627,また、教訓を投げかけるもの[1]たちにかけて（誓う）。[2] <sup foot_note=>1</sup>,
5628,弁解[1]、あるいは警告ゆえに。 <sup foot_note=>1</sup>,
5629,あなた方に約束されていること[1]は、確実に起こるのである。 <sup foot_note=>1</sup>,
5630,星々（の光）が消された時、,
5631,また、天が割れた時、,
5632,また、山々が粉々にされた時、[1] <sup foot_note=>1</sup>,
5633,また、使徒*たちが（、その民との決着まで、）時間[1]を定められた時、 <sup foot_note=>1</sup>,
5634,（彼らには、こう言われる。）「一体、いずれの（偉大なる）日まで、（使徒*たちは）延期されたのか？,
5635,裁決の日[1]まで、である」。 <sup foot_note=>1</sup>,
5636,（人間よ、）裁決の日が何かを、あなたに知らせるのは何か？,
5637,その日、（復活の日*を）噓呼ばわりしていた者たちに、災いあれ。,
5638,われら*は、（自分たちの使徒*を噓つき呼ばわりしたことゆえ、）昔の人々を滅ぼしたのではなかったか？,
5639,それから、われら*は（彼らと同様であった）後代の者たちを、彼らに続かせるのだ。,
5640,そのように、われら*は（使徒*ムハンマド*を噓つき呼ばわりした）罪悪者たちに対して、するのである。,
5641,（復活の）その日、（アッラーの唯一性*と、使徒*と、復活と報いを）嘘呼ばわりしていた者たちに、災いあれ。,
5642,（不信仰者*たちよ、）われら*はあなた方を、卑しい液体[1]から創ったのではないか？ <sup foot_note=>1</sup>,
5643,そしてそれを、しっかりとした定着場[1]に設えたのでは？ <sup foot_note=>1</sup>,
5644,定められた階段[1]まで。 <sup foot_note=>1</sup>,
5645,われら*は、（その創造、造形、出産を）調整したのだ。調整するお方の何と素晴らしいことか。,
5646,（復活の）その日、（われら*の力を）噓呼ばわりしていた者たちに、災いあれ。,
5647,われら*は大地を、収容するものとしたのではないか？,
5648,（数えきれないほどの）生者たちと死者たちを（、収容するものと）？,
5649,また、われら*はそこ（大地）に、高く聳える堅固な山々を置き、あなた方に美味なる水を飲ませてやった。,
5650,（復活の）その日、（これらの恩恵を）噓呼ばわりしていた者たちに、災いあれ。,
5651,（復活の日*、不信仰者*たちには、こう言われる。）「（現世で）あなた方が噓呼ばわりしていたもの（地獄の懲罰）へと、進み行くがよい。,
5652,三つ又の[1]（煙の）陰へと、進み行け」。 <sup foot_note=>1</sup>,
5653,濃影でもなく、炎から防いでもくれない（陰へ）。,
5654,実にそれ（地獄）は、城のような（巨大な）火花を飛ばす。,
5655,まるで、黄褐色のラクダの一群[1]のような（火花を）。 <sup foot_note=>1</sup>,
5656,（復活の）その日、（アッラー*の警告を）噓呼ばわりしていた者たちに、災いあれ。,
5657,これは、彼ら（噓呼ばわりしていた者たちが、自分たちを益することを）喋ることがない[1]（復活の）日*。 <sup foot_note=>1</sup>,
5658,また、彼らに（弁明が）許可されることで、言い訳することもない（日）。,
5659,（復活の）その日、（この日の出来事を）噓呼ばわりしていた者たちに、災いあれ。,
5660,これは裁決の日[1]。われら*はあなた方（不信仰者*たち）と、昔の（不信仰だった）人々を集結させた。 <sup foot_note=>1</sup>,
5661,それで、もしあなた方に（懲罰から逃れる）策略があるのなら、われら*に策略してみよ。,
5662,（復活の）その日、（復活の日*を）噓呼ばわりしていた者たちに、災いあれ。,
5663,本当に敬虔な*者たちは、（その日、木々の）陰と泉のもとにある。,
5664,また、自分たちが欲する果実のもとに。,
5665,（彼らには、こう言われる。）「自分たちが（現世で）行っていた（正しい）こと（の報い）ゆえに、おいしく食べ、飲むのだ。[1] <sup foot_note=>1</sup>,
5666,本当に、われら*はこのように、善を尽くす者[1]たちに報いるのだから」。 <sup foot_note=>1</sup>,
5667,（復活の）その日、（報いと清算を）噓呼ばわりしていた者たちに、災いあれ。,
5668,（不信仰者*たちよ、）僅かな間、食べ、楽しむがよい。本当にあなた方は、（シルク*という罪を犯す）罪悪者なのだ。,
5669,（復活の）その日、（清算と報いの日を）噓呼ばわりしていた者たちに、災いあれ。,
5670,彼ら（シルク*の徒）は、自分たちに「ルクーゥ*せよ」と言われても、ルクーゥ*しない。[1] <sup foot_note=>1</sup>,
5671,（復活の）その日、（アッラー*の御徴を）噓呼ばわりしていた者たちに、災いあれ。,
5672,ならば一体、彼らはそれ（クルアーン*）を差しおいて、いかなる話を信じるというのか？,
5673,彼ら（不信仰者*たち）は何について、尋ね合っているのか？,
5674,偉大なる消息[1]について（、である）。 <sup foot_note=>1</sup>,
5675,彼らはそこにおいて、意見を異にしている[1]。 <sup foot_note=>1</sup>,
5676,断じて（、復活は嘘では）ない！やがて、彼らは（自分たちが噓呼ばわりしたことの結末を、）知ろう。,
5677,更に、断じて（、復活は嘘では）ない！やがて、彼らは（自分たちが噓呼ばわりしたことの結末を、）知ろう。,
5678,われら*は大地を、（平坦な）寝床（のよう）にはしなかったのか？,
5679,また、山々を（堅固な）杭のように？,
5680,また、われら*はあなた方を（様々な）種類[1]に創造し、 <sup foot_note=>1</sup>,
5681,あなた方の眠りを休息とし、,
5682,夜を衣とし、[1] <sup foot_note=>1</sup>,
5683,昼を生計（の手段）とし、,
5684,あなた方の上に、（割れ目一つない）強固な七層（の天）を築き上げ、,
5685,煌々とした灯火[1]を置き、 <sup foot_note=>1</sup>,
5686,絞り時のもの（雨を湛えた雲）から、ざあざあという雨を降らせた。,
5687,（それは）われら*がそれで、（人が食べる）種粒と（家畜が食べる）植物を生え出させるため。,
5688,そして、（いくつもの枝が交差して）重なり合った農園を。,
5689,本当に裁決の日[1]はもとより、時が定められている。 <sup foot_note=>1</sup>,
5690,角笛に吹き込まれ[1]、あなた方が（各々、自分たちの指導者と共に）集団でやって来る日は。 <sup foot_note=>1</sup>,
5691,また（その日、）天は開かれ、（天使*が降臨するための）いくつもの扉（を有するもの）となり、,
5692,山々は動かされ、（それから粉々にされて）蜃気楼のようになる。[1] <sup foot_note=>1</sup>,
5693,本当に地獄はもとより、（不信仰者*たちに対する）見張りの場である。,
5694,（それは、不信仰において）度を越した者たちの、帰り場所なのだ。,
5695,彼らはそこに長期間、留まる身の上。,
5696,彼らはそこで、（暑さを冷ます）冷たさも（、喉を潤す）飲み物も、味わうことがない、,
5697,煮えたぎる湯と膿汁[1]の外は。 <sup foot_note=>1</sup>,
5698,（それらは、彼らの現世での行いに）相応しい報いとしてのもの。,
5699,本当に彼らは、清算を望んでおらず、[1] <sup foot_note=>1</sup>,
5700,われら*の御徴[1]をひどく嘘呼ばわりし、 <sup foot_note=>1</sup>,
5701,そしてわれら*は、全ての物事を書で数え尽くしておいた[1]のだから。 <sup foot_note=>1</sup>,
5702,ならば（不信仰者たちよ、自分たちの行いの応報を）味わえ。われら*はあなた方に、懲罰以外の何も上乗せはしまい。,
5703,本当に敬虔*な者たちには、勝利の場がある。,
5704,農園、葡萄、,
5705,（彼女ら自身が互いに）同い年の、胸もふっくらとした女たち、,
5706,（酒*で）満杯の[1]盃が。 <sup foot_note=>1</sup>,
5707,彼らはそこで、戯言[1]も嘘の言い合いも、耳にすることがない。[2] <sup foot_note=>1</sup>,
5708,（それらは全て、）あなたの主*からの報い、ふんだんなる贈り物としてのもの。,
5709,諸天と大地、その間にあるものの主*、慈悲あまねき*お方（からの）。彼らはかれに対し、（お許しを授かった者以外、）語りかけることが出来ない、[1] <sup foot_note=>1</sup>,
5710,魂[1]と天使*たちが、列をなして立つ日に。慈悲あまねき*お方が（執り成し[2]を）お許しになり、正しいこと[3]を語った者しか、話すことはないのだ。 <sup foot_note=>1</sup>,
5711,それは、（必ずや起こる、）真実の日。ならば、誰でも（その日の救いを）望む者には、（正しい行い*により、）自らの主*を帰り場所とさせるのだ。,
5712,本当にわれら*は、あなた方に間近に迫った懲罰を警告した。人が、自分が行った（全ての）ことを目にし、不信仰者*が（清算の恐怖ゆえ、）「ああ、私が土であったらよかったのに！[1]」という日の（懲罰を）。 <sup foot_note=>1</sup>,
5713,（不信仰者*の魂を、）力任せに引き離すものにかけて、[1] <sup foot_note=>1</sup>,
5714,また、（信仰者の魂を）さっと引き抜くものにかけて、,
5715,また、（天空を）自在に飛び回るものにかけて、,
5716,また、（アッラー*のご命令の遂行へ、）我先にと先んずるものにかけて、,
5717,また、（アッラー*から委任された）ご命令を司るもの[1]にかけて（誓う。あなた方は蘇らされ、清算を受けるのである）、 <sup foot_note=>1</sup>,
5718,激震するものが、激震する日に。[1] <sup foot_note=>1</sup>,
5719,後続のもの[1]が、それに続く。 <sup foot_note=>1</sup>,
5720,その日、（不信仰者*たちの）心は震撼する。,
5721,その眼は怖気づいている。,
5722,彼ら（復活を否定する者たち）は、言う。「一体（死後）、本当に私たちが（生）前の状態に、戻される身だと？,
5723,私たちが、朽ち果てた骨となった後に？」,
5724,彼らは言った。「それは、そうであるならば、損な戻り様だ」。[1] <sup foot_note=>1</sup>,
5725,それは、ただの一喝に過ぎない。,
5726,するとどうであろう、彼らは（地中から蘇らされ、生きた状態で）地表[1]にあるのだ。 <sup foot_note=>1</sup>,
5727,（使徒*よ、）あなたのもとに、ムーサー*の話は届いたか？,
5728,彼の主*がトゥワー[1]の聖なる谷で、彼をお呼びになった時のこと。[2] <sup foot_note=>1</sup>,
5729,（アッラー*は、彼に仰せられた。）「フィルアウン*のところへ行け。本当に彼は、（われら*への反逆者として）ひどく放埓なのだから。,
5730,そして、（彼に）言うのだ。『あなたに、ご自身を清める[1]おつもりはありますか？ <sup foot_note=>1</sup>,
5731,そして私があなたを、あなたの主*へと導き、それによってあなたが（かれを）恐れるようになる（おつもりは）？』」,
5732,それで彼（ムーサー*）は、彼（フィルアウン*）に最大の御徴[1]を披露し、 <sup foot_note=>1</sup>,
5733,彼（フィルアウン*）は（ムーサー*を）噓つき呼ばわりして、（自らの主*に）逆らった。,
5734,それから彼（フィルアウン*）は、（ムーサー*への対抗心に）躍起になって（信仰から）背をむけ、,
5735,（自国の民を）召集して、呼びかけ、,
5736,言った。「私が、あなた方の至高の主*である」。,
5737,それでアッラー*は彼（フィルアウン*）を、後のもの（来世）と初めのもの（現世）の懲罰[1]で罰された。 <sup foot_note=>1</sup>,
5738,本当にその中にはまさしく、恐れる者への教示があるのだ。,
5739,（人々よ、）一体あなた方（の死後の再生）が、より創造に難いのか？それとも、天（の創造）か？かれがそれ（天）を、築かれたのである。,
5740,かれは（天の）その高みをお上げになり、それを（完璧に）整えられ[1]、 <sup foot_note=>1</sup>,
5741,その夜を（日没によって）闇とされ、（日の出によって）その光をお出しになった。,
5742,また、大地は、（天の創造の）その後に平に広げられ、,
5743,そこからその水と、（家畜に）食ませるものをお出しになり、,
5744,山々を堅固にされた、,
5745,あなた方と、あなた方の家畜の利益のために。,
5746,そして、この上ない大難[1]が到来した時（、人々は蘇らされる）。 <sup foot_note=>1</sup>,
5747,人間が、（現世で自分の行いを見せられ、）自分が勤しんでいた（善いこと、悪い）ことを思い出す日、,
5748,また、見る者の眼に、火獄が露わになる（日に）。,
5749,それで（アッラー*のご命令に対して放埓で、,
5750,現世の生活を（来世よりも）好んだ者はといえば、,
5751,本当に火獄こそが、（その）住処である。,
5752,そして自分の主*の立ち所[1]（での清算）を怖れ、自らに（罪深いことへの）私欲を禁じた者はといえば、 <sup foot_note=>1</sup>,
5753,本当に天国こそが、（その）住処である。,
5754,（使徒*よ、）彼ら（シルク*の徒）は、（嘲笑しつつ）あなたに尋ねる。一体いつ、（復活の）その時はやって来るのか、と。,
5755,（使徒*よ、）あなたは、それを話すことに何の関りがあるのか？,
5756,あなたの主*にこそ、その（知識の）終着点が属するのだから。[1] <sup foot_note=>1</sup>,
5757,あなたは、それを恐れる者への警告者に過ぎないのだ。,
5758,彼らが、それ（復活）を目の当たりにする日、彼らは（その余りの恐怖ゆえ、現世において）あたかも（一日の）午後か、あるいは午前中しか過ごさなかったかのようである[1]。 <sup foot_note=>1</sup>,
5759,眉をひそめて、背を向けた、,
5760,自分のもとに、盲目の者が来たために。[1] <sup foot_note=>1</sup>,
5761,そして、何があなたに（彼の真実を）知らせるのか？彼が清められる[1]かもしれない、ということを？ <sup foot_note=>1</sup>,
5762,あるいは、彼が教訓を受け、それで教訓が彼を益するかもしれないことを？,
5763,（導きなしでも）十分だとする者[1]はといえば、 <sup foot_note=>1</sup>,
5764,あなたは彼に掛かりきり。,
5765,彼が清められずとも、あなたには何のお咎めもないというのに。,
5766,そして（あなたと会うことに）意気込んで、あなたのもとにやって来た者はといえば、,
5767,（アッラー*を）恐れているというのに、,
5768,あなたは彼をそっちのけにしている。,
5769,断じて（、使徒*よ、あなたがしたようなことは、許され）ない！実にそれ（このスーラ*）は、教訓なのだ。,
5770,そして誰でも（教訓を）望む者は、それ（啓示）を熟慮せよ。,
5771,（このクルアーン*は）貴い書巻[1]の中、 <sup foot_note=>1</sup>,
5772,（位）高く、（あらゆる不純さや改変から）清浄な（書巻の中）、,
5773,使いの者（天使*）たちの手許にある。,
5774,高貴で、善良な者たちの（手許に）。,
5775,（不信仰な）人間が、成敗されますよう。彼は（自分の主*に対し）、何とひどい不信仰に陥っていることか！,
5776,かれ（アッラー*）は彼を、いかなるものからお創りになったのか？,
5777,一滴の精液から彼をお創りになり、それを（徐々に）調整されたのだ。[1] <sup foot_note=>1</sup>,
5778,それからかれ（アッラー*）は、道を容易くされ、[1] <sup foot_note=>1</sup>,
5779,やがては彼に死を与えられ、墓にお埋めになり、,
5780,それから、かれがお望みになったら、（清算と報いのために、）彼を生き返させ給う。,
5781,断じて（、不信仰者*の状況は正しく）ない！彼は、かれ（アッラー*）が自分にご命じになったこと[1]を、遂行してはないないのだから。 <sup foot_note=>1</sup>,
5782,ならば人間に、自分の食べ物（が、いかに創造されたか）について考えさせてみよ。,
5783,われら*は、（地上に）水をざあざあと降らせ、,
5784,それから大地を、ひび割れさせ（、そこから各種の植物を芽出せさせ）たのだ。,
5785,そして、われら*はそこに種粒を生育させた、,
5786,また、葡萄、まぐさ、,
5787,オリーブ、ナツメヤシ、,
5788,木深い農園、,
5789,果実、牧草も（生育させた）、,
5790,あなた方と、あなた方の家畜の利益のために。,
5791,そして、（復活の日*を知らせる）轟きの一声[1]が到来した時（、人々は自分の事で、掛かりきりになる）。 <sup foot_note=>1</sup>,
5792,人間が、（その恐怖ゆえに、）自分の兄弟から逃げ出す日、,
5793,また、自分の母親、父親、,
5794,自分の妻、子供たち（から逃げ出す日）。,
5795,彼ら全員にはその日、自分のことだけで精一杯な用事がある。,
5796,その日、（天国に入る）顔の数々は輝いており、,
5797,笑い、心躍らせている。,
5798,またその日、（地獄に入る）顔の数々は、その上に煤がかか（って真っ黒にな）る。,
5799,埃がそれらを覆（い、辱めにあ）う。,
5800,それらの者たちこそは、不信仰者*、放逸な者たちである。,
5801,太陽が巻き込まれ（、その光を失っ）た時、,
5802,また、星々が（その光を失って）落下した時、,
5803,また、山々が動かされ（て、粉々にされ）た時、[1] <sup foot_note=>1</sup>,
5804,また、妊娠十ヶ月目の雌ラクダが放ったらかしにされた時、[1] <sup foot_note=>1</sup>,
5805,また、野獣たちが集められた時、[1] <sup foot_note=>1</sup>,
5806,また、海々が溢れ返った時、[1] <sup foot_note=>1</sup>,
5807,また、魂が（自分と同様のものと）一緒にされた時、[1] <sup foot_note=>1</sup>,
5808,また、埋められた女児[1]が尋ねられた時、 <sup foot_note=>1</sup>,
5809,「彼女は、いかなる罪ゆえに殺されたのか？」と。,
5810,また、書巻を開かれ（て、各人に差し出され）た時、[1] <sup foot_note=>1</sup>,
5811,また、天が剥ぎ取られた時、[1] <sup foot_note=>1</sup>,
5812,また、火獄が点火された時、,
5813,また、天国が（その住人である敬虔*な者たちに）近づいた時、,
5814,人は、自分が携えて来たもの（善行と悪行）を知る。,
5815,われはまさに、身を隠すものにかけて誓う。[1] <sup foot_note=>1</sup>,
5816,つまり、巣に向かって駆けるもの[1]にかけて、 <sup foot_note=>1</sup>,
5817,また、到来した夜[1]にかけて、 <sup foot_note=>1</sup>,
5818,また、息づいた朝にかけて。,
5819,本当にそれ（クルアーン*）は、まさしく高貴な御使い（ジブリール*）の（伝達する）言葉。,
5820,力みなぎる者、御座[1]のもとで位高き者、 <sup foot_note=>1</sup>,
5821,（他の天使*たちに）追従される者で、誠実な者の（伝達する言葉である）。,
5822,そして、あなた方の同胞（ムハンマド*）は、憑かれた者[1]などではなく、 <sup foot_note=>1</sup>,
5823,彼は確かに彼（ジブリール*）を、明瞭な地平線上に見たのである。[1] <sup foot_note=>1</sup>,
5824,また、彼（ムハンマド*）は不可視の世界[1]について、出し惜しみする者などではなく、 <sup foot_note=>1</sup>,
5825,それ（クルアーン*）は、追放された[1]シャイターン*の言葉などではない。 <sup foot_note=>1</sup>,
5826,ならば、あなた方は（こお明白な論拠の後、）どこへ向かうのか？[1] <sup foot_note=>1</sup>,
5827,それは、全創造物への教訓に外ならないというのに。,
5828,あなた方の内、（真理の上を）まっすぐ歩むことを望んだ者への。,
5829,そしてあなた方は、全創造物の主*であられるアッラー*がお望みにならない限り、（いかなることも）望むことがないのだ。[1] <sup foot_note=>1</sup>,
5830,天が裂けた時、[1] <sup foot_note=>1</sup>,
5831,また、星々が（散り散りに）墜落した時、,
5832,また、海々が溢れ出（て、互いに混じり合っ）た時、,
5833,また、墓がひっくり返され（て、その中にいる者が蘇らされ）た時、,
5834,人間は、自分が（生きている時に）早めたものと、遅らせたもの[1]（の全て）を、知ることになる。 <sup foot_note=>1</sup>,
5835,（復活を否定する）人間よ、貴い*お方であるあなたの主*（への義務の遂行）において、何があなたを欺いたのか？[1] <sup foot_note=>1</sup>,
5836,あなたをお創りになり、整えられ、（最良の形に）均整づけられたお方において？,
5837,かれはあなたを、かれがお望みになったいかなる姿に、組み立てられたというのか？[1] <sup foot_note=>1</sup>,
5838,断じて（、欺かれてはなら）ない！いや、あなた方は応報（の日）を噓呼ばわりしているのだ。,
5839,本当にあなた方には、見守る者（天使*）たち[1]がついているのに。 <sup foot_note=>1</sup>,
5840,高貴で、記録する（者たちが）。,
5841,彼らは、あなた方のすることを知っている。,
5842,本当に善行者[1]たちは、必ずや安寧の中。 <sup foot_note=>1</sup>,
5843,そして本当に、放逸な者[1]たちは、必ずや火獄の中に。 <sup foot_note=>1</sup>,
5844,彼らは報いの日*、そこ（地獄に）入って炙られる。,
5845,そして彼らは、そこから不在でいられる者たちではない。,
5846,報いの日*が何かを、あなたに知らせるのは何か？,
5847,更に、報いの日*が何かを、あなたに知らせるのは何か？,
5848,（報いの日*とは、）人が（他）人に対し、何一つ役立てない日[1]。その日、事はアッラー*（だけ）に属するのだ。[2] <sup foot_note=>1</sup>,
5849,量を減らす者たちに災いあれ。[1] <sup foot_note=>1</sup>,
5850,（彼らは、）自分たちが（買うため、）人々に升（や秤[1]）で量らせる時には、（自分たちの権利を）全うさせる者たち。 <sup foot_note=>1</sup>,
5851,そして自分たちが（売るため、）彼らに升で量ったり、秤で量ったりする時には、（相手に）損させる（者たち）。,
5852,一体、彼らは自分たちが蘇らされ（て、応報を受け）る身であると、考えないのか？,
5853,偉大なる（報いの）日*に？,
5854,人々が（行いの清算のため）、全創造物の主*（の御前）に立つ日。,
5855,断じて（、彼らの状態は正しく）ない！本当に放逸なものたちの（行いが記録された）帳簿は、まさにスィッジーン[1]の中にある。 <sup foot_note=>1</sup>,
5856,スィッジーンが何かを、あなたに何が知らせるか？,
5857,（その書は、）しっかりと記された[1]帳簿である。 <sup foot_note=>1</sup>,
5858,その日、噓呼ばわりする者たちに災いあれ。,
5859,報いの日*を、噓呼ばわりする者たちに。,
5860,侵犯し、罪に溺れた全ての者以外、それ（報いの日*）を噓呼ばわりしたりはしないというのに。,
5861,われら*の御徴（アーヤ*）がその者に読誦された時、彼は言った。「（これは）昔の人々のお伽話だ」。,
5862,断じて（、彼らの主張は正しく）ない！いや、彼らが稼いでいたもの（罪）が、その心に錆をつけたのである。,
5863,断じて（、彼らの主張は正しく）ない！本当に彼らは（復活の）その日、自分たちの主*（の拝謁）から阻まれている。[1] <sup foot_note=>1</sup>,
5864,それから本当に彼らは、必ずや火獄に入って炙られる。,
5865,それから、（彼らにはこう）言われるのだ。「これが、あなた方が噓呼ばわりしていたこと（の、報い）である」。,
5866,断じて（、彼らの主張は正しく）ない！本当に善行者[1]たちの（行いが記録された）帳簿は、まさにイッリイユーン[2]の中にある。 <sup foot_note=>1</sup>,
5867,イッリイユーンが何かを、あなたに何が知らせるか？,
5868,（その書は、）しっかりと記された[1]帳簿である。 <sup foot_note=>1</sup>,
5869,側近（天使*）たちが、そこに立ち会う。[1] <sup foot_note=>1</sup>,
5870,本当に善行者たちは、必ずや安寧の中に。,
5871,寝台の上で、（アッラー*と天国の美を）眺めつつ。[1] <sup foot_note=>1</sup>,
5872,あなたは彼らの顔に、安寧の輝きを見出す。,
5873,彼らは、封印された美酒から飲まされる。[1] <sup foot_note=>1</sup>,
5874,その封印[1]は、麝香（の風味）。ならば、そこにおいてこそ、競い合う者たちを競い合わせよ。 <sup foot_note=>1</sup>,
5875,そして、その混ぜ物はタスニーム[1]からのもの。 <sup foot_note=>1</sup>,
5876,（つまり、）側近たち[1]がそこから飲む、泉である。 <sup foot_note=>1</sup>,
5877,本当に、罪悪に手を染めていた者たちは（現世で）、信仰に入った者たちを嘲り笑っていた。,
5878,また、彼らのもとを通りかかった時には、（馬鹿にして）目配せし合っていた。,
5879,また、自分たちの家族のもとに帰った時には、（信仰者たちを茶化す話に）興じながら帰ったものだった。,
5880,そして彼らを見た時には、（こう）言ったのだ。「本当にこれらの者たちは、まさしく迷った者たちだ」。,
5881,彼ら（罪悪者たち）は、彼ら（信仰者たち）に監視役[1]として遣わされたのではないというのに。 <sup foot_note=>1</sup>,
5882,ならば、（復活の）その日には、信仰した者たちが不信仰者*たちを笑うのだ。,
5883,寝台の上で、（アッラー*と天国の美を）眺めつつ。[1] <sup foot_note=>1</sup>,
5884,一体、不信仰者*たちは、自分たちが（現世で）していた（罪深い）こと（の応報）を、報われたではないか？[1] <sup foot_note=>1</sup>,
5885,（復活の日*に、）天がわれ、[1] <sup foot_note=>1</sup>,
5886,それ（天）が自分の主*（のご命令）を聞き、（そのご命令への服従が）義務づけられた時、,
5887,また、（山々が粉々にされて）大地が伸ばされ、,
5888,それ（大地）がその中にあるもの（死んだ人々、）を投げ出し、（彼らを）すっかり吐き出し、,
5889,それ（大地）が自分の主*（のご命令）を聞き、（そのご命令への服従が）義務づけられた時、,
5890,人間よ、本当にあなたは、あなたの主*へと懸命に励む者であり、そして（復活の日*には）かれ[1]と拝謁する身の上なのだ。 <sup foot_note=>1</sup>,
5891,それで自分の（行いの）帳簿を、右手に渡された者はといえば、,
5892,易しい清算で、清算され、[1] <sup foot_note=>1</sup>,
5893,嬉々として（天国にいる）自分の家族[1]のところへ、戻って行くことになろう。 <sup foot_note=>1</sup>,
5894,また、自分の（行いの）帳簿を自らの背後から渡された者はといえば、[1] <sup foot_note=>1</sup>,
5895,（自らに対して）破滅を祈り、[1] <sup foot_note=>1</sup>,
5896,烈火に入って炙られることとなろう。,
5897,実に彼は、（自分の行く末も考えず、）自分の家族のもとで喜々としていたのだから。,
5898,実に彼らは、（清算のために創造主のもとへ）戻ることなどあるまい、と考えていたのだ。,
5899,いや、（彼は蘇らされ、行いの報いを受ける、）本当にかれの主*はもとより、彼のことをよくご覧になるお方であったのだ。,
5900,われはまさに、夕焼けにかけて誓う。[1] <sup foot_note=>1</sup>,
5901,また、夜と、それが集めたもの[1]にかけて、 <sup foot_note=>1</sup>,
5902,また、（その光と形が）満ちた月にかけて（誓う）。,
5903,（人々よ、）あなた方は必ずや、ある段階から（別の）段階へと、乗り次いで（移転して）行くのである。[1] <sup foot_note=>1</sup>,
5904,では、彼らが（アッラー*と最後の日*を）信じないのは、どうしたわけか？,
5905,そして、彼らに対してクルアーン*が誦まれても、彼らがサジダ*しないのは？（読誦のサジダ*）,
5906,いや、不信仰に陥った者*たちは、（真実を）噓呼ばわりしている。,
5907,アッラー*は、彼らが（胸の内に）包み隠していること[1]を、最もよくご存知なのに。 <sup foot_note=>1</sup>,
5908,ならば、彼らに痛ましい懲罰の吉報を告げよ。[1] <sup foot_note=>1</sup>,
5909,但し、信仰して正しい行い*を行う者たちは、別である。彼らには（来世で）、尽きることのない褒美[1]があるのだ。 <sup foot_note=>1</sup>,
5910,星座を擁する天にかけて、[1] <sup foot_note=>1</sup>,
5911,また、約束された（復活の）日*にかけて、,
5912,また、立ち会うものと立ち合われるものにかけて（誓う）、[1] <sup foot_note=>1</sup>,
5913,堀の仲間たち[1]が、成敗されますよう。 <sup foot_note=>1</sup>,
5914,つまり、燃料がくべられた炎という（堀の）。,
5915,彼らが（信仰を棄てない信仰者たちを、その炎で罰するべく、）そこ（の淵）に腰かけた時のこと、,
5916,自分たちが信仰者たちにすること（懲罰）を、見物しつつ。,
5917,そして、彼ら（堀の仲間たち）が彼ら（信仰者たち）を咎めたのは、彼ら（信仰者たち）が偉力ならびなく*、称賛されるべき*アッラー*を信じるがゆえに外ならなかった。,
5918,諸天と大地の王権が属するお方（であるアッラー*）を。アッラー*は、全てのことの証人であられる。,
5919,本当に、信仰者の男たちと信仰者の女たちを火（という試練）にかけ、その後に悔悟しなかった者たち、彼らにこそは地獄の懲罰があり、彼らにこそは、（焼き尽くす）炎の懲罰がある。,
5920,本当に、信仰して正しい行い*を行う者たち、彼らにこそは、その下から河川が流れる楽園がある。それは大いなる勝利なのだ。,
5921,本当にあなたの主*の（懲罰による）捕らえ方は、実に痛烈なのである。,
5922,本当にかれこそは、（創造を）始められ、（それを）お戻しになるのだ。,
5923,そしてかれは、赦し深いお方、寵愛深い*お方、,
5924,栄誉高き御座[1]の主、 <sup foot_note=>1</sup>,
5925,お望みのことを決行されるお方である。,
5926,（使徒*よ、）あなたに、（自分たちの預言者*に対して集結した、不信仰な）軍勢の話は届いたか？,
5927,フィルアウン*とサムード*の（話は）？[1] <sup foot_note=>1</sup>,
5928,いや、不信仰に陥った者*たちは、（彼ら以前の不信仰者*たちと同様、使徒*と啓示の）噓呼ばわりをしており、,
5929,アッラー*は彼らの後方から、悉く包囲されるお方なのだ。[1] <sup foot_note=>1</sup>,
5930,いや、それは栄誉高きクルアーン*[1]なのである、 <sup foot_note=>1</sup>,
5931,（いかなる改変からも無事な、）守られし碑板*の中の。,
5932,天と、夜訪れるものにかけて（誓う）。[1] <sup foot_note=>1</sup>,
5933,そして、夜訪れるものが何かを、何があなたに知らせるか？,
5934,（それは）穿ち煌めく星[1]である。 <sup foot_note=>1</sup>,
5935,いかなる者でも、その上に見守る者（天使*）[1]がついていない者はない。 <sup foot_note=>1</sup>,
5936,では人間に、自分が何から創られたのか、考えさせてみよ。,
5937,彼は、射出する液体[1]から創られたのだ。 <sup foot_note=>1</sup>,
5938,後背部と、胸部の間から分泌される（、液体から）。[1] <sup foot_note=>1</sup>,
5939,本当にかれ（アッラー*）は、彼を（その死後に、生きた状態へと）戻すことがお出来のお方。[1] <sup foot_note=>1</sup>,
5940,秘められたことが試される（、復活の）日*に。[1] <sup foot_note=>1</sup>,
5941,ならば、後には、（自分自身からアッラー*の懲罰を押しのける、）いかなる力も援助者もない。,
5942,回帰するもの[1]を有する、天にかけて、 <sup foot_note=>1</sup>,
5943,また、（植物を生えさせるべく、）亀裂を有する大地にかけて（誓う）、[1] <sup foot_note=>1</sup>,
5944,本当にそれ（クルアーン*）は、（真理と虚偽を）裁断する御言葉であり、,
5945,戯言ではない。,
5946,本当に彼ら（使徒*とクルアーン*を噓呼ばわりする者たち）は、（真理を退けるための）策略を講じている。,
5947,われも策略[1]を講じるのだが。 <sup foot_note=>1</sup>,
5948,ならば（使徒*よ）、（懲罰が下ることを急がずに、）不信仰者*に猶予を与えよ。彼らに暫し、猶予を与えるのだ。,
5949,至高なる、あなたの主*の御名を称え*よ。,
5950,創造され、（創造物を完璧に）整えられたお方を。,
5951,また、（全てを）調整し給い、お導きになった[1]お方を。 <sup foot_note=>1</sup>,
5952,また、（家畜に）食ませる（緑の牧）草をお出しになり、,
5953,そしてそれを、黒ずんだ枯れ草とされたお方を。,
5954,（使徒*よ、）われら*は、あなたに（ジブリール*を介して、クルアーン*を）読ませよう。そして、あなたは（それを）忘れない。,
5955,但し、アッラー*がお望みになったもの[1]は別だが。本当にかれは、露わなものも、隠されるものもご存知なのだから。 <sup foot_note=>1</sup>,
5956,また、われら*はあなたに、（あらゆる物事における）容易さへと導いてやろう。,
5957,ならば（使徒*よ、あなたに啓示されたもので、民に）教訓を与えよ。もし、教訓が役立つならば（、だが）[1]。 <sup foot_note=>1</sup>,
5958,（自らの主*を）恐れる者は教訓を受け、,
5959,最も不幸な者は、それを回避しよう、,
5960,至大なる業火に入って炙られる（者は）。,
5961,それから、彼はそこで（安らぐために）死ぬことも、（有益な生を）生きることもない。,
5962,自ら努めて清めた者[1]は、確かに成功したのである。 <sup foot_note=>1</sup>,
5963,そして、自らの主*の御名を唱念し[1]、礼拝[2]した（者は）。 <sup foot_note=>1</sup>,
5964,いや、（人々よ、）あなた方は（来世の安寧よりも）、現世の生活の方を愛している。,
5965,来世（の安寧）は（現世のそれ）より善く、より長く続くものなのに。,
5966,実にこれ[1]は、まさしく最初の書巻に（確証されて）あるのである。 <sup foot_note=>1</sup>,
5967,イブラーヒーム*と、ムーサー*の書巻に。,
5968,（使徒*よ、）圧倒的事態[1]の話は、あなたに届いたか？ <sup foot_note=>1</sup>,
5969,その日、（不信仰者*たちの）顔は、（懲罰への）恐怖に陥っている。,
5970,（それらの顔は、過酷な）労役に就き、消耗している。,
5971,（それらは、）酷熱の業火に入って炙られる。,
5972,（それらは、）煮えたぎる泉から、飲まされる。[1] <sup foot_note=>1</sup>,
5973,彼らには、忌々しい植物[1]しか、食べ物がない。 <sup foot_note=>1</sup>,
5974,（それらは彼らを）太らせもしなければ、（彼らの）飢えを満たしてもくれない。,
5975,（復活の）その日、（信仰者たちの）顔は、恩恵を享受している。,
5976,（それらは、）自分たちの（現世で行った）努力（への褒美）ゆえに満足している、,
5977,高き楽園の中で。,
5978,（それらは、）そこで戯言[1]を耳にすることもない。 <sup foot_note=>1</sup>,
5979,そこには、流れる泉がある。,
5980,そこには、高い寝台がある。,
5981,また、配置された杯、,
5982,並べられた肘掛け、,
5983,敷き広げられた絨毯がある。,
5984,一体、彼ら（不信仰者*たち）は、ラクダがいかに創られたのか、見て（考え）ないのか？,
5985,また天が、いかに上げられたのかを？,
5986,また、山々がいかに据え付けられたのかを？,
5987,また、大地がいかに平坦に伸ばされたかを？,
5988,ならば（使徒*よ、人々に、啓示で）教訓を与えよ。あなたは教訓を与える者でしかないのだから。,
5989,あなたは、彼らに対（して信仰へと無理強い）する制圧者などではない。,
5990,但し、（教訓に）背を向け、不信仰（の固執）に陥った者は別で、,
5991,アッラー*は彼を（、業火という）最大の懲罰で罰される。,
5992,本当にわれら*にこそ、彼らの（死後の）帰り所があるのだから。,
5993,それから、本当にわれら*にこそ、彼らの（行いの）清算が委ねられているのだから。,
5994,暁にかけて、[1] <sup foot_note=>1</sup>,
5995,また、十夜[1]にかけて、 <sup foot_note=>1</sup>,
5996,また、偶数と奇数[1]にかけて、 <sup foot_note=>1</sup>,
5997,また、（その闇と共に）流れ行く夜にかけて（誓う）。,
5998,その中には、分別ある者への誓いがあるのではないか？,
5999,（使徒*よ、）一体あなたは、あなたの主*がアード*に対してされたことを、見なかったのか？,
6000,柱の主、イラム[1]に対して？ <sup foot_note=>1</sup>,
6001,諸国において、それと同様の（強靭かつ強力な）ものは創られたことがなかった（、イラムに対して）。,
6002,また、渓谷で岩を切り抜い（て、住居とし）たサムード*に対して？,
6003,また、杭[1]の主フィルアウン*に対して？ <sup foot_note=>1</sup>,
6004,（彼ら不信仰の民*は、）諸国で放埓さの限りを尽くし、,
6005,そこにおいて腐敗*を散々行い、,
6006,それで、あなたの主*がその上に、懲罰の鞭を浴びせられた者たち。,
6007,（使徒*よ、）本当にあなたの主*は、監視の場におられるのだ。,
6008,人間というものは、その主*が彼を試練におかけになり、栄誉をお授けになり、恩恵を与え給うた時には、（こう）言う。「我が主*は、私に栄誉をお授けになった」。,
6009,そして、かれが彼を試練におかけになり、彼にその糧を控えられた時には、（こう）言うのだ。「我が主*は、私を卑しめられた」。[1] <sup foot_note=>1</sup>,
6010,断じて（、そのような考えは正しく）ない！いや、（栄誉はアッラー*への服従、辱めはかれへの反抗によるものなのだ[1]、）あなた方は孤児を手厚く扱わず、 <sup foot_note=>1</sup>,
6011,貧者*らに食べさせることも勧め合わず、,
6012,遺産をごっそりと貪り、,
6013,財産をこよなく愛している。,
6014,断じて（、そのような状態は正しく）ない！大地が木っ端微塵に、粉々にされ、[1] <sup foot_note=>1</sup>,
6015,あなたの主*と、次から次へと隊列を組んだ天使*が到来し、[1] <sup foot_note=>1</sup>,
6016,その日、地獄がもたらされる時[1]、その日に（不信仰な）人間は教訓を受け（、悔悟す）る[2]。（現世は終わってしまったというのに、）教訓（と悔悟）が、どうして彼の役に立とうか？ <sup foot_note=>1</sup>,
6017,彼は言う。「あぁ、（来世での）我が人生のため、あらかじめ（現世で、有益な行いを）しておけばよかった！」,
6018,その日、誰もかれ（アッラー*）の懲罰のように罰することはなく、,
6019,誰も、かれの縛り方のように縛ることはない。,
6020,（アッラー*の唱念と、かれへの信仰へと）安らぐ魂よ、,
6021,（アッラー*からの御もてなしに）満足し、（アッラー*から）ご満悦を受けつつ、あなたの主*へと戻るがよい。,
6022,そして、わが（正しき）僕たちのところに入り、,
6023,（彼らと共に、）わが楽園に入るのだ。,
6024,われはまさに、この町（マッカ*）において誓う。[1] <sup foot_note=>1</sup>,
6025,——（預言者*よ、）あなたはこの町で、許された者[1]である—— <sup foot_note=>1</sup>,
6026,また、生むものと生まれたもの[1]にかけて（誓う）。 <sup foot_note=>1</sup>,
6027,われら*は確かに、人間を（現世の）辛労[1]の中に創った。 <sup foot_note=>1</sup>,
6028,一体、彼は思っているのか、（自分が集めた財産ゆえに、）誰も自分を掌握（し、罰）することなどないと？,
6029,彼は（、得意になって）言う。「私は、山ほどの財産を使い切ったぞ」。,
6030,一体、彼は思っているのか、誰も彼を見ていなかったと？,
6031,一体、われら*は彼に、二つの眼を与えてやったではないか？,
6032,また、一本の舌と、二つの唇を？[1] <sup foot_note=>1</sup>,
6033,また、われら*は彼を、二つの道筋[1]へと導いてやったのだ。 <sup foot_note=>1</sup>,
6034,それで、どうして彼は、（その財産によって、来世という）険しい道（の踏破）へ飛び込まなかったのか？,
6035,（来世という）険しい道（の踏破）が何かを、あなたに知らせるのは何か？,
6036,（それは、）首[1]の解散。 <sup foot_note=>1</sup>,
6037,または空腹の日に、食べ物を施すこと、,
6038,近親の孤児に、,
6039,あるいは、砂まみれの貧者*に。,
6040,それから彼は、信仰し、忍耐*を勧め合い、（創造物に対する）慈悲を勧め合う者たちの一人とは（、ならなかったのか）？,
6041,それらの者たちは、右側の徒[1]。 <sup foot_note=>1</sup>,
6042,そして、われら*の御徴（アーヤ*）を否定する者たちは、左側の徒[1]。 <sup foot_note=>1</sup>,
6043,彼らには、密閉された業火がある。,
6044,太陽と、その朝[1]にかけて、[2] <sup foot_note=>1</sup>,
6045,また、それに続い（て昇降し）た月にかけて、,
6046,また、それ（闇）[1]を開いた昼にかけて、 <sup foot_note=>1</sup>,
6047,また、それ（大地）[1]を覆う夜にかけて、 <sup foot_note=>1</sup>,
6048,また、天とそれを築いたもの[1]にかけて、 <sup foot_note=>1</sup>,
6049,また、大地と、それを平らに広げたものにかけて、,
6050,また、魂と、それを整え、,
6051,それに、その放逸さと敬虔さ*[1]を吹き込んだものにかけて（誓う）。 <sup foot_note=>1</sup>,
6052,それを清めた者[1]は、確かに成功したのであり、 <sup foot_note=>1</sup>,
6053,それを（罪で）埋もれさせた者は、確かに敗北したのだ。,
6054,サムード*は、そのひどい放埓さゆえに、（預言者*サーリフ*を）嘘つき呼ばわりした。,
6055,その（サムード*の部族の内、）最も不幸な者[1]が立ち上がった時のこと。 <sup foot_note=>1</sup>,
6056,それでアッラー*の使徒*（サーリフ*）は、彼らに言った。「アッラー*の雌ラクダ[1]（に危害を加えないこと）と、それに水をやること（において粗相がないよう、気をつけよ）」。 <sup foot_note=>1</sup>,
6057,だが彼らは、彼（サーリフ*）を噓つき呼ばわりして、それ（雌ラクダ）の腱を切った[1]。それでかれ（アッラー*）は、彼らをその罪ゆえに（懲罰で）覆い給い[2]、それ（サムード*）を等しく（滅ぼ）された。 <sup foot_note=>1</sup>,
6058,そしてかれは、その結末を怖れることなどないのだ。[1] <sup foot_note=>1</sup>,
6059,（その闇によって、大地を）覆う夜にかけて、[1] <sup foot_note=>1</sup>,
6060,また、（その光で闇から）露わになった昼にかけて、,
6061,また、男性と女性を創ったもの[1]にかけて（誓う）。 <sup foot_note=>1</sup>,
6062,本当にあなた方の行いは、実に多様[1]である。 <sup foot_note=>1</sup>,
6063,（自分の財産を）与え[1]、（アッラー*を）畏れ*、 <sup foot_note=>1</sup>,
6064,最善のもの[1]を信じる者はといえば、 <sup foot_note=>1</sup>,
6065,われら*が彼を、（善、正しさ、あらゆる物事における）容易さへと導いてやろう。[1] <sup foot_note=>1</sup>,
6066,そして、（財産を）出し惜しみし、（主*の褒美なしでも）十分だと主張し、,
6067,最善のもの[1]を噓呼ばわりした者はといえば、 <sup foot_note=>1</sup>,
6068,われら*が彼を、困難へと導てやろう。[1] <sup foot_note=>1</sup>,
6069,そして、彼の財産は彼に役立たない、彼が（業火へと）転落してしまった[1]時には。 <sup foot_note=>1</sup>,
6070,本当にわれら*にこそ、導き（の解明）が属するのであり、,
6071,本当にわれら*こそ、来世と最初のもの（現世）が属するのだ。,
6072,ならば（人々よ）、われら*はあなた方に、燃え盛る（地獄の）業火を警告した。,
6073,そこに入って炙られるのは、最も不幸な者だけ。,
6074,（預言者*ムハンマド*を）噓つき呼ばわりし、（信仰に）背を向けた者。,
6075,そして、敬虔な*者[1]は、そこから免れることになろう。 <sup foot_note=>1</sup>,
6076,自らを努めて清め[1]つつ、自分の財産を与える者は。 <sup foot_note=>1</sup>,
6077,彼には、誰かに対して返すべき恩があ（って、それゆえに財産を与え）るわけではない。,
6078,しかし、至高なる*自分の主*の御顔を求めるがゆえなのであり、,
6079,彼は必ずや、（天国で彼が授かるものに）満足することになろう。,
6080,朝にかけて、[1] <sup foot_note=>1</sup>,
6081,また、静まった夜にかけて（誓う）。,
6082,（預言者*よ、）かれ（アッラー*）は、あなたに見切りをつけられたのでもなければ、あなたをお嫌いになったわけでもない。[1] <sup foot_note=>1</sup>,
6083,そして来世こそは、あなたにとって最初のもの（現世）よりも善いのであり、,
6084,あなたの主*は（来世で）、あなたに必ずや（諸々のお恵みを）お授けになり、あなたは（それに）満足するのである。,
6085,かれは、あなたが（以前、）孤児であるのを見出され、それで（あなたを）匿って下さったのではないか？[1] <sup foot_note=>1</sup>,
6086,また、あなたが迷っているのを見出され、それで（あなたを）お導き下さったのでは？[1] <sup foot_note=>1</sup>,
6087,また、あなたが貧しい者であるのを見出され、（満足と忍耐*によって）豊にして下さったのでは？,
6088,ならば、孤児については、居丈高になるのではない。,
6089,また、乞う者については、????りつけたりするのではない。,
6090,そして、あなたの主*の恩恵[1]についてこそ、話して聞かせるのだ。 <sup foot_note=>1</sup>,
6091,（預言者*よ、）われら*はあなたのため、あなたの胸を広げてやった[1]のではないか？ <sup foot_note=>1</sup>,
6092,そして、あなたから、あなたの重荷[1]を下ろしてやったのだ。 <sup foot_note=>1</sup>,
6093,（その重みで、）あなたの背を軋ませていたもの（重荷）を。,
6094,また、あなたのため、あなたの名声を高めてやった。[1] <sup foot_note=>1</sup>,
6095,本当に、苦と共にこそ楽あり、,
6096,本当に、苦と共にこそ楽あり。[1] <sup foot_note=>1</sup>,
6097,ならば、（現世の用事から）手が空いたら、（崇拝*行為に）尽力せよ。[1] <sup foot_note=>1</sup>,
6098,そして（あらゆる必要において）、あなたの主*にこそ希求するのだ。,
6099,無花果とオリーブにかけて、[1] <sup foot_note=>1</sup>,
6100,また、シナイ山にかけて、,
6101,また、この平安な町（マッカ*）にかけて（誓う）。[1] <sup foot_note=>1</sup>,
6102,われら*は確かに人間を、最善の形に創造した。,
6103,それから、われら*は彼を、（われら*と使徒*に服従しなかったゆえに）低劣な者たちの内でも最低の者と帰させた[1]のである。 <sup foot_note=>1</sup>,
6104,但し、信仰して正しい行い*を行う者たちは、別だが。彼らには、尽きることのない褒美[1]がある。 <sup foot_note=>1</sup>,
6105,ならば（人間よ、その根拠が明白になった）後で、何があなたに（来世での復活と）報いを嘘とさせるのか？,
6106,一体、アッラー*は、英知あふれる*者の内でも、最も英知あふれる*お方なのではないか？[1] <sup foot_note=>1</sup>,
6107,（預言者*よ、）創造をされた、あなたの主*の御名において（、啓示されたクルアーン*を）読め。,
6108,かれは人間を、一塊の凝血からお創りになった。[1] <sup foot_note=>1</sup>,
6109,（預言者*よ、クルアーン*を）読め。あなたの主*は、最も貴い*お方。,
6110,筆（記）を教えて下さったお方。,
6111,人間に、彼が知らなかったことを教えて下さった（お方）。,
6112,断じて（、アッラー*の恩恵に対して恩知らずになってはならな）ない！実に人間は、（アッラー*に対して、）まさしく放埓である。,
6113,自らを、十分な者[1]と見なすがゆえ。 <sup foot_note=>1</sup>,
6114,実にあなたの主*にこそ、（来世での）戻り場所があ（り、そこで自分が行ったことを報われることにな）るのである。,
6115,言ってみよ、阻む者[1]（について）、 <sup foot_note=>1</sup>,
6116,僕（ムハンマド*）を、彼が礼拝した時に（阻む者について）。,
6117,言ってみよ、もし彼（預言者*）が導きの上にあったとしたら（、いかに彼を礼拝から阻むというのか）？,
6118,あるいは、（人に）敬虔さ*を命じたのだとしたら（、いかに彼をそこから阻むというのか）？,
6119,言ってみよ、もし彼（阻む者）が、（自分がそこへと招かれているものを）噓呼ばわりし、背を向けたならば、,
6120,彼はアッラー*が（、自分のすること全てを）ご覧にな（り、それに対して報われ）るということを、知らなかったのか？,
6121,断じて（、彼の主張は正しく）ない！もしも彼が（預言者*に対する敵対と抑圧を）止めなければ、われら*は必ずや（彼の）前髪を引っ掴んで[1]（、業火へ放り込んで）しまおう。 <sup foot_note=>1</sup>,
6122,（言葉は）噓つきで、（行いの）誤った（、彼の）前髪を。,
6123,ならば彼に、自分の会合の場（の仲間たち）を呼ばせて（、援助を乞わせて）みよ。,
6124,われら*はザバーニヤ[1]を呼んでやるから。 <sup foot_note=>1</sup>,
6125,断じて（、彼の主張は正しく）ない！（使徒*よ、）彼に従わず[1]、（あなたの主*に）サジダ*し、お近づきを求めよ。（読誦のサジダ*） <sup foot_note=>1</sup>,
6126,本当にわれら*は、誉れの夜にそれ（クルアーン*）を下した。,
6127,（預言者*よ、）誉れの夜が何かを、何があなたに知らせるのか？,
6128,誉れの夜は、千の月に優るもの。[1] <sup foot_note=>1</sup>,
6129,天使*たちと魂（ジブリール*）[1]はそこにおいて、彼らの主*のお許しと共に、（かれがお定めになった）全ての物事ゆえ、次々と降臨する。[2] <sup foot_note=>1</sup>,
6130,黎明の出現まで、それは（いかなる悪からも、）まさしく安全[1]なのである。 <sup foot_note=>1</sup>,
6131,啓典の民とシルク*の徒である不信仰に陥った者*たちは、自分たちのもとに明証が到来するまで、（不信仰からの）脱却者とはならなかった。[1] <sup foot_note=>1</sup>,
6132,清浄なる書巻[1]を読誦[2]する、アッラー*からの使徒*（という明証）が。 <sup foot_note=>1</sup>,
6133,その（書巻の）中には、適格な書[1]がある。 <sup foot_note=>1</sup>,
6134,また、啓典を授けられた者*たちが（、ムハンマド*の使徒*性が真実かどうかについて）分裂したのは、自分たちのもとに明証が到来した後のことに外ならなかった。[1] <sup foot_note=>1</sup>,
6135,そして彼らは、アッラー*に真摯に崇拝*行為を捧げつつ、純正[1]な状態でかれ（だけ）を崇拝*し、礼拝を遵守*し、浄財*を支払うことしか、命じられはしなかったのだ[2]。それが、適格な宗教（イスラーム*）である。 <sup foot_note=>1</sup>,
6136,本当に、啓典の民*とシルク*の徒である不信仰に陥った者*たちは（復活の日*）、地獄の業火の中にある。彼らはそこに永遠に留まるのだ。それらの者たちこそは、最悪の創造物。,
6137,本当に、信仰し、正しい行い*を行う者たち、それらの者たちこそは、最善の創造物。,
6138,（復活の日*における）彼らの報いは、その下から河川が流れる、彼らの主*の御許での永久の楽園。彼らはそこで、ずっと永遠に留まる。アッラー*は彼らをお喜びになり、彼らもアッラー*に満足する。それが、自分の主*を恐れた者[1]のためのものなのだ。 <sup foot_note=>1</sup>,
6139,大地が激しく震動させられる時、,
6140,また、大地がその重荷[1]を吐き出し、 <sup foot_note=>1</sup>,
6141,（戦慄に襲われた）人間が「それ（大地）に、何が起こったのか？」と言う時、[1] <sup foot_note=>1</sup>,
6142,それ（（大地）は（復活の）その日、自らの消息[1]を話す、 <sup foot_note=>1</sup>,
6143,あなたの主*が、（そうするよう、）自分にご命じになったのだ、ということを。[1] <sup foot_note=>1</sup>,
6144,その日、人々は自分たちの行いを見るべく、三々五々に出て行く[1]。 <sup foot_note=>1</sup>,
6145,それで、僅かな重みでも善いことを行う者は誰でも、（来世で）それ（に対する褒美）を見出すのであり、,
6146,僅かな重みでも悪いことを行う者は誰でも、（来世で）それ（に対する応報）を見出すのだ。[1] <sup foot_note=>1</sup>,
6147,鼻息を荒げて疾駆するもの[1]にかけて、[2] <sup foot_note=>1</sup>,
6148,また、（蹄で石を）打ち付けつつ、火花を散らすものにかけて、,
6149,また、朝に（敵陣へと）進撃するものにかけて（誓う）、,
6150,それらは、それ[1]によって埃を巻き上げ、 <sup foot_note=>1</sup>,
6151,それ[1]と共に、（敵の）集団の只中へと進み込む[2]、 <sup foot_note=>1</sup>,
6152,本当に人間は、自分の主*に対してまさしく恩知らずであり、,
6153,本当にかれ[1]は、そのことにおける確かな証言者である。 <sup foot_note=>1</sup>,
6154,また、本当に彼（人間）は、善きもの[1]への愛情において、ことさら激しい者である。 <sup foot_note=>1</sup>,
6155,一体、彼は（何が自分を待ち受けているか、）知らないのか？墓の中にあるもの（死んだ人々）が、ひっくり返され（て、清算と報いのために蘇らされ）、,
6156,胸の内にある（善悪の）ことが明らかにされる時、,
6157,本当に彼らの主*は（復活の）その日、彼ら（の行い）をまさしく通暁されるお方であられる。[1] <sup foot_note=>1</sup>,
6158,衝撃[1]、 <sup foot_note=>1</sup>,
6159,衝撃とは何か？,
6160,衝撃とは何かを、何があなたに知らせるか？,
6161,（衝撃とは、）人々が散り散りになった蛾のようになり、[1] <sup foot_note=>1</sup>,
6162,また山々が、梳かれた羊毛のようになる日。[1] <sup foot_note=>1</sup>,
6163,自分の（善行の）秤が（悪行の秤より）重かった者はといえば、[1] <sup foot_note=>1</sup>,
6164,彼は（天国で）満足な生活の中にある。,
6165,また、自分の（善行の）秤が（悪行の秤より）軽かった者はといえば、,
6166,その落ち着く先は、墜落。[1] <sup foot_note=>1</sup>,
6167,それが何かを、何があなたに知らせるか？,
6168,（それは）酷熱の業火である。,
6169,増やし合い[1]が、あなた方を（アッラー*への服従[2]から）そっちのけにさせる、 <sup foot_note=>1</sup>,
6170,あなた方が（死んで）墓場を訪れるまで。,
6171,断じて（、そのようであるべきでは）ない！あなた方はやがて、（事の結末を）知るだろう。,
6172,更に、断じて（、そのようであるべきでは）ない！あなた方はやがて、（事の結末を）知るだろう。[1] <sup foot_note=>1</sup>,
6173,断じて（、そのようであるべきでは）ない！もし、あなた方が確固たる知識[1]で知るならば（、あなた方はそのようなことから身を慎み、自らを破滅から救うことへと急いだであろう）。 <sup foot_note=>1</sup>,
6174,あなた方は必ずや、火獄を見よう。,
6175,更に、あなた方は必ずや、揺るぎない目でそれを見よう。[1] <sup foot_note=>1</sup>,
6176,それから、あなた方は（復活の）その日、必ずや安寧について尋ねられよう。[1] <sup foot_note=>1</sup>,
6177,時間にかけて（誓う）。[1] <sup foot_note=>1</sup>,
6178,本当に人間は、まさしく損失の中にある。,
6179,信仰し、正しい行い*を行い、真理（の固守とアッラー*への服従）を勧め合い、忍耐*を勧め合う者たち以外は。,
6180,全ての中傷者、誹謗者[1]に、災いあれ。 <sup foot_note=>1</sup>,
6181,財産を集め、それを数える（ことに現を抜かす）者に。,
6182,彼は自分の財産が、自分を（現世で）永遠に生かしてくれると思っている。,
6183,断じて（、彼の主張は正しく）ない！彼は必ずや、粉砕するもの[1]の中に投げ込まれよう。 <sup foot_note=>1</sup>,
6184,（使徒*よ、）粉砕するものが何かを、何があなたに知らせるのか？,
6185,（それは、）点火され（激しく燃え上がっ）た業火。,
6186,（身体を突き抜け、）心臓にまで達するもの。[1] <sup foot_note=>1</sup>,
6187,本当にそれは、彼らを密閉している、,
6188,長く伸びた列柱[1]の中で。 <sup foot_note=>1</sup>,
6189,（使徒*よ、）一体あなたは、あなたの主*が、象の仲間たちにどのようになさったのか、知らなかったのか？[1] <sup foot_note=>1</sup>,
6190,かれは彼らの策略[1]を、無に帰させられたのではなかったか？ <sup foot_note=>1</sup>,
6191,そして、かれは彼らに、大群をなす鳥たちを遣わされたのだ。[1] <sup foot_note=>1</sup>,
6192,彼らに、泥土からなる石を落下させる（鳥たちを）。,
6193,それでかれは、彼らを食い散らかされた枯れ葉のようになさったのだ。,
6194,クライシュ族*の慣例に（、感嘆せよ）。[1] <sup foot_note=>1</sup>,
6195,冬と夏の旅における彼らの慣例に（、感嘆せよ）。[1] <sup foot_note=>1</sup>,
6196,ならば彼らに、この館（カァバ神殿*）の主*を崇拝*させるのだ。,
6197,空腹ゆえに食べ物を彼らにお授けになり、彼らを恐怖から安らげて下さった[1]お方を。 <sup foot_note=>1</sup>,
6198,言ってみよ、（復活と）報いを嘘とする者（について）。,
6199,それは孤児を（その権利から）押しやり、,
6200,貧者*たちに食べ物を施すことを勧めない者。,
6201,災いあれ、礼拝者たち（ではあっても）、,
6202,自分たちの礼拝を、おろそかにする者[1]たち。 <sup foot_note=>1</sup>,
6203,見せびらかしで（善行を）行い、,
6204,手助け[1]を妨げる者たちに。 <sup foot_note=>1</sup>,
6205,（預言者*よ、）本当にわれら*は、あなたに潤沢[1]を授けた。 <sup foot_note=>1</sup>,
6206,ならば、あなたの主*にのみ礼拝し、（かれの御名においてのみ）屠れ。[1] <sup foot_note=>1</sup>,
6207,実にあなた（と、あなたの携えて来た導き）を憎む者こそは、断ち切られた者[1]なのである。 <sup foot_note=>1</sup>,
6208,（使徒*よ、アッラー*とその使徒*を否定する者たちに、）言ってやれ。「不信仰者*たちよ、,
6209,私は、あなた方の崇拝*するもの[1]を崇拝*せず、 <sup foot_note=>1</sup>,
6210,あなた方は、私の崇拝*するもの（アッラー*）の崇拝*者ではない。,
6211,また、私はあなた方が崇拝*したものの崇拝*者ではなく、,
6212,あなた方は、私の崇拝*するものの崇拝*者ではない。[1] <sup foot_note=>1</sup>,
6213,あなた方にはあなた方の宗教[1]があり、私には我が宗教がある」。 <sup foot_note=>1</sup>,
6214,（使徒*よ、）アッラー*の援助と勝利が到来し、[1] <sup foot_note=>1</sup>,
6215,人々が、次々と集団でアッラー*の宗教（イスラーム*）に入るのを見たならば、,
6216,あなたの主*の称賛*と共に（かれを）称え*、かれにお赦しを乞え。本当にかれはもとより、よく悔悟をお受入れになる*お方なのだから。,
6217,アブー・ラハブ*の両手[1]は破滅せよ。そして彼は、（確かに）破滅したのだ。[2] <sup foot_note=>1</sup>,
6218,彼の財産も、彼が得たもの[1]も、（アッラー*の懲罰が下された時、）彼の役には立たなかった。 <sup foot_note=>1</sup>,
6219,彼は、（激しく燃え上がる）炎を有する業火に入って炙られることになろう。,
6220,そしてその妻、つまり薪の運搬人[1]も（そこに入って炙られよう）。[2] <sup foot_note=>1</sup>,
6221,彼女の首には、縒り合わされたものの紐が（かけられて）ある。[1] <sup foot_note=>1</sup>,
6222,使徒*よ、）言え。「かれはアッラー*、唯一なるお方、,
6223,アッラー*は、威光高き*お方、,
6224,お産みすることもなければ[1]、お産まれにもならなかった[2]のであり、[3] <sup foot_note=>1</sup>,
6225,誰一人、かれに匹敵するものもなかった」。,
6226,（使徒*よ、）言え。「私は黎明[1]の主*に、ご加護を乞う。 <sup foot_note=>1</sup>,
6227,かれが創造された物の悪から。,
6228,また、深まった闇（夜）の悪から。,
6229,また、繋ぎ目に息を吹き込む女たちの悪から。[1] <sup foot_note=>1</sup>,
6230,また、嫉妬[1]した妬み屋の悪から」。 <sup foot_note=>1</sup>,
6231,（使徒*よ、）言え。「私は人々の主*に、ご加護を乞う、,
6232,人々の王、,
6233,（真に崇拝*されるべき唯一の存在である、）人々の神[1]に、 <sup foot_note=>1</sup>,
6234,頻りに身を潜ませて囁きかける者[1]（シャイターン*）の悪から。 <sup foot_note=>1</sup>,
6235,（それは、）人々の胸に（悪を）囁きかける、,
6236,ジン*と人々である」。[1] <sup foot_note=>1</sup>,
